Car -1 -1 0 695.696590649669 178.3064068366303 806.3167545355998 258.20547631806045 1.5591676 1.6554197 3.9756286 3.0556588 1.6979222 16.357851 1.5506482 101.08370502716143 
Car -1 -1 0 158.98258446903756 196.91133931257076 345.24560589857333 300.85003931567354 1.472759 1.5257221 3.4587338 -6.10917 1.9570124 12.777989 1.5930896 91.23100435187436 
Car -1 -1 0 305.90534028170845 191.85800656249515 427.6720791913371 259.8863570390204 1.4371306 1.6339705 4.0086184 -6.0282583 1.9755944 18.411396 1.6073421 103.52196070254183 
Car -1 -1 0 409.6254433790662 179.93739138238678 480.77439141929835 229.08143701161148 1.6362808 1.6862845 4.1918154 -5.984478 1.9192379 26.725777 1.5692788 66.46802473454758 
Car -1 -1 0 451.0768682278286 182.28202910650649 503.3591132270256 218.98223066608483 1.5366197 1.6234231 4.0624614 -6.034429 1.9983959 33.29959 1.5826154 7.510903118787923 
Car -1 -1 0 523.8888120707926 180.8048719633324 545.3481709681106 199.99749651242234 1.4713638 1.5947595 3.5455225 -6.06375 2.137624 58.64294 1.5071638 3.490631410731254 
Car -1 -1 0 560.1674382847084 180.83096375691446 582.0628403560763 199.47587343531876 1.4562391 1.6885145 4.3218336 -3.1848989 2.148018 60.39571 1.5505542 2.0641629557852075 
Car -1 -1 0 635.2387267555778 176.2860758029657 652.6647277435254 193.1645863295066 1.4689088 1.5335846 3.5954072 3.1063182 1.7885311 65.366684 1.613415 1.8572081169331658 
Car -1 -1 0 1062.7087081012764 150.28706777126385 1137.6343090676678 172.02621804448376 1.4848315 1.6229508 4.06384 34.133194 -0.05872348 50.26931 0.052448243 0.5378571057483501 

