Car -1 -1 0 362.59205819742533 191.37604563379548 447.3772332827575 246.51778857118407 1.4807484 1.5516431 3.514631 -6.233572 2.0999753 22.345829 1.5963209 75.20592630413944 
Car -1 -1 0 660.6917958133649 175.41817711375288 721.8842708257245 223.09007234594108 1.5735607 1.6494955 3.8819158 2.863191 1.672924 25.994076 1.5393028 69.30524307949378 
Car -1 -1 0 0.0 205.1214595164186 98.16872507898289 246.49819508568848 1.4361696 1.601666 3.9120202 -23.485983 2.8701098 30.092403 1.5501038 18.571143516077747 
Car -1 -1 0 413.89336449971836 189.84431888284104 481.79268067264286 232.90429114578617 1.449964 1.584034 3.903874 -6.1520777 2.152552 27.850662 1.6171639 47.242694333119566 
Car -1 -1 0 462.6457920773658 183.27294706094793 507.0587190538023 217.4818213553675 1.560224 1.610274 4.0987444 -6.1990604 2.1133065 36.235023 1.5478414 25.634783853745528 
Car -1 -1 0 39.315161236895875 200.9305331943304 142.95909654584 246.33642737305078 1.5791066 1.6234998 3.512918 -20.73993 2.7778008 29.040474 1.5810956 31.403155272743454 
Car -1 -1 0 510.87759670674654 181.2123268111417 537.9308714846766 203.7370773553581 1.51809 1.603842 4.262737 -6.2376604 2.1528454 52.546875 1.3691329 4.534297159015983 
Car -1 -1 0 629.3128196625738 175.24120553774014 646.2223599784223 189.806785423074 1.4618219 1.6353661 4.0168743 2.9120111 1.7169241 75.090164 1.5790368 2.237070236062823 
Car -1 -1 0 108.90390009233343 201.76586638596075 205.00062815325626 243.51292035797366 1.4125938 1.6277922 3.91528 -18.182508 2.6629786 29.199171 1.5063294 3.26031965214984 
Car -1 -1 0 532.4666990596979 181.7666767718037 555.1679673374267 198.38692528318282 1.4795558 1.5897574 4.027324 -6.2089434 2.350854 68.48509 1.6224909 1.9991446757990015 
Car -1 -1 0 562.9385523305721 177.69491657685964 592.5066475671451 191.99546819949947 1.4673846 1.609159 4.0507593 -3.396077 2.0032485 77.691475 1.9664929 0.3138308525085449 
Car -1 -1 0 843.8553554810117 164.11135787977062 894.2226708455188 186.1479491300708 1.4901614 1.58398 3.990135 18.237822 0.898965 50.891983 1.4013356 0.273398756980896 

