Car -1 -1 0 264.64378828084 192.65086640571272 456.13145881648444 306.7998133642998 1.4257333 1.7580097 4.312486 -3.8349366 1.8129971 11.940432 1.5498269 137.4515930141315 
Car -1 -1 0 417.7118812218691 186.51502384588755 499.9565330142929 245.93376817273463 1.4394361 1.531405 3.4544387 -4.0820923 1.8511342 20.010777 1.579731 64.77164102687165 
Car -1 -1 0 37.17422829101751 205.95586609325835 290.8395826236801 322.693046996068 1.3662826 1.6154016 3.961084 -6.7833943 1.9869926 11.549063 1.5704005 131.02366082403458 
Car -1 -1 0 640.7585520844353 177.31864433091627 679.775382204232 212.40742558598646 1.4891046 1.6095473 3.6885383 2.2658207 1.7045661 32.957977 1.5948625 51.84507490824904 
Car -1 -1 0 763.3142681873849 164.4368960597545 901.1225223733948 208.942662867858 1.5625379 1.8063741 4.4591017 8.012861 1.2670245 26.250128 0.0066098035 12.692291676371955 
Car -1 -1 0 721.5432948675981 169.27709090434095 813.9690834195105 201.24937940302155 1.523528 1.6468217 4.171644 7.6731906 1.3530827 35.251366 0.021953713 7.224096784529111 
Car -1 -1 0 743.9867207489659 158.46757947515547 856.6261656716338 203.28842253993002 1.7562063 1.6308625 4.1055574 7.642753 1.1925058 29.136333 -0.02400228 5.946354778056206 
Car -1 -1 0 488.5451658387045 182.06044407475895 512.9825613431348 206.47445025397934 1.5152209 1.5525428 3.999153 -7.2682786 2.1598573 48.43774 1.4386132 2.1210799043424124 
Car -1 -1 0 925.5985536277555 153.43263671972815 980.8281123744534 179.60694567331623 1.4895133 1.5456809 3.7483037 20.38215 0.38429272 42.945946 1.5851766 3.2654294395563648 

