Car -1 -1 0 742.0760005017755 173.69414838010417 1020.5658576192864 351.663163280517 1.5260149 1.5755177 3.29993 2.6795397 1.5372331 7.918787 1.4782827 101.79552985143303 
Car -1 -1 0 581.1078607530817 175.81427498232054 637.6150517239068 219.1981829391027 1.4909365 1.5601307 3.512893 -0.07030445 1.6089693 26.909796 1.4081696 85.09326917915213 
Car -1 -1 0 154.16686462354235 192.72232170762786 345.1894763261628 315.6524073034903 1.4065202 1.5853456 3.8460007 -5.190845 1.7639714 10.947132 1.3902904 34.93123998497158 
Car -1 -1 0 266.31353728088595 185.98881568112336 390.3002437668804 266.9737310413821 1.473041 1.6528077 4.1887283 -6.0580697 1.8046112 16.024338 1.4294779 65.17128392892471 
Car -1 -1 0 555.6573502142409 174.3079045516142 594.6780148475568 204.69450740364525 1.476546 1.5903547 3.7318168 -1.8203492 1.5555146 37.2199 1.4074583 25.343154286324328 
Car -1 -1 0 405.8496673982036 181.3506235950973 453.3258994567554 217.95771202620222 1.4851534 1.5745873 3.8082185 -7.9600096 1.8873665 32.17447 1.4561124 24.699706390124028 
Car -1 -1 0 646.9232524294968 167.09689114643803 773.4997828737713 256.65579132768164 1.6088151 1.6121713 3.7271316 1.930152 1.5053957 14.922352 1.4251618 96.8859066440267 
Car -1 -1 0 423.6896548195411 176.44432050045663 459.06122178695057 205.7326233961538 1.5637234 1.552238 3.74515 -9.497967 1.7772124 40.9531 1.4521371 2.856274211470482 
Car -1 -1 0 540.5465658677599 175.13752191380112 568.0823022402645 198.21270814511522 1.6077478 1.6006948 3.7280946 -4.0628996 1.7806263 52.64507 1.3835514 3.1354094484575548 

