Car -1 -1 0 110.79233442952737 174.35816765926427 325.37312994180036 244.14899013216512 1.5251398 1.6861936 4.109878 -9.037129 1.5629324 16.973219 -0.1578447 92.62418335611326 
Car -1 -1 0 667.9301936464127 166.69302140371303 849.4369494245096 234.67650442535268 1.4695289 1.6741385 3.7694695 3.3858855 1.3363533 16.71127 -0.15300018 149.2620747592546 
Car -1 -1 0 620.397501921935 165.70817551168562 725.6813372202454 207.53009427356147 1.5294933 1.634583 3.7247167 2.3718204 1.2681592 27.435032 -0.12738389 52.98902873088868 
Car -1 -1 0 0.0 182.77261898130482 246.1494228031721 292.6770679021143 1.513792 1.6299562 3.8282642 -7.952775 1.6817727 11.173505 -0.12451184 44.76399738386019 
Car -1 -1 0 179.8473081151321 177.7190265600697 355.837936714483 234.6242549131587 1.4538894 1.6059515 4.0076866 -9.153197 1.5924854 19.578583 -0.088413514 25.459225711508108 
Car -1 -1 0 288.2798896649509 169.9687621965553 404.3902118222077 211.34967787320983 1.5134375 1.614898 3.872232 -9.916844 1.4079146 27.408403 -0.112322286 31.98645079645688 
Car -1 -1 0 427.4164342304194 167.1585655824639 457.668840616804 185.0559038596936 1.5552716 1.748158 3.894329 -15.034969 1.0603403 64.83272 1.0960262 6.233129950408582 
Car -1 -1 0 604.8545519044928 167.384309753475 706.3428264564922 205.39123135398285 1.505424 1.5953534 3.9096365 1.860116 1.2887738 29.677723 -0.15958944 7.02983866962424 
Car -1 -1 0 217.74782567203277 175.31010682435246 372.5760259946359 224.919825428242 1.4766383 1.5944757 4.1075773 -9.664386 1.5555634 22.371695 0.008375142 7.060425585469854 

