Car -1 -1 0 711.6416750259265 175.07712984792278 839.2188180961389 273.3931451529012 1.5998783 1.5949533 3.6654806 2.97833 1.6476369 13.662547 1.5774127 98.27918738874206 
Car -1 -1 0 676.2798975704413 177.69257184653424 746.1050885363566 233.2201890848243 1.5351012 1.5943924 3.788775 3.0322604 1.6965466 22.176682 1.5657291 62.999170143349325 
Car -1 -1 0 299.9513603835694 193.77926978306112 445.4531114472218 289.95172208966954 1.5077729 1.6833286 3.9904344 -4.4629903 1.9787982 14.217385 1.5346345 120.7709006588151 
Car -1 -1 0 758.1419088032271 175.67257740589957 1092.0941848604093 375.0 1.508371 1.6511016 4.179848 2.7910357 1.5458026 7.4892964 1.5744978 102.70441990182296 
Car -1 -1 0 399.203121861749 181.1914130204823 487.6247873027649 255.1359676345143 1.7865261 1.5673499 3.6661758 -4.419097 2.0351005 19.679073 1.5708115 90.61442633806047 
Car -1 -1 0 450.0694634970597 181.9329507881008 517.6505861969952 235.73555407115973 1.6711899 1.5954075 4.020447 -4.282013 2.0126708 25.116627 1.5860125 38.81143992316073 
Car -1 -1 0 665.3511478972971 177.05679984268022 722.7311385023455 220.18545936719693 1.5552664 1.6602178 3.9487967 3.2495942 1.7324402 28.41361 1.533909 11.626427412880902 
Car -1 -1 0 528.0890284827994 182.86093543545107 552.9914589628451 201.86193385932785 1.4722955 1.6379452 4.1063867 -5.807293 2.3398552 60.377728 1.3665813 2.0543042141804917 
Car -1 -1 0 586.5107375401562 180.31509139548015 608.802590426607 195.3138636770715 1.5049728 1.5866919 3.6467335 -1.2832417 2.314311 76.308624 1.3302631 0.5954008713318442 

