Car -1 -1 0 0.0 183.02943852603343 351.5045378916531 307.7308566139678 1.4882455 1.6046376 4.067731 -5.7536235 1.6354953 9.595351 0.021619666 64.91455596056535 
Car -1 -1 0 727.6389781537947 177.33847916782904 819.6659903203162 217.05671505658685 1.4111739 1.5143099 3.4908226 6.28468 1.5966663 27.954063 1.0515267 80.5050181117111 
Car -1 -1 0 625.7493601667228 175.03359468434186 665.2616023533222 203.88901443711396 1.5290895 1.5871842 3.442513 1.9652412 1.6563807 40.32414 1.4316478 44.146433151015515 
Car -1 -1 0 262.6757574601392 175.39507736752762 418.30837356245024 234.71134263731705 1.5015864 1.6438549 3.5200486 -7.0625763 1.5720515 19.172913 0.007809221 45.052663783315644 
Car -1 -1 0 49.97546061943696 181.94924029790153 343.08685602132044 276.9399215753839 1.45989 1.5742308 3.9849908 -6.726097 1.6214964 12.030448 -0.0014553812 25.127111905879037 
Car -1 -1 0 297.9206030046132 176.73594150849297 442.76347453268306 231.4588604555038 1.5198536 1.5927316 3.7106686 -6.8852053 1.6376629 21.030016 -0.0385381 10.481603349870875 
Car -1 -1 0 613.9510781053323 174.00417550328365 637.6516538353743 196.6209404877383 1.492465 1.5710315 3.9879138 1.130488 1.575113 49.833157 1.597854 2.3189542612159673 
Car -1 -1 0 413.6655660978301 175.30531139855577 509.1162089978773 206.01592179853253 1.4827752 1.7355322 4.3801084 -7.3104057 1.6076715 35.87137 0.010914598 8.08513529713678 
Car -1 -1 0 512.5938336539488 175.58221019963568 535.0438376135988 196.00232567547408 1.4686346 1.6235542 4.0047264 -6.481774 1.6827232 54.53576 1.4511397 0.6406184548551659 
Car -1 -1 0 649.222745915649 165.28314708845343 691.5115114426849 179.9475372270466 1.4444942 1.6216522 4.1635485 6.0821776 0.6987381 72.08867 0.10002399 2.0647529293029367 
Car -1 -1 0 460.85824860420576 174.7246025474424 522.0015289982972 200.6011109731812 1.4720826 1.618829 4.1529074 -7.1510267 1.5900458 43.42454 0.82794595 0.37008472330357034 

