Car -1 -1 0 789.6662631469881 189.16343477182565 1070.6791074027733 367.72094026460337 1.4371719 1.5625833 3.548241 3.1721191 1.6566749 7.9225636 1.589417 72.42256487674317 
Car -1 -1 0 676.3742944325671 181.34229159347194 735.5248131869067 224.69227107605735 1.4446309 1.5963768 3.5112956 3.4725153 1.7776196 26.524033 1.537407 64.33107037496214 
Car -1 -1 0 22.36045517971133 185.76551246946835 359.3091839587625 283.7392523590995 1.4003272 1.6508071 4.368167 -6.446079 1.622256 11.479122 -0.04508167 135.3301628166904 
Car -1 -1 0 729.0367561053447 176.49488322824644 872.3918400808709 280.1178074331627 1.5787818 1.6271491 3.8585725 3.270026 1.654535 13.071093 1.5860032 103.29908927576861 
Car -1 -1 0 229.2907663541539 179.50263268718865 429.9975800155144 249.18506224812015 1.5295475 1.7028404 4.075022 -6.453317 1.6948123 16.977936 -0.05257381 66.33787601530206 
Car -1 -1 0 333.5910661683886 176.26189369189416 480.1947624507058 230.3247347730483 1.5420198 1.6558268 3.9204397 -5.9642725 1.6478126 21.54356 -0.01410665 21.417631941568754 
Car -1 -1 0 298.61496264516114 180.91419890767082 474.4865547227466 240.16421275287786 1.4659214 1.620787 4.1610336 -5.767562 1.688734 19.02421 -0.054083973 23.89059219179185 
Car -1 -1 0 725.2999529969638 180.11502131169416 818.6177811015533 212.63283967933108 1.4640776 1.577532 3.9836297 7.5582094 1.8129658 33.77721 -0.052554045 15.42839223918879 
Car -1 -1 0 400.8819498456233 174.17753683738053 516.4245844636113 221.63979260708246 1.68205 1.6440986 3.8878212 -5.466261 1.7320868 26.447746 0.0042627384 15.50619889811721 
Car -1 -1 0 372.757914318371 181.99111468072832 504.5755190604872 229.16367185740359 1.4849602 1.624018 3.966888 -5.6011114 1.7992117 23.9352 0.03481651 3.7889079666055885 
Car -1 -1 0 511.93740526717977 173.1421509570229 569.5012112029407 196.86065516550045 1.7766501 1.7060363 4.308855 -5.239569 1.7990656 55.101036 -0.08304371 4.8999825170067615 
Car -1 -1 0 477.2714055127661 174.22616164194528 523.9583819402274 210.83933372389342 1.5417509 1.6296093 3.6948135 -4.830345 1.6069033 32.391624 1.5444554 2.641771827191148 
Car -1 -1 0 493.77570275187384 174.7877393042861 559.3924523376458 198.5951158358369 1.6177915 1.7170086 4.313328 -5.730836 1.7547073 50.136517 0.043317743 1.491692762526847 
Car -1 -1 0 716.0683803942949 177.25312959181187 801.6470576074269 209.61679592799348 1.583385 1.672774 4.0052943 7.4877186 1.8110671 36.4448 0.031610407 0.3095388114452362 

