Car -1 -1 0 752.8146371027678 192.10275953748032 991.8291728638361 350.5714555350353 1.4130679 1.5548886 3.5244684 2.852201 1.6904778 8.631035 1.5637763 62.93219089724378 
Car -1 -1 0 634.8334588968963 180.12844596636285 669.6498545216189 206.43609247142413 1.4300059 1.6700639 4.397306 2.471884 1.882638 42.67283 1.5405978 26.64491602482935 
Car -1 -1 0 43.72748685346552 186.42292690785578 370.7971874002405 294.1688925403987 1.4860096 1.6047364 4.1572895 -6.0090466 1.7108891 11.066948 0.043102153 78.64122049756068 
Car -1 -1 0 201.49622747076745 184.82822946516933 420.13471515225666 254.9916075445912 1.4402117 1.6268262 4.1647696 -6.4813147 1.7195922 15.970275 -0.024662998 33.140133601442145 
Car -1 -1 0 0.0 180.29889379650106 283.85689500696077 322.9246371418576 1.5439279 1.5862439 3.7415936 -6.161983 1.6423055 8.715331 0.01395288 54.34461500208283 
Car -1 -1 0 826.904016308859 175.56299293995593 1073.2305187087454 267.2388369461215 1.627043 1.6200149 3.926933 6.3395157 1.6820805 13.75905 0.046373412 63.029833808771016 
Car -1 -1 0 332.00683309881737 178.64641784010735 465.3535925997854 230.687332218388 1.572999 1.6341608 3.812342 -6.6246176 1.7649562 22.965607 -0.06855402 35.06832975420343 
Car -1 -1 0 707.7980982981687 182.05978333877115 826.825605178921 223.07138549656145 1.455756 1.5729318 4.073605 5.8731728 1.8140233 27.07248 -0.1114268 28.835358039428495 
Car -1 -1 0 263.96968819094604 179.99990914247144 440.5875675883616 243.0171796734672 1.5244069 1.6294298 3.952371 -6.520177 1.7167987 18.540638 0.036136135 13.858139397011284 
Car -1 -1 0 725.5287784159037 185.62088931207364 860.6071635017352 231.10976171892793 1.422929 1.6003201 4.078948 6.0863132 1.8680044 24.145279 -0.10461508 23.334525428060907 
Car -1 -1 0 108.5073003113906 179.82461123432745 360.7235290931903 266.610330073028 1.5330105 1.6193634 3.951264 -6.981041 1.6733397 13.701756 0.007222134 29.849555378647125 
Car -1 -1 0 455.381708335975 178.99075040597933 536.2465616392324 207.59032545069607 1.5175345 1.6433655 4.159742 -6.1778426 1.8603761 39.476803 0.0056139072 7.8081411430656935 
Car -1 -1 0 445.40859068385 178.52861744778315 527.0794007274721 209.3092608890108 1.5263989 1.6497922 3.8928146 -6.2639823 1.8233311 36.92181 0.0045155482 16.26582107674223 
Car -1 -1 0 764.0991098666173 181.62354443418198 933.1218479031673 240.49480756506796 1.4748654 1.6229101 3.9434679 6.2427363 1.7172285 19.129547 -3.9803075e-05 18.28843448581107 
Car -1 -1 0 707.0995603416496 175.05305264766255 812.9129580020026 218.564325489932 1.6932988 1.6390817 3.8770454 6.0415907 1.7853533 29.19307 -0.101234935 7.415560050367201 
Car -1 -1 0 790.3660854315796 180.359037016777 989.7267587341942 250.6779304963752 1.479765 1.5858349 3.8606212 6.1973557 1.6570985 16.206287 -0.02590131 5.453120022835249 
Car -1 -1 0 353.84288095089136 169.7969792230885 482.11160302930625 222.18473145813033 1.7962351 1.6758792 4.1000686 -6.723683 1.6914179 25.59681 0.009424241 3.8574278423217967 
Car -1 -1 0 671.9766835655838 177.42603731132493 707.3513810716615 198.99891627177686 1.4694033 1.60589 3.9674501 5.7390075 1.8127093 52.102753 1.4309845 0.260884553194046 

