Car -1 -1 0 702.0279321482265 189.3876091121396 816.9932536996719 270.3777996957553 1.4164548 1.5844047 3.4442272 2.9989824 1.8020535 15.080213 1.5374426 89.60508838346695 
Car -1 -1 0 280.29124520387757 178.46226109418495 445.94364411280714 242.9781276532051 1.6453421 1.660266 4.004976 -6.586499 1.8061734 19.638237 -0.11463115 38.3956722402383 
Car -1 -1 0 0.0 179.13305576784944 316.921152811293 303.05688413206525 1.5589397 1.6855786 3.9636388 -6.3868165 1.6535738 10.019046 -0.0064388993 59.50382788651741 
Car -1 -1 0 209.86269655011404 175.9264497213096 427.213489676502 261.91261983221636 1.658951 1.6091887 3.8252516 -5.856527 1.7258036 14.840961 -0.028513126 76.60756892371161 
Car -1 -1 0 441.41881838095577 177.28855054006763 526.4926936515571 209.67628945261924 1.6791269 1.7340302 4.2400074 -6.6532717 1.9211735 38.514328 -0.0007814382 33.18994917556833 
Car -1 -1 0 119.13106851304765 183.7780529721149 392.79156088303597 280.3585370977001 1.5253404 1.6125207 3.9328432 -5.947876 1.7263942 12.433355 0.02046056 51.628118785688955 
Car -1 -1 0 780.3426198951777 189.06928274667845 916.0885912541634 238.08330278372333 1.4227844 1.6326689 3.6811361 7.3200893 1.9450014 22.37602 0.024552073 48.86261717024555 
Car -1 -1 0 695.6144447380066 179.743337410868 800.5090309165636 216.42478929953438 1.6037507 1.6912447 4.421505 6.237125 1.9254733 32.790462 -0.026718022 25.988172527966423 
Car -1 -1 0 732.9360760914319 180.65404696881475 853.397474237832 228.58772894571567 1.5799243 1.6118224 3.8255339 6.2907534 1.8606845 25.030125 0.07199021 10.759148856081957 
Car -1 -1 0 461.05083243750124 174.0475545733487 539.4510725118305 204.1865169334587 1.7710708 1.7683573 4.5889454 -6.5428276 1.8449726 43.58132 -0.09350572 11.202922448114187 

