Car -1 -1 0 645.5667149525872 178.1324905107703 737.3624075300803 244.26191908810583 1.5205547 1.5467927 3.2606611 2.015974 1.6692486 18.596207 1.4173821 94.89668385841645 
Car -1 -1 0 368.38607011526966 184.86188009754662 432.7424124109829 243.1352395610542 1.474804 1.6184049 3.834373 -6.0369234 1.8610537 21.157814 1.3400891 64.45293951763963 
Car -1 -1 0 558.4910143985962 179.75585022271846 599.1762282018649 210.73282608597424 1.4887171 1.5704275 3.4922047 -1.6354275 1.864116 37.376987 1.368576 50.254656005594356 
Car -1 -1 0 736.4562635597497 179.26321000849654 965.6246658209278 324.1833056641332 1.4928811 1.6044098 3.847239 2.9012675 1.5952216 9.563672 1.5259359 108.25428476839366 
Car -1 -1 0 602.1272947758843 174.70149449378115 672.4028199636094 223.1165120607449 1.5661364 1.6278057 3.7749958 0.89736456 1.6365999 25.506784 1.3679628 75.95092374083374 
Car -1 -1 0 535.7989338577684 179.8027557773012 564.5227786127602 203.88892143564772 1.4854945 1.5689229 3.769828 -3.9560542 1.9634403 47.638466 1.4017961 12.336421800638423 
Car -1 -1 0 422.8818391664214 183.25668380975938 452.20240141413825 211.01698836587417 1.4880469 1.5976107 3.8410375 -10.099301 2.12722 42.27616 1.3243667 2.903209025915129 
Car -1 -1 0 520.1162031149214 178.5503481772534 541.8409441272478 196.21689784703742 1.4598855 1.5470592 3.58465 -6.86007 1.9705195 62.768875 1.3677015 3.0263990038968194 
Car -1 -1 0 385.53209501259187 187.93505391699622 440.7401969992995 232.62090108440424 1.4212285 1.6190503 3.8018084 -7.0887394 2.0135145 26.322773 1.3920317 0.8684367646741192 

