Car -1 -1 0 387.50940556773196 185.49443288593102 468.1004748178801 238.29869158324516 1.4729555 1.5648768 3.701048 -5.6618514 1.9065098 22.883799 1.5887012 59.98435087588545 
Car -1 -1 0 301.8924342696495 188.27707348701745 434.1023247526447 261.8838479568884 1.4835765 1.6408954 3.958951 -5.657915 1.8994555 17.425056 1.6393378 64.07211559516519 
Car -1 -1 0 464.7833299554549 182.6959722542664 510.82256059205713 216.04012436151427 1.4128542 1.5702175 3.939333 -5.6288166 1.9000726 33.732414 1.5484673 18.337359526620077 
Car -1 -1 0 429.2504677740595 184.57467214150162 490.9683498209325 225.67811724743805 1.4110299 1.5441228 3.6339176 -5.649455 1.8898978 27.64712 1.5914751 25.236675924122725 
Car -1 -1 0 728.7764666965014 166.99159544943683 771.6075025448241 195.91829077181552 1.4539748 1.6062398 3.9692938 7.4004307 1.159306 38.274727 1.6000242 14.136152154657736 
Car -1 -1 0 783.404151150229 154.8682103557276 897.8770895938214 194.5001142283869 1.5710762 1.7021747 4.130678 9.405546 0.8580887 29.553852 -0.04882253 27.583011834447912 
Car -1 -1 0 1125.2438983849875 136.38903278413346 1242.0 176.54847451471824 1.5371385 1.6885376 4.079556 23.02429 0.14140916 28.56644 -0.05189582 29.368504102154667 
Car -1 -1 0 496.4775150881269 179.07009268995796 533.6782760902039 207.29687790655203 1.4978406 1.6098951 4.046026 -5.343552 1.8702939 41.20664 1.5668415 6.99915013661543 
Car -1 -1 0 760.7110942366667 160.63464001429753 856.0938567430773 192.94289715299414 1.4949069 1.6127106 4.0915384 9.469494 0.9295155 34.48156 -0.14627531 6.2140688023336095 
Car -1 -1 0 1032.9472342348968 142.8176768555989 1129.5920018328873 172.603803798811 1.4832356 1.5815637 3.9371326 24.015923 -0.013063431 36.808613 -0.03762135 1.1280520770886449 
Car -1 -1 0 1057.3505978764367 140.61868110607244 1171.9889267559765 171.56245969799906 1.4226383 1.6461728 4.3734455 23.887241 -0.06291866 34.201103 -0.058352597 0.9254780136675033 
Car -1 -1 0 664.3777283616597 169.9160241684048 704.7004219708957 206.32986408933056 1.6882591 1.6087117 4.1092963 3.6331685 1.5520452 35.51756 1.5836554 1.310400399930444 

