Car -1 -1 0 663.1661696759708 176.23968398602395 731.777551006666 227.30008856286202 1.420082 1.6194365 4.302519 2.63966 1.5357785 22.504635 1.5716927 76.07960875162404 
Car -1 -1 0 188.54739849298642 175.81404316349858 430.29339355519505 253.86169099073575 1.4714316 1.6497978 4.1711903 -5.8932643 1.5343143 14.497213 0.0029431337 97.44466254994128 
Car -1 -1 0 0.0 174.9342000169288 305.56825263922934 306.5697593822452 1.4806334 1.6138823 4.120298 -6.175065 1.5088298 8.960982 0.0059826914 40.46023333271817 
Car -1 -1 0 357.94256949134365 173.25153236253485 498.3546691770062 219.28206387733547 1.4518814 1.6197451 4.2588387 -5.873114 1.46548 23.728598 -0.06843863 46.978620297760955 
Car -1 -1 0 268.1510859207303 175.02187936988085 443.3925538502529 232.49160176279867 1.441897 1.5663085 4.094253 -6.6457186 1.5021275 19.110209 0.076042786 19.257317165466752 
Car -1 -1 0 733.3510982023352 171.71341945176587 830.3204763063246 213.78552663961113 1.5481687 1.6683298 3.331497 6.494461 1.5061975 27.454775 0.042167187 35.26625430892419 
Car -1 -1 0 444.41692280570743 171.35176201624802 533.3799527928309 201.05590157147063 1.4614872 1.6274673 4.26514 -6.0330334 1.3875747 36.41321 -0.046746783 15.265428719784165 
Car -1 -1 0 283.17836379901485 167.5628320168939 432.1968094765308 223.6442976428964 1.5959569 1.6405452 3.8901846 -7.399597 1.4453816 21.476696 -0.06416025 13.70991530239926 
Car -1 -1 0 716.7647256840703 171.80922536832426 813.186530281524 206.64597733027415 1.4833996 1.594427 3.8368826 6.802909 1.4389114 31.75441 -0.1250601 6.164927229164473 
Car -1 -1 0 664.6401549846538 168.7668206906321 721.8553898272062 192.09736286578158 1.6285982 1.6978598 3.8710632 5.9074173 1.3432907 51.225403 0.004774719 4.400603874371247 
Car -1 -1 0 195.5119872615748 175.94140092767418 394.3951283568168 243.4999879599904 1.4869661 1.59151 3.9405696 -7.215234 1.5626166 16.819752 -0.03287097 3.486752139047956 
Car -1 -1 0 628.5945223293334 169.33931329612136 648.2573819432001 186.6822004386667 1.5353276 1.631758 4.0824847 2.6093633 1.2241797 65.91764 1.5704834 0.3254077136516571 
Car -1 -1 0 540.302987765785 172.0578160446633 562.526785609103 190.03932970678733 1.4567946 1.5687292 3.936071 -4.905175 1.3922905 60.521854 1.415691 0.5373367806293169 

