Car -1 -1 0 373.8970055944029 190.5719470456082 467.61775878553084 244.5624562439212 1.4464285 1.7208352 4.220974 -5.8520217 2.0608697 22.879456 1.6102413 94.57480048117259 
Car -1 -1 0 699.1536940959259 178.82942482862748 802.6132176374069 247.5763196725129 1.407079 1.6213593 4.063371 3.2168617 1.5661259 17.163986 1.5590398 74.55419672632803 
Car -1 -1 0 0.0 206.69672821959068 272.82741981243913 361.1983269396315 1.4486512 1.50912 3.530716 -5.918029 1.9680834 9.307045 1.5680606 119.1775639664194 
Car -1 -1 0 237.62631895192004 195.14953637238585 392.35207064869905 282.1033829740252 1.4600924 1.6446209 4.1875167 -6.023185 1.9982967 15.307678 1.550618 99.3109867166729 
Car -1 -1 0 678.7195940466283 175.85708461148982 750.0601860130927 229.73300340602196 1.5287544 1.647343 4.205107 3.2102695 1.6324508 22.811575 1.5715135 44.14438935225248 
Car -1 -1 0 840.5330987545424 159.5822998264458 1034.9041669799346 217.62936271854016 1.4503757 1.6497761 4.3358016 8.473616 1.1187662 18.870502 -0.00791214 52.69635017250545 
Car -1 -1 0 913.4049758001795 151.90940804310085 1107.9123918898101 223.206984191626 1.5050161 1.5591935 3.487936 8.844596 1.0628979 16.081928 -0.041356213 62.47085622847374 
Car -1 -1 0 661.0987496762594 178.55491624406764 710.7827319873345 214.97266472454962 1.5148563 1.5676903 3.8070693 3.3860939 1.7877786 32.584526 1.4941506 25.68611835934721 
Car -1 -1 0 993.2102713139449 136.59389475915705 1242.0 228.51498309805052 1.6278474 1.6286575 3.6296651 9.478346 0.9857105 13.597704 0.00304988 45.894798419642754 
Car -1 -1 0 473.9244602027492 185.6251559068778 520.876551821306 216.7030270691112 1.4682053 1.5807359 3.9868114 -5.814829 2.1736665 37.812275 1.641857 9.686331634523642 
Car -1 -1 0 428.90732800618724 186.8113275871436 488.7711935391161 229.6022401053195 1.5300333 1.5651066 3.5799828 -5.939645 2.1218438 28.786436 1.594173 17.210783066385 
Car -1 -1 0 517.6127461699315 179.78891706218783 543.2750123403601 201.66710909214032 1.5077572 1.5694165 3.8172612 -5.763894 2.0345612 52.880196 1.541607 2.170078830744778 
Car -1 -1 0 643.8599234720336 175.99181086845084 671.5707186154089 201.91947410905556 1.6015786 1.5492055 3.7051692 3.092721 1.8134748 46.872093 1.5697854 4.7348453634563175 
Car -1 -1 0 585.0872320038641 175.60558839014055 615.4624550896517 190.7099484506822 1.4860662 1.5794214 3.8021996 -0.97751176 1.7752867 73.78922 1.0968605 0.28215813636779785 

