Car -1 -1 0 162.16214335571917 197.79878216502092 361.31530670810935 301.71868617483403 1.4445947 1.6058685 3.97465 -5.9925194 1.9631253 12.995308 1.5913377 132.13203026147696 
Car -1 -1 0 731.3595558838392 179.4984145023889 926.7880438027634 302.95344954535136 1.4899478 1.6398251 3.9560673 3.060972 1.6090506 10.928814 1.5365564 94.9296117474502 
Car -1 -1 0 354.11991403472445 177.40960510677647 452.5720135438338 241.80037350111746 1.6875992 1.7375926 4.2154446 -5.950344 1.8355954 21.325108 1.5620618 78.49651488065487 
Car -1 -1 0 549.69172713403 179.14314115825934 576.4163389830079 201.66872557497516 1.4917222 1.6544236 3.9332106 -3.2412813 1.9521817 50.855602 1.5644507 16.20226413970189 
Car -1 -1 0 515.7852043232136 179.97889470418454 549.4191747358084 201.91311967861324 1.523215 1.7197121 4.1335692 -5.6735926 2.0738468 53.628044 1.6589144 10.978185436136124 
Car -1 -1 0 888.5224953694997 159.36573654496405 1009.5415155022342 198.69695433792026 1.4989318 1.6217195 4.2445164 13.501146 0.98488736 28.956104 0.33180168 9.588509829585277 
Car -1 -1 0 416.0342134153705 183.00647715155102 486.15237666596147 226.39023280396472 1.4898517 1.6682754 4.2651167 -6.0344777 1.9133552 27.942907 1.5994077 11.545930234687361 
Car -1 -1 0 472.9282641624984 181.8286958283789 514.6388274184984 210.62148434210212 1.4047481 1.5506909 3.8621547 -6.098569 1.9059424 38.353508 1.5837811 5.328536422346093 
Car -1 -1 0 640.0095877525993 175.0983887529671 659.9025040168891 194.23159655446912 1.5287951 1.5936302 3.9626772 3.3948123 1.7222612 60.16322 1.6425446 2.3994931972776405 
Car -1 -1 0 859.904543173017 159.42379902885202 915.8759891064489 179.91280648913988 1.5444416 1.5819327 3.6730795 21.260357 0.5320857 55.19594 0.008813718 1.260295171030972 
Car -1 -1 0 831.1961392843403 164.5628439687302 910.2521689975487 192.48447428152892 1.5048263 1.6390893 3.792493 14.360916 1.0579772 39.816563 0.058789823 0.2967785894870758 

