Car -1 -1 0 378.53950991627494 181.45346357564432 438.8044638537531 219.17826552305678 1.4960747 1.6096693 3.781261 -8.321295 1.3468735 30.422493 1.5401598 66.6203000220683 
Car -1 -1 0 557.3006805693948 179.68300497999763 609.2729196812963 227.78829653167708 1.551204 1.6763296 3.2730272 -0.80354214 1.3727967 24.833185 1.5508031 40.0159881143455 
Car -1 -1 0 495.3921855625968 181.21336202712115 536.6024955928985 215.75237280556652 1.5125849 1.6073493 3.8513176 -4.1864595 1.3373085 33.44348 1.5224552 21.846632547979794 
Car -1 -1 0 442.1687577201316 176.48187020441173 524.5540350421885 241.19036746989704 1.6160948 1.6900501 4.221412 -3.3380504 1.3979675 20.087767 1.5417765 67.14862969680371 
Car -1 -1 0 225.12741902335398 177.73784501489206 359.02262702057203 253.38514637469672 1.7083164 1.6874152 3.97194 -7.804762 1.5394467 18.228195 1.5605359 75.97957408068531 
Car -1 -1 0 340.3521708657857 180.41394862923258 394.0161700717416 208.77890005147617 1.4459662 1.6754315 4.0154467 -12.839047 1.2011864 38.68229 1.5342243 21.467291030050514 
Car -1 -1 0 439.77404427305163 176.62972184541783 478.8682787347976 202.6296119615959 1.4975219 1.6055796 3.6692472 -8.844875 1.0029933 43.24084 1.5681779 1.9612671302290028 
Car -1 -1 0 406.7870455024908 182.98308642201448 446.6918511355707 212.98229313262541 1.4597533 1.6163411 3.897742 -9.237678 1.351115 37.025562 1.423802 2.7268394034567844 
Car -1 -1 0 524.9136895290546 178.90178043131087 553.9231758207693 203.7354700005868 1.5184739 1.5654998 3.758857 -4.2844725 1.1324048 45.84907 1.5516074 1.473631923052702 
Car -1 -1 0 176.33869086593506 178.83652798391947 333.28583938649086 225.4692311009393 1.5094796 1.7137922 4.452257 -11.812366 1.3029888 24.334484 -0.095581576 1.4703975460507233 

