Car -1 -1 0 557.3181279077232 180.09970787405967 638.6669620763967 246.60117977700673 1.547661 1.6514999 3.806357 -0.33984694 1.4285986 18.729153 1.4312818 110.93132973054455 
Car -1 -1 0 181.7388698081367 190.9400870877 330.5922486380742 273.374952386873 1.3938062 1.5915229 3.882182 -6.8568277 1.5252787 14.4736185 1.4244133 94.94059721930205 
Car -1 -1 0 458.24592033566955 180.88990916084953 510.7552245714189 227.2203615404496 1.5130813 1.7011068 3.5691028 -4.337123 1.3718077 25.382006 1.3960041 44.75954757778657 
Car -1 -1 0 294.74149410583095 185.0668988997924 377.39741688867923 234.97637184063547 1.4332857 1.617384 4.3160124 -8.507561 1.4290125 22.900986 1.4155666 65.48242825134426 
Car -1 -1 0 367.8329670122161 183.9910896490016 417.1965214939617 214.99648424191292 1.4058057 1.6249049 4.228333 -10.3151655 1.3502811 34.793602 1.4435425 19.417312706257764 
Car -1 -1 0 178.97235176673772 183.55319201899616 270.8711953141394 232.23105098366682 1.4447427 1.5925596 3.563807 -12.230938 1.3954 23.22757 1.398242 10.196951901970241 
Car -1 -1 0 356.5966648287299 180.51338840093706 384.43760511572754 200.70246555493898 1.5351481 1.5748239 3.6680322 -18.598568 1.1775913 56.60379 1.3959668 8.03424373097324 
Car -1 -1 0 454.95115608330644 182.53070285956625 495.93266595581105 214.95203079292438 1.4568743 1.6038125 3.5466805 -6.204998 1.3362222 34.141624 1.4790604 2.057867105965391 
Car -1 -1 0 253.41142732822937 170.9150259453031 320.7455805884141 215.37237035895495 1.8910458 1.7400519 4.3555775 -14.52758 1.2827498 32.86395 1.414721 5.216739827287123 
Car -1 -1 0 0.0 169.5109470787706 152.0982311967079 271.44958648055666 1.7883356 1.6563418 4.126646 -11.258021 1.5128231 14.766575 1.4367394 0.26803159713745117 

