Car -1 -1 0 0.0 176.670718341131 330.06028735304113 296.3304825907784 1.5436649 1.6524813 4.0708847 -6.3293505 1.6027358 10.266388 -0.036897346 121.32681121974191 
Car -1 -1 0 653.014167630537 178.80821530824036 713.8444513689342 223.71831808170302 1.4650301 1.6460991 4.329944 2.6032064 1.7001925 26.307688 1.5396655 63.24068892137541 
Car -1 -1 0 278.45165579302096 181.17143492662146 464.2073911604723 242.6200796294543 1.4678671 1.6295004 4.166894 -5.928421 1.6879413 18.274275 -0.0011642546 55.07201234331659 
Car -1 -1 0 111.9860326291752 179.77007801505061 390.7710067108398 271.1455357155555 1.4839764 1.6525471 4.1411533 -6.2027187 1.6152964 12.778931 0.046375863 48.369981958514394 
Car -1 -1 0 393.46150657041363 176.98529895332933 512.6164023832501 216.86139281227332 1.4592147 1.6166221 4.2389765 -5.8932567 1.6220655 27.518646 -0.054966956 34.77293132645166 
Car -1 -1 0 324.42036474238625 179.62432821313027 466.9540762939739 227.50866220916856 1.4318502 1.5564876 4.034868 -6.7103567 1.6552284 22.829071 0.10071477 15.86656121923222 
Car -1 -1 0 334.9337259673007 174.1344191121848 457.69876088983045 221.61122279114386 1.5944266 1.6101882 3.8526213 -7.37138 1.6408075 25.209055 -0.06441924 5.299398648622744 
Car -1 -1 0 698.7754438693411 175.90457455079152 790.9530211586825 207.04626330948992 1.4910042 1.640284 4.2201433 6.6234946 1.6451182 35.583893 -0.022782931 5.205526609306761 
Car -1 -1 0 480.0851307359788 175.76920620046556 548.1030923414925 201.69459341555452 1.55805 1.6453978 4.0977364 -5.8872085 1.7427769 44.661255 -0.11905654 4.106966861334742 
Car -1 -1 0 655.154508247208 172.71802482767788 709.4293575923551 192.27372282274698 1.4692894 1.5394152 3.9036472 5.5387955 1.4590728 55.163715 -0.09533615 0.8744527239329561 
Car -1 -1 0 283.3162583563306 182.02647365042245 436.1099429960966 236.79670059201388 1.5015888 1.5708982 3.8834562 -7.1435266 1.7775259 20.881992 -0.020017916 0.33264631032943726 

