Car -1 -1 0 680.1685693188144 168.98548208641702 773.0064502411215 241.8560450391073 1.5948343 1.5970315 3.580455 2.7411735 1.5101684 17.602182 1.5443525 110.44617870913298 
Car -1 -1 0 740.6085051305864 183.53974820836058 1016.9656865409563 356.7204546100197 1.4757048 1.6384244 4.131059 2.7744553 1.632224 8.4869795 1.5505047 96.11390360917991 
Car -1 -1 0 651.2654994558374 172.85559868154695 694.0419219708659 206.86892463051436 1.3948538 1.5392357 3.409923 2.6865025 1.3949268 31.298935 1.5652475 43.753190668173175 
Car -1 -1 0 377.2842857574268 173.67698564800108 496.3300625105529 214.04902363722886 1.4428083 1.5633293 4.0127425 -6.308499 1.4740703 26.613573 0.0066466457 24.48687886938457 
Car -1 -1 0 233.21762591775067 173.70002812632794 438.28978482104606 244.9704505565581 1.503617 1.6129436 4.003459 -6.061164 1.5237603 16.21241 0.08158548 47.505569002724684 
Car -1 -1 0 411.80284178431134 170.57380924606358 511.4481088075347 209.96889731962963 1.52725 1.5655 3.6492584 -5.84224 1.4388525 28.757812 0.0015521093 18.41411522213616 
Car -1 -1 0 289.1936374166698 174.95084144220357 459.12296621013684 233.5088109565466 1.4394339 1.561296 3.9628143 -6.1189804 1.4975953 18.914436 0.16710356 27.185997700719597 
Car -1 -1 0 290.1025774614546 158.9958464853973 449.0395457136073 221.23667315497926 1.7557051 1.7011671 4.105275 -6.9617996 1.3647907 21.210499 0.003215178 27.473657971279604 
Car -1 -1 0 494.34602967284565 168.9385297836177 526.222417104586 197.27022851856313 1.4766524 1.5889794 3.692953 -5.395475 1.2725773 39.522182 1.4725076 1.4466322331802166 
Car -1 -1 0 148.79217155312892 175.6140730577881 401.565862914862 274.26376479954445 1.512561 1.5566338 3.4515338 -5.3795347 1.5612029 11.9120245 -0.014906159 1.187116578291381 
Car -1 -1 0 474.7636718630841 164.55718223596003 536.8180925182373 189.2222034872677 1.6146207 1.5901856 3.9128685 -6.8748226 1.0714945 48.046024 -0.0090416595 0.6823142541071494 

