Car -1 -1 0 689.8112061704318 168.47337990290043 893.8036118775667 240.4229813216816 1.4444944 1.677349 3.93078 3.8586097 1.3565469 15.588964 -0.13907361 139.5504938265057 
Car -1 -1 0 106.6802697333741 174.8481406796387 332.4295877450363 250.30039857547806 1.5713203 1.6815257 4.125761 -8.575555 1.6190851 16.183546 -0.129007 94.52676970917204 
Car -1 -1 0 638.9229340491075 167.15132472087507 746.6983428273603 209.65274130307145 1.4876438 1.6240273 3.6105223 2.995294 1.2880374 26.314955 -0.14212395 52.20257342963525 
Car -1 -1 0 0.0 183.65820421775348 235.02555591942024 303.9054598414214 1.5320601 1.6064528 3.6815708 -7.6336603 1.7016945 10.348911 -0.09817735 50.90482981847786 
Car -1 -1 0 297.7431899050692 171.34346326422957 419.89955001983895 214.33150185138894 1.5275195 1.6586155 3.9842396 -9.177092 1.4738445 26.65639 -0.0965898 48.170908154138765 
Car -1 -1 0 183.51436992675013 178.30383637588716 363.2060904633164 237.89456861938504 1.4453338 1.6086003 3.8965514 -8.570772 1.5936106 18.655136 -0.09000697 24.35130468129678 
Car -1 -1 0 622.4177977687843 168.55555545664623 728.7291750311857 206.74748489506257 1.461918 1.615399 3.941732 2.5892136 1.2973812 28.70908 -0.148233 11.770245077961214 
Car -1 -1 0 230.70634657078708 177.35538869147544 390.07774630353924 227.57745359831296 1.4273006 1.6075113 4.1119227 -8.871127 1.5676167 21.580446 0.052810617 9.946007803529511 
Car -1 -1 0 444.90549828779115 167.6067421091012 475.616600969191 186.26761238847521 1.6043981 1.7177103 3.984687 -13.314235 1.1532564 64.201706 1.1092219 4.818468995020858 
Car -1 -1 0 871.1010281753527 161.87938181808465 912.72101629457 185.44687573325444 1.4622376 1.6324668 3.897157 18.358051 0.7813207 46.830498 2.1848292 3.728531807928647 
Car -1 -1 0 361.2154509858997 168.69573103202077 423.64512109348755 208.06649108044473 1.6876094 1.6852916 4.066681 -9.834384 1.509367 32.974644 1.5551655 0.2513605058193207 

