Car -1 -1 0 55.43379076925665 188.65515774084372 269.56682761103326 277.95843837672834 1.4068551 1.6010616 3.929167 -8.02544 1.4806316 13.447983 1.5620692 80.07144429681303 
Car -1 -1 0 426.9414963285587 177.93705604357973 502.30100906524706 230.82981581908007 1.5112338 1.5857341 3.4826987 -4.3313894 1.3032709 22.295256 1.5901246 104.0195351648862 
Car -1 -1 0 677.691191113062 183.28834713082153 760.1001753311176 242.10348126259544 1.4013445 1.5503532 3.380312 2.8316047 1.355423 18.838108 1.543807 82.22815677491734 
Car -1 -1 0 200.00660482698854 185.4197155973584 438.4726415836485 322.1272703305417 1.5048387 1.6287719 4.096161 -3.6582136 1.508254 9.976547 1.5824597 105.78314864708754 
Car -1 -1 0 492.8263603071257 180.4854618209877 533.9835566396401 211.17374757064334 1.4222964 1.5828552 3.519476 -4.5267577 1.2030662 35.08409 1.5607638 26.21319903754915 
Car -1 -1 0 584.44450548399 176.96883375825354 613.1985637780289 204.27278223133789 1.5352571 1.6169863 3.7224095 -0.4877091 1.0715492 42.28866 1.561626 14.889215636142612 
Car -1 -1 0 627.0162725860168 178.1007701418596 657.0258929998693 201.51557380405444 1.4450728 1.5816308 4.129097 2.208511 1.0059664 46.459084 1.5315043 15.04980797040928 
Car -1 -1 0 519.5052821339864 176.93792441888525 547.6739278156078 201.05396924984976 1.4753509 1.5559857 3.6415143 -4.6559157 0.96894026 45.826447 1.5329576 9.752620794877394 
Car -1 -1 0 284.23873243745055 180.62414959526222 373.4466192926227 230.98457840516494 1.4226209 1.5363817 3.5555937 -8.454017 1.2929152 22.12424 1.5156553 6.352979560956647 
Car -1 -1 0 573.3132757047214 177.60824692667765 602.2730368515784 199.5009724173485 1.4772663 1.5824475 3.8691442 -1.3256836 0.96393454 50.506256 1.6637334 3.36669768660307 

