Car -1 -1 0 746.5694344945603 182.6496522623423 858.5676479687601 259.45059909061416 1.4526063 1.626332 4.073344 4.1864862 1.7014453 16.252985 1.6228886 68.0974079163345 
Car -1 -1 0 719.5636886097491 175.6319390408791 795.0615515137403 232.59950408818793 1.5826389 1.5555606 3.4435794 4.404116 1.6737888 21.944641 1.5594057 55.7507596065842 
Car -1 -1 0 499.75448425838374 178.48580175031378 554.5353794003022 215.47104788442047 1.5131433 1.6335158 4.0960803 -3.6121976 1.7815819 32.27772 1.6625128 39.40969499872476 
Car -1 -1 0 708.4832363259677 176.4595777903882 762.0284614033669 220.48022087189156 1.5159421 1.5914068 3.8837569 4.658533 1.6616439 27.165684 1.6392558 13.360826836698742 
Car -1 -1 0 798.1557316151482 156.4217172248887 1068.7090443449388 324.905389731384 1.7596204 1.6970593 4.5598216 3.981734 1.5880039 9.828262 1.5860903 67.42729550262979 
Car -1 -1 0 693.9369773292766 176.7257695969506 741.0168308213895 211.1917855654742 1.4524968 1.5733304 3.698299 4.826604 1.6377532 32.67379 1.5692153 9.586501644446418 
Car -1 -1 0 544.3825533501648 177.11844509951555 577.6950040485686 203.95321916170784 1.5050273 1.5807319 3.919572 -2.8530009 1.771441 43.088158 1.6091915 2.9920741993496143 
Car -1 -1 0 531.6339696018143 177.8514096102308 572.725775583366 208.44538813012502 1.5041261 1.605908 3.9092474 -2.9785988 1.7821311 38.133934 1.6394655 1.6563232663658611 
Car -1 -1 0 578.7894155233088 176.33898160635877 603.1035508197259 195.9000557285321 1.5374361 1.5994927 3.746363 -1.5002263 1.8333474 59.33277 1.6543342 0.8429025595454879 

