Car -1 -1 0 588.6918440084122 174.45434862063007 649.8274186249589 222.2370462585552 1.5334123 1.5962006 3.344009 0.2717862 1.592898 25.046923 1.4198189 98.2035824364245 
Car -1 -1 0 786.6851686151513 174.80168789959214 1194.2528107854496 375.0 1.5161028 1.5673847 3.282067 2.7813165 1.5371741 6.1167984 1.504618 93.81924646302589 
Car -1 -1 0 220.7320740128556 185.85961771289993 378.843465006047 278.0247104194134 1.4647815 1.6733232 4.409475 -5.9290266 1.7653205 14.392403 1.464292 66.9989535416354 
Car -1 -1 0 60.39993395259472 194.93033715732474 314.2288569165314 345.8415416021712 1.4213243 1.5467999 3.505986 -5.044504 1.7582529 9.172918 1.4394637 63.70408173210689 
Car -1 -1 0 403.1499967289376 181.30458837719956 452.11790527266027 219.724605665268 1.472585 1.576562 3.7071838 -7.611213 1.8519022 30.447979 1.442279 34.93745887385678 
Car -1 -1 0 660.7139957477945 167.7272635188476 809.5463791678807 268.20097025846525 1.5570263 1.6136179 3.7224245 2.1071568 1.4775779 13.135379 1.4340632 103.10717099602871 
Car -1 -1 0 563.2304436054338 174.24579609505182 602.0742862135277 207.76652309417773 1.5513124 1.5837038 3.376482 -1.3592699 1.6228695 35.318363 1.4375286 40.233210539392914 
Car -1 -1 0 426.41894841624685 175.20031229906525 463.11880065232725 207.01820734250708 1.6327822 1.5656791 3.873631 -8.934037 1.7672796 39.342556 1.4479607 9.457482116814079 
Car -1 -1 0 546.5810330854794 174.6352423114091 571.6250683752398 197.63774681862495 1.5505147 1.5555353 3.5853813 -3.5817986 1.6805662 50.803852 1.4434646 3.209032983732815 
Car -1 -1 0 687.2098811162556 169.0337122455762 805.234821053685 216.59541938620956 1.5729414 1.5957212 3.6867821 4.6915607 1.4465983 24.970097 -0.17563894 0.6293395326137897 

