Car -1 -1 0 610.4254949465508 178.67278483798057 772.0462528316814 241.3350050154672 1.5108662 1.6875956 3.8656538 2.1027915 1.673847 18.923027 -0.24465358 114.39576991555003 
Car -1 -1 0 93.01548877096404 191.40884783967175 296.5665368453745 260.84537549466233 1.5703297 1.7032131 4.1707635 -10.351437 2.0753856 18.329174 -0.23338675 84.39542047796876 
Car -1 -1 0 568.0414076886775 177.23974475561957 665.4082546938878 216.39633859392177 1.5243595 1.5982695 3.7229972 0.26709986 1.7109768 29.527306 -0.21313089 34.86669092734123 
Car -1 -1 0 0.0 199.58406267946825 233.21262449179466 299.4381408650328 1.5061512 1.6305242 3.8099375 -8.915547 2.016557 12.63607 -0.1790916 35.250163304942454 
Car -1 -1 0 151.5152784907648 194.65755718341592 320.86504492095094 249.80634204478253 1.4265704 1.6122024 4.0519977 -10.627029 2.091535 20.808287 -0.20253898 20.329508758364824 
Car -1 -1 0 253.23030921709295 188.7900083533357 366.9815518768575 228.92130733687878 1.483489 1.629531 3.9241335 -11.832568 2.1433005 28.728422 -0.17615356 23.390062942207724 
Car -1 -1 0 555.0687534284381 180.25043739693785 648.1238939419187 216.23227189850596 1.5035055 1.599658 3.8686776 -0.37662035 1.8414696 31.799715 -0.2007056 9.255159086818331 
Car -1 -1 0 186.3604052449163 192.7565337107371 334.6012380616668 240.87062986114555 1.4350963 1.5777498 4.062629 -11.260427 2.1134186 23.505644 -0.15126345 3.644985828259328 
Car -1 -1 0 377.0539771798054 181.02359949329474 407.20857147768464 200.61843085864277 1.680486 1.6730917 3.7643292 -19.796724 2.4464965 65.61657 1.0052496 2.162114728779693 

