Car -1 -1 0 21.513767327577966 205.0358721068778 299.9754161631161 346.1098160272431 1.4507161 1.5801134 3.843577 -5.9898815 1.9928977 10.227818 1.5625539 122.64360269802496 
Car -1 -1 0 672.8346002254949 175.3593512543979 744.9413183901299 226.78876687264537 1.4747958 1.6018157 4.0999727 3.0609224 1.5617566 22.968882 1.5371807 49.91836028460197 
Car -1 -1 0 240.89927625944912 198.45514926750926 382.08146722292105 284.5526328184119 1.449033 1.5188878 3.542959 -6.017295 2.0441508 14.988626 1.5538979 77.78392084275261 
Car -1 -1 0 423.5523531882278 188.9746915893225 491.97806229208464 230.825300940507 1.4393373 1.6785964 4.1665835 -5.911486 2.124724 28.561089 1.6115894 57.35838541476958 
Car -1 -1 0 345.5417264262533 191.70183865479817 443.4014262002201 250.52378254450122 1.4324623 1.6611058 4.17381 -6.1222835 2.036253 21.01544 1.5559182 57.57956639639637 
Car -1 -1 0 896.8818784561001 146.08535802809922 1107.9876631317711 212.05067990355556 1.4716263 1.6177589 4.065987 9.100065 0.87444216 16.93905 0.016444933 89.81764795359037 
Car -1 -1 0 784.8711291129558 163.4129593982358 927.5096341787739 208.61129423866578 1.489677 1.6421286 4.302993 8.331045 1.1785127 24.608612 -0.0030810635 29.87136447138473 
Car -1 -1 0 880.3168416998382 145.73827309131897 1049.6962242529312 207.87194201714598 1.5990268 1.6514821 3.744278 9.466129 0.9011961 19.409027 -0.007660623 35.26821979416604 
Car -1 -1 0 660.5413786235612 175.1723949365004 714.137217410841 217.94606906022335 1.5556588 1.6045632 3.7877135 2.9880054 1.6529456 28.363722 1.5446008 29.929643477411297 
Car -1 -1 0 832.5525840032121 159.33764815201354 988.6309770240953 209.21384005858198 1.4487802 1.6121385 4.0414352 9.005186 1.0561634 21.787434 -0.011147705 21.21622236214185 
Car -1 -1 0 491.10195036876416 182.35879312564484 531.308892828263 210.8467130948748 1.580519 1.5652617 4.005237 -5.8714027 2.1802726 43.46787 1.6548744 11.292240234711782 
Car -1 -1 0 459.3574215485372 185.44948620783896 506.9267342220318 220.34606620447366 1.5139577 1.6022131 3.797996 -5.995709 2.1507607 34.577812 1.5742098 4.915071299612863 
Car -1 -1 0 645.1562632902315 177.45661292482086 695.1450128797072 210.25040891749705 1.617425 1.5793673 3.8671205 3.1498847 1.8743494 38.220783 1.3585832 3.2141321737257793 
Car -1 -1 0 593.9417750181269 175.9997888116334 619.2339030234331 190.40253123542294 1.4993925 1.6271893 3.9388697 -0.35041904 1.8494477 78.167076 1.2601261 0.28626251220703125 
Car -1 -1 0 509.5747648276857 180.66177861425686 545.0842863385993 200.22968609058617 1.475834 1.5370566 3.911005 -6.6637363 2.1279497 58.174957 1.088204 0.26541945338249207 

