Car -1 -1 0 274.71551456601117 197.57767981453316 433.69369791499776 307.6784246838941 1.4707127 1.5571029 3.5004845 -4.126342 1.9500482 12.212504 1.5357292 75.16268777271837 
Car -1 -1 0 800.5696703863306 179.42885184645252 1242.0 375.0 1.5598139 1.5807303 3.5489914 2.851808 1.630121 5.9302692 1.5567989 129.11602521490445 
Car -1 -1 0 687.4951190485727 181.4010901873501 778.7357812408981 256.2294698101592 1.470594 1.5715287 3.2209733 2.6680882 1.6816016 16.182896 1.5965481 121.64793321378788 
Car -1 -1 0 485.7286991980744 182.76647989564535 529.6857976909585 219.17023302802292 1.6336986 1.6226233 3.8548386 -4.932888 2.1460176 35.361946 1.5673602 52.54055128623994 
Car -1 -1 0 412.4424536852949 182.40488184467287 496.85703796700494 248.5699965731854 1.7220557 1.6635609 4.009079 -4.4703155 2.031526 21.369484 1.5641812 106.39637977148395 
Car -1 -1 0 651.3686036452716 176.73524264707396 693.0089696456774 214.846293197432 1.5726697 1.5615704 3.424684 2.7143052 1.7531879 31.841705 1.577239 49.07056877954902 
Car -1 -1 0 522.3565857669648 182.64628398234015 546.1983274442001 206.2953048422768 1.5502722 1.6129961 3.954412 -5.3235855 2.2708683 51.04673 1.467348 6.7080296782520294 
Car -1 -1 0 550.2463095198052 182.47474834169898 570.0852571938768 198.44208436724625 1.445803 1.5376121 4.177027 -4.762067 2.406979 69.97943 1.5956329 1.1783545269500224 
Car -1 -1 0 630.4080527634 175.78582020029685 652.6390585706285 192.1689786455957 1.5712678 1.5984734 3.8097017 3.2138486 1.8719068 71.95837 1.7836167 2.7153277022875244 

