Car -1 -1 0 337.68836942169776 195.85380060705293 460.31536049175105 269.32491972888164 1.3988309 1.5905797 3.7327561 -5.034756 2.0021513 16.950901 0.9397644 116.36608907177636 
Car -1 -1 0 820.9539039082408 175.10484743894736 936.311595123433 240.39601954237725 1.3949423 1.7210009 4.4939203 6.494509 1.4581348 17.917074 1.701803 80.54891494696066 
Car -1 -1 0 217.99084020252366 188.3457400147773 285.02186164371585 229.99576346224123 1.4667441 1.6462916 4.1388464 -14.514528 2.138424 29.143066 0.9129846 55.0370467866251 
Car -1 -1 0 740.614741588767 175.4399811322119 806.1775062534632 233.71079864361366 1.3876888 1.5506067 3.3257418 4.291915 1.4626184 19.12404 1.7685117 60.49930690371872 
Car -1 -1 0 0.0 191.5748861084894 35.28981910865026 225.9183935999781 1.5508003 1.5485935 3.646359 -30.332907 2.5520203 36.644863 0.9762152 9.862724277642116 
Car -1 -1 0 411.92179486761194 178.55822151098928 497.78053369865415 216.41487564815705 1.671236 1.6302412 3.5287092 -7.060721 1.9406593 33.112377 0.08827915 44.77121755972487 
Car -1 -1 0 195.6729906066064 185.76866055036206 250.33234675627645 223.60017889535547 1.5836997 1.5784533 4.264715 -18.183964 2.2285323 33.85656 0.9131402 7.793436927340557 
Car -1 -1 0 901.42945427396 164.6176058449782 1065.4080026359145 221.02275603503386 1.4205475 1.6186404 3.8229432 10.339997 1.2131162 20.234936 1.0603466 3.452580948315757 
Car -1 -1 0 475.1522919067423 159.40757138638793 745.4288220102443 327.4243981359548 1.9829205 1.7784206 4.571909 -0.24409714 1.8242269 10.898031 0.9598094 7.4348715411491915 
Car -1 -1 0 172.29230490163968 185.3568261444447 198.90047625423165 207.71153202424992 1.6437773 1.6563008 3.5660777 -33.6165 2.6682956 57.17883 0.9937151 1.099430745722314 
Car -1 -1 0 335.9985144490184 183.45934241121105 428.2255976989931 213.42389099350802 1.5164387 1.6367028 4.330267 -11.899067 2.0857391 37.913765 -0.00019672152 0.5449924713308213 

