Car -1 -1 0 700.7061011441822 186.54344997363924 807.7331223778004 259.5528370594146 1.4017938 1.5958819 4.0590744 3.1910565 1.75667 16.662142 1.5541664 115.78630598767815 
Car -1 -1 0 103.57491759087988 182.8121174587003 374.9170177359461 276.9185059428628 1.491014 1.6136234 3.8572557 -6.2400284 1.6742744 12.443619 0.014625946 49.8261953044539 
Car -1 -1 0 0.0 190.79062556866558 366.5826496854005 310.03420786587645 1.404407 1.616106 4.183159 -5.647006 1.6705489 9.746414 0.07361351 153.85065047292886 
Car -1 -1 0 656.5159167006042 175.33051117725267 699.0899525578495 213.12946865400403 1.7678232 1.6846638 4.148079 3.3538995 1.8988986 36.10405 1.5573834 27.987353158479824 
Car -1 -1 0 420.67234889538577 178.9263815988117 517.7978028098282 216.61800008991574 1.5635676 1.5986769 3.8499887 -5.986918 1.8319373 31.045826 0.022605268 5.008278063279042 
Car -1 -1 0 448.5248543217063 181.67854785618826 535.0309174403783 215.68652920194953 1.5061345 1.6010718 3.6914773 -5.3901153 1.923943 33.285976 0.041313697 4.044766944237535 
Car -1 -1 0 172.07777804035368 167.0205321107406 394.86880493893864 259.6807124548836 1.7822862 1.6787376 3.799203 -6.5449533 1.6700814 14.755828 0.020059345 24.52875277228798 
Car -1 -1 0 1000.3786899560107 182.33178482516814 1111.224738972416 220.57989491764044 1.5118802 1.5772115 3.6344762 18.619894 1.9244248 30.25047 0.21384911 4.6188278758437695 
Car -1 -1 0 467.669427531161 173.2382929492513 543.2285812218325 204.35527376524132 1.8128432 1.6654111 4.310419 -6.153713 1.8362292 42.984123 -0.04330507 0.2513291835784912 

