Car -1 -1 0 693.2221016054285 175.9504399293376 781.2283817664065 244.1451507041726 1.5495529 1.598325 3.8045382 3.1525598 1.6370165 18.474596 1.5759357 68.32891058003484 
Car -1 -1 0 718.7298924624374 179.39320669872686 871.2152778311377 285.5857675359912 1.5341434 1.6510032 4.370831 3.0803282 1.6708629 12.889999 1.58343 103.58292760643579 
Car -1 -1 0 41.90514792862074 197.5107906032521 412.89216786183925 375.0 1.4463534 1.6338629 4.1370864 -3.5301335 1.779547 7.6547956 1.6053493 144.07778191468623 
Car -1 -1 0 772.7426214716153 188.74120201200878 1201.2857291972525 375.0 1.4404249 1.6594276 4.341274 2.8331368 1.6346354 6.6457257 1.5659926 114.45336116820978 
Car -1 -1 0 324.0173347032102 185.67192251477962 456.3570955319126 287.5338992058954 1.5422001 1.5235188 3.5388758 -3.8441606 1.8086704 13.189839 1.5135406 79.06609989452924 
Car -1 -1 0 408.0182686177213 183.23841937106144 505.7774990770578 255.00627459658895 1.5312821 1.547397 3.752954 -3.6478002 1.8152266 17.836126 1.5928973 80.83834188712787 
Car -1 -1 0 637.7817648498885 175.15436196947874 682.7749817724443 205.3940228118781 1.5808485 1.5565517 3.4685264 2.7547107 1.7138791 39.865067 1.3522328 20.80082057967299 
Car -1 -1 0 591.9005183914447 174.74505665236603 628.1379292159756 195.77979688943455 1.517348 1.6883492 4.2788153 -0.011430249 1.6668174 54.74494 1.3066096 3.9773455232197428 
Car -1 -1 0 557.456299237342 175.69647826213512 601.3023028644831 192.44763765858843 1.5576096 1.6125133 4.129317 -2.8936014 1.8400083 69.7215 -0.7155486 7.0547399309223975 
Car -1 -1 0 925.4464021005222 152.09649823508286 1061.0153132451846 198.49276241495207 1.5635302 1.6377703 3.881342 13.393528 0.86401296 25.37529 0.1279595 3.1159212123167737 

