Car -1 -1 0 674.4741875731402 192.31762507397937 761.5952414253508 252.91913152584212 1.4210508 1.5830479 3.4168816 2.884437 2.0041294 19.838173 1.4736001 98.31282199828107 
Car -1 -1 0 206.75712448883493 195.80651470808732 421.24488938412867 268.5403837819221 1.4422966 1.6441369 3.999752 -6.322442 1.9697756 15.71764 0.021184588 80.24965003135503 
Car -1 -1 0 0.0 192.7005985930362 310.1707270428926 303.18678554011325 1.4967955 1.5866604 3.8766813 -6.783159 1.8185618 10.882913 -0.011277601 43.55455170338535 
Car -1 -1 0 643.2697559871682 188.5367771174558 694.5954236636516 229.16305694250434 1.4555018 1.5944902 3.9450538 2.3510098 2.138285 29.406713 1.5249718 51.658948272920725 
Car -1 -1 0 328.6765515854738 193.05939689644393 465.15920932632235 243.11061931681095 1.4541342 1.6071193 3.786065 -6.609614 2.1142836 22.643898 0.067895144 26.251851464653747 
Car -1 -1 0 293.43688765166604 194.87029410421624 445.9599102740123 249.71321725260088 1.433456 1.5552071 3.7778883 -6.6869135 2.0794916 20.347141 0.025397692 22.009724425670246 
Car -1 -1 0 263.97988855291976 192.58581761570875 433.67850663367926 255.7962637224091 1.4671378 1.5409135 3.6882863 -6.424308 1.9821026 18.036848 -0.012794319 13.66949410724988 
Car -1 -1 0 425.6199748616679 192.57518982491973 522.1519860997545 225.31096074095663 1.4160588 1.6246476 4.1025763 -6.2022786 2.3495476 33.235588 0.05203071 12.561342636797821 
Car -1 -1 0 368.5631569779943 188.24987076374387 484.37883401450307 231.85370225813253 1.5598664 1.6112571 3.982354 -6.9627695 2.1715357 27.611563 0.12881212 8.112079740514515 
Car -1 -1 0 623.5101876694853 185.97344314886547 649.2457107420926 206.02437679166331 1.5335097 1.5509546 3.6316066 2.1837142 2.6511567 59.56856 1.4439057 1.0584391881475579 
Car -1 -1 0 352.6588056926315 191.843226492638 475.8299318060987 236.53655429538637 1.4666722 1.5868719 3.8634381 -6.7451296 2.150109 25.164963 0.005340131 2.892862304048259 
Car -1 -1 0 526.1200521268232 188.2838801172659 561.9085525863231 212.1650579010948 1.4991331 1.5771731 3.999813 -4.504371 2.6151538 50.09391 1.7178562 3.557762039248115 
Car -1 -1 0 426.5712285769552 189.18058170368658 514.6974784267516 221.04588068289758 1.5047307 1.5548048 4.0456233 -6.8882484 2.3398476 35.969917 0.08036697 0.5626933887951854 

