Car -1 -1 0 285.091749295602 202.74175068067333 455.87157841041324 323.5984512791262 1.5073044 1.6293029 3.8990333 -3.724679 2.083756 11.945173 1.54316 120.63533709429414 
Car -1 -1 0 711.0983052677858 193.99645702103916 884.3489399191936 328.60759660402215 1.577084 1.5774901 3.594932 2.614832 1.9481285 10.843809 1.5425992 89.36144518739675 
Car -1 -1 0 671.5415930059204 195.16259547568552 776.0467509920584 273.7487614177418 1.4620893 1.6220942 4.251109 2.5078254 2.0480301 16.798817 1.5359027 79.02633127366124 
Car -1 -1 0 804.2007121466522 197.3049108079957 1195.3019081333719 375.0 1.5675025 1.5765744 3.198989 2.9409652 1.8335257 6.2277436 1.5406787 94.86979540390716 
Car -1 -1 0 395.2579298958941 202.2143319221829 497.5699877314245 275.90259419131894 1.4213802 1.6112571 4.101105 -3.8375323 2.2220592 17.617786 1.5600252 59.672756996833684 
Car -1 -1 0 471.69382498011777 196.22452743311953 524.2770906887288 241.3452331280192 1.5008024 1.5925469 3.9082263 -4.2638535 2.4733782 28.041779 1.5294354 17.950524754112017 
Car -1 -1 0 648.9308948949969 192.53440825894086 702.0363454394244 236.16256031430206 1.5099144 1.5685787 3.7230625 2.5453398 2.3415995 28.589722 1.5153431 20.883631952578128 
Car -1 -1 0 659.76364682349 193.2428139807663 729.9681810422094 248.24524442608768 1.4967096 1.6127195 3.946947 2.6407828 2.2071207 23.132046 1.5245714 31.50437257987799 
Car -1 -1 0 441.92356110097614 198.39608679236565 505.36860930805767 253.55440504470133 1.4851962 1.5356811 3.663174 -4.256875 2.3669739 23.036148 1.5125666 7.812849045706263 
Car -1 -1 0 614.7059790475477 191.96733681653117 657.2416047618995 217.07895995699366 1.5602472 1.6332438 3.7860146 1.787211 2.9398746 50.023087 1.2184454 1.2528300271449533 
Car -1 -1 0 821.6084054129518 175.7980423411261 912.2250669496519 208.68829022567044 1.5690405 1.6183075 3.9685912 12.657223 1.7189286 35.673264 0.13128312 3.202638942699551 
Car -1 -1 0 586.3351428302734 194.44300295387836 607.8727040118035 212.90360811387438 1.4778221 1.5940795 4.014802 -1.1454742 3.4759278 64.701225 1.4680592 0.2687039077281952 

