Car -1 -1 0 822.743850220291 185.79790676859207 1181.1745323547066 318.77674294058033 1.4562191 1.5890677 3.5810227 4.6683683 1.631535 8.920048 -0.032711387 122.87635238321703 
Car -1 -1 0 757.0806706364904 185.9223093756141 1017.783796956115 288.9697865996576 1.4629855 1.5568789 3.488519 4.2388697 1.6838791 11.329848 -0.05097695 48.53019148736488 
Car -1 -1 0 0.0 182.13201065566355 257.32319440469223 301.13470371441696 1.510116 1.6644906 4.0103893 -7.421275 1.6541622 10.2532015 -0.059018284 117.4490678081691 
Car -1 -1 0 453.7971695210202 177.48220176252187 494.92193680337283 204.06779426306056 1.6636975 1.6837409 3.7846165 -9.020228 1.9844759 47.941296 1.0987209 39.21940205137285 
Car -1 -1 0 0.0 175.525391245791 274.1936794148342 274.1986404201637 1.5846858 1.6127561 3.8127575 -8.181319 1.6357667 12.721481 -0.14614823 25.875019038562773 
Car -1 -1 0 1028.392754738443 181.87539452342475 1101.7725518304303 208.35426260227325 1.4979541 1.6768253 3.844137 27.837095 2.076433 44.23519 1.4090769 26.69508486211962 
Car -1 -1 0 77.38947939434627 172.1358557998074 312.2990589852358 260.1593399105798 1.6948457 1.6942645 3.9449775 -8.498301 1.6810181 15.138469 -0.21339045 31.88670907572545 
Car -1 -1 0 1145.735164068283 187.29021851997277 1205.9644975785168 228.70021002557465 1.4099005 1.5968153 3.911996 21.972971 2.0089135 27.947327 2.2979658 10.259301696853406 
Car -1 -1 0 360.3677510992174 174.87213726880742 391.4981058440338 206.10032156155808 1.6686671 1.6040204 3.6970878 -13.242562 1.7884667 40.82317 1.2422045 6.399759323648032 
Car -1 -1 0 174.35836281230368 172.96053386148603 353.8754695030421 242.62416211686994 1.6153343 1.617902 3.6758842 -8.386443 1.6181173 17.79196 -0.14027396 9.542731043793077 

