Car -1 -1 0 370.6040625656226 187.34313777147975 459.3447730906381 242.94942755179986 1.4462461 1.6019491 3.8909898 -5.741699 1.9218358 21.733187 1.5770715 61.2692140801548 
Car -1 -1 0 276.3341932432825 191.16577930637368 419.73862950683576 270.339933616398 1.4570869 1.6391246 4.0753345 -5.708676 1.9232004 16.30036 1.6068418 66.18670141442142 
Car -1 -1 0 457.15236606779564 180.84830621027632 508.867277073259 217.58692737243652 1.5086269 1.6366509 4.0539074 -5.6348915 1.8916808 32.542866 1.5667638 13.507153503159449 
Car -1 -1 0 488.83222147162974 179.80035800687332 532.5158574578118 210.087340585457 1.5520009 1.6330515 4.16134 -5.4303837 1.9582338 40.07241 1.6283183 12.726879096404339 
Car -1 -1 0 791.0976890781952 154.5395103204446 913.4472763572678 194.96901843755208 1.5331471 1.6711831 4.2426353 9.432443 0.83863425 28.269571 0.03427156 45.87718879931229 
Car -1 -1 0 419.39423388346165 186.21102797158298 484.9621237137611 229.6687265968892 1.4171411 1.5641623 3.721197 -5.706254 1.943174 26.546974 1.581655 29.897186325702858 
Car -1 -1 0 660.1358595809007 172.16501829939062 701.6180421366458 207.7158005553296 1.5904703 1.584485 4.104765 3.3346958 1.5596465 34.335754 1.5748942 5.671278337478368 
Car -1 -1 0 1043.374642885106 143.0969222554329 1148.1936258297649 174.18922173774808 1.493579 1.5888278 4.0572743 23.869707 0.06413978 35.51363 0.029130293 11.424854843326965 
Car -1 -1 0 1145.1862133155928 136.65172961560296 1242.0 178.76490554216232 1.5472244 1.6925894 4.2118855 23.045738 0.2171646 27.359571 0.0020024541 13.385691147562888 
Car -1 -1 0 783.2675989372676 156.91790100787242 889.0262504893631 193.47188213152083 1.5066333 1.6037456 3.9953895 9.547334 0.8498002 30.603971 0.03160109 2.8660845572559426 
Car -1 -1 0 767.2838589459161 160.36181788036654 862.1093358419181 194.34525885520387 1.5178156 1.5857877 3.9167638 9.452719 0.95987225 33.349663 -0.17588845 3.5034007710215884 
Car -1 -1 0 1101.3834759633157 141.22487711020108 1234.3835499467064 178.84429880630967 1.5171041 1.629011 4.188186 23.157314 0.24157472 30.03891 0.06115375 0.650507119067442 
Car -1 -1 0 473.8744383820714 166.93864617883327 502.9903082133294 186.05757663603387 1.6558423 1.7293423 4.002448 -10.79467 1.1435281 64.53683 1.6265081 0.2552937865257263 

