Car -1 -1 0 712.2081335770547 175.73514800558732 880.6281584152482 294.12023041806265 1.6351948 1.6491053 3.974874 2.9015508 1.6915097 12.083868 1.5301061 120.18049491136085 
Car -1 -1 0 694.5138328810585 175.29914802829248 761.1339420611756 205.6838353813153 1.4778323 1.5346895 3.4982283 6.0610194 1.6106646 37.298428 1.0501437 36.76037900044138 
Car -1 -1 0 619.9911828686949 174.1676179723505 649.3212538303654 197.23470849717899 1.5212406 1.6124308 3.5601015 1.691683 1.6149533 49.634068 1.4887482 22.372738176880635 
Car -1 -1 0 290.15980742333994 183.18179652215028 465.54444200062187 243.0407550655393 1.4643235 1.6025479 4.0489554 -5.946911 1.7456799 18.801313 0.026821528 31.43319492144226 
Car -1 -1 0 222.1834170382517 171.0210639091027 411.2766399758429 249.9046537482958 1.6833353 1.5955181 3.6041517 -6.487038 1.6442213 16.230286 0.019665465 9.03931040377236 
Car -1 -1 0 364.38041459847744 174.05427087199723 473.51355943425165 214.49108553917517 1.539423 1.6736592 3.8349051 -7.458063 1.5882771 28.446062 0.045125887 5.829472784807446 
Car -1 -1 0 312.50389140343526 179.4657413993664 459.31018844987955 234.50591522863695 1.5300769 1.5912011 3.842692 -6.572785 1.7356514 21.373676 0.14262897 5.407414264759627 
Car -1 -1 0 244.2158807051604 178.20575426818468 419.2919779796866 291.18841071462367 1.5277469 1.6160702 3.8612907 -4.350117 1.6308402 11.921639 1.5078098 9.443889424004292 
Car -1 -1 0 126.74605100652823 157.1987086068953 237.60980567681221 205.96086946342234 1.6485567 1.576082 3.6699889 -15.449707 1.1192807 26.307896 1.6871395 2.202002285688537 
Car -1 -1 0 605.7917272980978 173.0394321765917 629.1146403125438 192.03808392101936 1.5010357 1.5752609 4.045758 0.6151509 1.516763 59.12266 1.497272 1.122675686095772 
Car -1 -1 0 524.7914703517586 177.06245141408522 543.2189248879887 194.4347005648712 1.4697164 1.5773472 3.8361735 -6.7161036 1.8546573 64.00371 1.458565 0.28020036220550537 
Car -1 -1 0 410.3033020474924 171.84046955865264 498.2805831082116 209.63307813913735 1.665145 1.557136 3.6534274 -6.9658947 1.6204886 32.60023 -0.016845256 0.26962870359420776 
Car -1 -1 0 386.4079411095398 175.0370189854298 486.21043271809174 213.0312117584789 1.5432223 1.615936 3.7685966 -7.25692 1.6381819 30.403149 0.095094144 0.5009587701261021 

