Car -1 -1 0 495.97299991022015 178.02497950072035 541.1437613926304 213.38267602952328 1.5506482 1.5481131 3.476048 -4.22604 1.8064961 33.930664 1.6133163 43.36180111209217 
Car -1 -1 0 232.8215685392859 188.58103971822266 418.6451481973305 295.40680619534857 1.4804169 1.6425251 4.0104465 -4.700135 1.7989604 12.602949 1.5784506 105.68628079801053 
Car -1 -1 0 743.9992265595852 181.50964199270493 907.7787272873026 282.32912598488775 1.4485595 1.6350123 4.173101 3.6067824 1.6274152 12.817794 1.5644572 110.7013622782643 
Car -1 -1 0 360.5345138660759 186.23100733977975 470.57539383296125 254.78355092836554 1.4283944 1.6190299 4.105908 -4.6537743 1.7981527 17.890125 1.5722659 78.45034338200507 
Car -1 -1 0 715.6982258908533 178.70436097916104 810.5928604725235 248.00567982969525 1.5069546 1.6066048 3.8777761 3.697372 1.6685307 17.973629 1.5899554 62.488176288814486 
Car -1 -1 0 833.8800958546781 187.0391280499394 1163.5619884869382 373.4124506234095 1.4405699 1.5954419 3.5329082 3.7044978 1.6252 7.6191254 1.5781031 91.56114060686565 
Car -1 -1 0 701.2126266748501 177.2295886413517 768.5433221337628 228.86447377434092 1.5169622 1.620202 3.858213 3.9868953 1.6711745 23.479073 1.5983316 29.97356226354827 
Car -1 -1 0 689.5038828094137 177.0572886476552 742.3537931027068 217.9769128934292 1.5003669 1.594733 3.9225683 4.178682 1.6798483 28.835732 1.5872307 10.829394776119797 
Car -1 -1 0 516.9444576023865 176.3994322981292 551.4430182147601 206.34881600716318 1.4987595 1.6067158 3.8901258 -3.9798925 1.6979373 38.555836 1.5257683 4.832588075061573 
Car -1 -1 0 1107.0573623186 175.6572034492386 1242.0 224.55862679760784 1.4491198 1.5046825 3.3790827 18.150154 1.5467272 23.354252 1.4466798 9.98558066975429 
Car -1 -1 0 590.7172458362211 174.6485399862541 636.6902558471475 189.45375785493934 1.4666277 1.697796 4.570195 0.44125035 1.6496633 72.64977 0.042061247 10.433944720680971 
Car -1 -1 0 1046.244769662141 158.86127012528277 1242.0 233.4690707415379 1.4822588 1.6164888 3.91463 11.836403 1.2042603 16.305593 1.587518 0.2636905610561371 

