Car -1 -1 0 703.866561539393 187.8945299345119 814.7189744224958 270.6530794286385 1.3893759 1.552702 3.4628172 2.8729298 1.7277222 14.489082 1.5851451 75.82229478189718 
Car -1 -1 0 129.9928504155352 184.92165984741519 402.7116243209676 281.86769284430386 1.4968412 1.6016855 3.8350422 -5.6341352 1.7137975 12.157645 0.0070783235 80.1756977675023 
Car -1 -1 0 767.591521893504 179.3352219314524 939.2495065693612 241.07453312860633 1.5816919 1.6709466 4.11854 6.5170927 1.7661921 19.61008 0.046288528 91.20752325186048 
Car -1 -1 0 248.62000244175655 183.22089092387614 449.66127756408696 251.0992135893322 1.4839536 1.6065162 4.1426544 -6.0190754 1.7404027 16.949015 0.047105476 47.37432943719098 
Car -1 -1 0 0.0 194.5155982018486 337.9505608147608 310.22470858171675 1.4185233 1.5844338 4.0186224 -6.0545855 1.7416228 9.955072 -0.0074792686 115.17333260546802 
Car -1 -1 0 318.54557893210057 183.2348487714327 472.1176163245088 234.609695801594 1.4737861 1.6296542 4.1672363 -6.4075627 1.8003619 21.867077 0.008307742 24.307787315603903 
Car -1 -1 0 270.6946093802799 180.03758141523974 437.3612777729952 239.75533568982937 1.5303805 1.6376872 3.9354143 -6.8209953 1.7332443 19.5347 -0.011533401 15.179377854675256 
Car -1 -1 0 195.75601366059024 183.78921162090313 412.54585787334287 263.4818773668164 1.4850695 1.5688763 3.770455 -6.1236095 1.7221775 14.678143 0.099012345 29.986155518537235 
Car -1 -1 0 354.22073638209775 181.64739616958963 484.42231432188385 228.3861526103561 1.4993337 1.613787 3.9538336 -6.373186 1.8080007 24.409576 0.05686516 6.180053294099674 
Car -1 -1 0 636.2890761680353 179.6688409721935 668.4217674950394 204.44764967582537 1.5503523 1.6332448 4.2194347 2.830641 2.0287735 48.493645 1.5027152 6.407609590324855 
Car -1 -1 0 395.541000399807 178.49329019578076 501.15285326413397 220.79768221047803 1.6234248 1.6330187 3.9347029 -6.388226 1.8568637 28.906689 -0.07491021 15.348471764949979 
Car -1 -1 0 693.6445848801957 181.2064846054756 789.1664297327941 215.66443123071613 1.501838 1.6205597 4.0014496 5.9608946 1.8932703 32.86197 -0.07210698 7.665120404570838 
Car -1 -1 0 480.3107155661315 180.47971230950859 548.3451615429143 205.63729142933937 1.5343666 1.6224867 4.0461926 -5.950279 2.0226932 45.361557 0.0159788 2.1349773997052095 
Car -1 -1 0 690.960973104745 177.41619339952095 780.2482856469046 212.65025194362977 1.6541278 1.639425 3.9950356 6.0933595 1.8823488 35.1115 -0.08327085 3.6862880534511944 
Car -1 -1 0 709.5538355906548 183.878092768248 810.235110799574 221.11970134830617 1.467077 1.5867243 3.794736 6.2141705 1.9410038 30.017803 -0.11240603 3.198282264311236 
Car -1 -1 0 404.2179907033123 171.36288656181 511.2456603057272 214.14671523514957 1.8153987 1.6595067 4.3139896 -6.557234 1.7521278 31.452452 0.003010346 2.5055116709390868 
Car -1 -1 0 676.5483029949445 178.11827481873203 700.6405812829191 197.93078989263566 1.5098507 1.5955468 4.129556 6.337986 1.949535 58.17938 1.5972358 0.9104143721281689 

