Car -1 -1 0 674.9114184102855 193.89693340955253 785.8045996496476 285.9209162518152 1.582089 1.5904315 3.5975823 2.3867662 2.0748143 15.067717 1.5333973 74.29357012390876 
Car -1 -1 0 727.0047745528015 195.57524804753044 913.3409580133542 333.33492969657215 1.5745772 1.5807004 3.2141879 2.8502383 1.9558284 10.450319 1.5033202 84.91266564646966 
Car -1 -1 0 366.6258254220549 200.94921039947351 479.79528487787485 286.2533359249466 1.4964607 1.6625352 4.073425 -3.9957194 2.2042835 16.101822 1.5198545 99.15923702275728 
Car -1 -1 0 649.7499487069089 194.7486785796865 731.2485721156014 256.47641257382406 1.4745136 1.6250986 4.304729 2.2371166 2.1784477 20.997444 1.5057006 45.08994103900493 
Car -1 -1 0 427.77289891500897 201.59544009387992 504.26835329109963 259.82957185791895 1.4329703 1.5970669 3.9626908 -4.216202 2.3780296 21.726501 1.5484614 30.96048671427691 
Car -1 -1 0 481.71055656414586 196.57717600070472 522.0310181390344 236.06913247194845 1.5161437 1.5884395 3.7543635 -4.719596 2.6318426 31.986862 1.4709504 6.141976497743198 
Car -1 -1 0 642.4181593764354 194.59121971293513 699.2792087511384 240.55903644763052 1.4725145 1.553314 3.6965158 2.2065368 2.3372855 26.806772 1.5006596 12.482374057234043 
Car -1 -1 0 635.9084660247162 193.3737459793026 678.5988451532775 230.11643156646178 1.4655006 1.5750467 3.7240207 2.112055 2.4511967 32.77327 1.5379633 6.247184063261503 
Car -1 -1 0 461.9903890217344 198.52266028135153 508.78632919513456 242.66909315809283 1.4467701 1.5394182 3.5837364 -4.7023373 2.4975998 27.67557 1.4653659 2.0466012825353195 
Car -1 -1 0 611.4348552147387 193.10119038379935 641.1356963225654 215.518604291099 1.5107667 1.6310875 3.9738135 1.2242348 3.0973651 54.461464 1.4345589 2.345786276769516 

