Car -1 -1 0 467.1899564338143 180.618642545501 523.5009187915416 223.61188517832 1.4899261 1.6251055 3.7121868 -4.0948734 1.3306156 26.791348 1.5410078 62.207919244284994 
Car -1 -1 0 262.27077458078935 185.03360627900452 371.54391447727187 241.5759104576325 1.4622543 1.6262419 3.792013 -8.132147 1.4575452 20.497108 1.557566 63.07749193249726 
Car -1 -1 0 94.21959519060181 183.1697048628814 235.6710973788863 238.23831467300408 1.4527776 1.6488127 4.182934 -12.757626 1.3988018 21.074492 1.5473933 69.31635856655564 
Car -1 -1 0 0.0 181.56373646618627 199.367007575864 316.8094752612505 1.5479354 1.6098838 3.8277957 -7.63899 1.5061374 10.145641 1.5655687 89.51016652326426 
Car -1 -1 0 342.49317125344777 176.89133423817668 492.8959586660854 281.549592233039 1.602236 1.679228 4.302718 -3.2450962 1.4747965 13.168835 1.5557953 78.0519567053234 
Car -1 -1 0 561.2742943195818 178.03027352356102 606.9837756223524 220.2887937040397 1.535659 1.6612878 3.4945323 -0.8672177 1.2745433 27.883812 1.5541497 23.501132084824363 
Car -1 -1 0 236.57073911454904 184.2065610838214 322.0324930463053 223.48086573297385 1.4234266 1.6019902 3.587074 -12.606047 1.3868523 27.867882 1.5974363 16.950898929145758 
Car -1 -1 0 511.36855495171363 177.1107631011473 548.2571914625673 207.86294393033359 1.5826645 1.6008883 3.949427 -4.1447105 1.1655431 38.97616 1.5639448 7.706980534224287 
Car -1 -1 0 341.6575053875159 184.43481585185896 403.1678570200362 226.4145157273182 1.4600735 1.5901525 3.6597989 -8.712208 1.432914 26.927479 1.4262676 3.0617530757459153 

