Car -1 -1 0 679.4731235137782 171.59248211378963 856.5539029384898 300.8720087934666 1.6845999 1.6360903 4.214239 2.288966 1.6681614 11.563672 1.4972303 131.1834292676132 
Car -1 -1 0 175.4891148639744 192.30362279749974 453.6763929241574 375.0 1.4501987 1.5208304 3.5341175 -2.8392417 1.7076149 7.7742896 1.5817505 126.38938134313072 
Car -1 -1 0 618.4513684192092 178.7793164292863 652.9142914467297 203.751099829542 1.4609919 1.619599 4.2478924 1.5968059 1.8522083 45.446865 1.4738197 17.89430303525386 
Car -1 -1 0 265.4067937075143 182.606284842425 431.98163186474176 240.39682172912234 1.4727569 1.573817 3.9216082 -6.940086 1.746356 19.449203 -0.0033415975 12.430015088342683 
Car -1 -1 0 137.7677450436531 183.91811153792221 367.15538658091316 262.23524094137923 1.4665115 1.5929935 3.8604512 -7.110971 1.7048965 14.654512 -0.049797058 61.52673080525894 
Car -1 -1 0 395.8238477522083 181.26485541684593 499.75746940165254 219.1033156603434 1.4754541 1.5716517 3.8538327 -6.5835543 1.831366 29.551834 0.103448816 8.20703081991743 
Car -1 -1 0 449.1467221098704 179.04006471443566 524.273672318058 207.11342995515693 1.4775391 1.6409848 3.8445868 -6.637115 1.8216805 39.253414 -0.03486608 0.43952614068984985 
Car -1 -1 0 291.75250588446556 180.64576741123028 431.46320742158275 232.22092096164712 1.4913709 1.5473826 3.7038295 -7.444049 1.7360464 21.878637 0.0028449544 2.233066184618132 
Car -1 -1 0 697.1729311064352 175.22031965273047 759.6332160007306 199.25442909766397 1.5287255 1.6708822 3.7290204 7.7221875 1.6862825 47.064667 -0.07770994 0.5009183023216841 

