Car -1 -1 0 678.6346352698906 177.53844703216146 753.192426251041 228.6733913344035 1.4062793 1.6008098 4.098185 3.180955 1.5644338 22.291313 1.5450959 68.96382824694548 
Car -1 -1 0 711.764365671804 181.02020402899987 893.7096902549378 298.55673645256036 1.4685271 1.6507869 4.3191137 2.8082347 1.6232989 11.496449 1.5469006 94.61939685099472 
Car -1 -1 0 220.44532621478004 186.08784430690753 449.69342154845395 257.76644564748835 1.3944908 1.6282741 4.264036 -5.7282867 1.6932664 15.339154 0.06492117 122.22483512449043 
Car -1 -1 0 0.0 180.27472964906752 300.58613774926425 311.3221864063827 1.5570148 1.6054195 3.74982 -6.3526864 1.6668694 9.6836405 0.10670354 62.99678052950189 
Car -1 -1 0 274.88906107018545 179.8046923584564 447.37028360516877 242.8443850721609 1.4897778 1.5821316 3.7623086 -6.109259 1.6709762 18.018057 0.00038996717 24.81190540831777 
Car -1 -1 0 646.5177444568201 170.42981840534694 687.0965565423771 201.38553548278313 1.6977773 1.6546347 4.0387774 3.2513137 1.564822 41.66282 1.4741035 12.684152881748874 
Car -1 -1 0 295.4410489295024 170.3251861365702 451.147729561839 234.79946819099823 1.740611 1.6678808 3.8383863 -6.57868 1.6723405 20.352589 0.020575088 6.816123019807223 
Car -1 -1 0 491.8823241236608 173.64424478540047 550.9487179196784 198.63306872789667 1.5683795 1.5579453 3.597804 -5.603105 1.619779 46.133644 -0.010143992 0.334310382604599 
Car -1 -1 0 466.4270030947353 176.2875324354336 548.244105124308 205.37876804863546 1.5259086 1.6611003 4.1243086 -5.4969893 1.7165167 39.067467 0.07755251 0.5270703078375069 

