Car -1 -1 0 269.74363728188587 185.46781481061458 454.9865139415974 295.47251045157384 1.4634681 1.6222945 3.8424087 -3.6707127 1.4681785 11.501535 1.580843 101.69304566999503 
Car -1 -1 0 449.72320883227957 176.75781489038556 515.6271386940725 231.15984844015262 1.5807827 1.5617913 3.2544615 -3.8273754 1.3350184 22.530582 1.5508497 79.5762501500452 
Car -1 -1 0 712.5261475844526 187.60268247534526 838.8542318447454 277.5694434700277 1.3812311 1.5354481 3.4232774 2.861977 1.4296749 12.858681 1.5960612 79.58113196789265 
Car -1 -1 0 114.67915082276436 179.21508547570545 290.95134753709925 264.6387973476529 1.5375552 1.6347535 3.7940238 -8.127264 1.4295492 14.868249 1.5290887 86.83791726757084 
Car -1 -1 0 658.8794439035098 179.29856884412234 720.5061431637065 225.2156906856892 1.4617879 1.6196318 4.069895 2.774386 1.273414 24.930386 1.5577385 57.550553193597956 
Car -1 -1 0 383.2229571269039 180.1052012138331 445.8060299789289 214.92804248196305 1.4390783 1.5991902 3.8662305 -8.40521 1.2278835 31.667757 1.6066402 23.39072099580656 
Car -1 -1 0 480.50565891738404 176.44642624687674 534.0224065943307 217.92758654722834 1.6399046 1.6060852 4.090953 -4.1621842 1.2932227 30.483698 1.5954418 28.184236088082738 
Car -1 -1 0 435.7542375623654 179.30515891722283 475.7779456390147 204.71962084559112 1.4127285 1.5479296 3.5486255 -8.743437 1.084176 41.74059 1.5796816 4.90695941223964 
Car -1 -1 0 585.6658716153127 176.9488524933919 611.3249494703243 200.49694015542653 1.5241952 1.661119 4.1041813 -0.55224895 0.9891077 48.585785 1.5760779 7.567783416990452 
Car -1 -1 0 275.5166679612519 181.8238623742218 398.96688093778585 233.00726802125132 1.4326067 1.5498849 3.6485791 -8.174899 1.3376703 22.099998 1.9211977 4.654671948947589 
Car -1 -1 0 630.6755294338219 179.47047802998298 662.9135465943293 200.44852340741159 1.3741037 1.6288414 4.0944557 2.6662645 0.9977803 49.198563 1.4809182 2.0582461409183184 
Car -1 -1 0 460.57533194894427 168.52503091841376 494.41883017691345 191.44826964132668 1.536938 1.606895 3.818225 -8.998166 0.41787618 50.12068 1.5890123 0.6045074307413739 
Car -1 -1 0 616.9899316018614 177.52329858303838 636.7048776102675 196.1073743348109 1.4946942 1.5855108 3.576635 1.6114969 0.87600404 59.618286 1.5878623 0.5532280937554822 

