Car -1 -1 0 576.9195498834601 174.48828277252665 645.9787916831182 237.2577100887605 1.5645845 1.7234288 3.330769 0.1426855 1.297194 19.602453 1.5932597 57.42500641428188 
Car -1 -1 0 137.66594269183238 187.73796732956106 298.7743194305062 266.4580619940705 1.4606404 1.5689597 3.4526148 -8.022461 1.5200152 15.185788 1.5579373 114.08257775695904 
Car -1 -1 0 284.93645881736774 176.9901188573696 456.8635139760308 286.56037560518155 1.5664694 1.6369678 3.883871 -3.785282 1.4488726 12.221325 1.573586 132.22703329610968 
Car -1 -1 0 438.3050012116973 179.42559463452346 504.9802435410321 229.0622019186167 1.5152811 1.5892928 3.6746016 -4.4016705 1.3385237 23.799202 1.5488038 73.39949791132261 
Car -1 -1 0 271.50702661194686 184.82097623725346 347.95426456383456 219.47493944283283 1.4017345 1.6265918 4.1362705 -12.780132 1.3857682 31.151361 1.5634978 24.636420276974956 
Car -1 -1 0 481.2636872178286 179.3330856166885 528.919556468151 210.93898442919482 1.4615111 1.5496407 3.6600463 -4.9304724 1.189489 35.125465 1.6479918 13.399889413132344 
Car -1 -1 0 413.653802133137 181.12626710413224 460.45053342214965 211.80122336526873 1.5284312 1.6006438 3.8506286 -8.873051 1.3246684 37.755707 1.5552812 5.900679183927395 
Car -1 -1 0 575.779164768295 177.03641776492012 617.0865566761023 214.98228696866093 1.4726223 1.5135467 3.1864474 -0.39709836 1.1551967 29.522144 1.6139972 1.1197180633152577 
Car -1 -1 0 506.3383446091234 178.27692090971587 543.2591110112052 203.46728438832602 1.443706 1.5669967 3.696238 -4.9905095 1.046032 43.194893 1.2764785 2.7201286599086725 

