Car -1 -1 0 133.65471555750676 187.5922453904674 383.63938467796544 326.65678484976576 1.467478 1.5808027 3.6120398 -4.2732153 1.5047762 9.46488 1.5566115 110.48683479485685 
Car -1 -1 0 397.5059868107831 186.79568413992502 479.01631114309276 242.10379044171563 1.3761859 1.5490587 3.47115 -4.5417805 1.4234793 19.75246 1.5311316 78.90212033774293 
Car -1 -1 0 459.90392661579943 184.81951633457373 513.3575848645559 226.39337445092139 1.4205027 1.5511283 3.8956792 -4.3794384 1.4069659 26.554222 1.5086799 36.98256034196759 
Car -1 -1 0 760.2702670021004 180.88721017416677 1042.919064893119 356.88600010589596 1.5878382 1.6480503 3.8037667 3.07745 1.5487871 8.413676 1.5375135 120.88353206019703 
Car -1 -1 0 575.7087459638237 180.0957105702855 617.1324893234722 217.85473344959084 1.5586914 1.6272211 3.5538259 -0.52154684 1.3473384 31.50282 1.5022546 31.56366978336973 
Car -1 -1 0 69.33404696882604 168.26795446307105 263.67720422644044 269.06500326489504 1.752728 1.644248 3.9027166 -8.61068 1.458029 14.483179 1.5300617 40.49683308895054 
Car -1 -1 0 385.1360524957199 183.82681509670223 440.8258294686189 219.3123672898272 1.4758422 1.6490302 3.890786 -8.538935 1.4180787 31.89203 1.5057871 12.861720850765865 
Car -1 -1 0 415.7484288293346 173.64180629693797 455.658038494981 206.93179950866374 1.8605525 1.7282822 4.570499 -10.082754 1.2136965 42.54032 1.4645509 7.765476435510793 
Car -1 -1 0 617.7192903223364 179.5019330574327 643.6665914423742 200.5752836968304 1.4797525 1.5642275 3.809773 1.6801856 1.0785369 52.422333 1.5159717 9.49310372275329 
Car -1 -1 0 475.7146935432357 183.7007024014193 518.9765869914422 216.04226584785613 1.4504874 1.6052012 3.9221997 -5.170843 1.3825413 34.23078 1.5319443 4.090989891374329 
Car -1 -1 0 465.57295045531083 179.73576793652936 535.4055650948682 204.05355296213926 1.5228183 1.7153485 4.2290006 -6.7718825 1.1796564 45.916504 -0.020385483 1.1079626513828933 
Car -1 -1 0 276.1098789875571 176.2149642494488 381.1874466790123 234.44011112583715 1.7103968 1.6661903 4.1439714 -8.846992 1.4459951 23.216984 1.6062055 0.985596418540897 
Car -1 -1 0 561.869832068964 181.97146574548842 594.1462690927442 209.80201453284937 1.4975063 1.5953674 3.6062095 -1.6849449 1.3229406 40.55616 1.4671574 0.640992990492576 

