Car -1 -1 0 455.0266591056851 188.81178445239647 526.6567914738494 242.98126001109927 1.6481621 1.6466894 3.8118458 -4.0308537 2.2455287 25.057186 1.6323953 75.37350447448036 
Car -1 -1 0 797.6251101399112 196.40249451975873 1049.768946825633 352.2299185154108 1.4213815 1.6272368 4.0551004 3.6742606 1.7911249 9.266954 1.6159005 87.10614454074546 
Car -1 -1 0 495.9502134661804 188.56767639163257 547.7476743437527 231.26197514171776 1.5833764 1.588165 3.983615 -3.6067734 2.2860327 30.252377 1.5971947 28.691562502855845 
Car -1 -1 0 743.0962985480091 188.982434284782 864.8679414729673 276.82226638127037 1.470783 1.646847 4.20313 3.8659458 1.8545823 15.020399 1.6343725 113.00989181011839 
Car -1 -1 0 1067.723867685695 183.48642804032258 1242.0 270.3301959141267 1.4473934 1.6394515 4.033123 11.564442 1.6862428 14.345349 0.64148444 44.923444033179656 
Car -1 -1 0 534.5925690820673 187.89049263589095 575.8144372666729 218.8487164786609 1.5271268 1.6114774 4.070446 -2.9374022 2.3989043 39.732758 1.6620376 6.803699063359473 
Car -1 -1 0 694.8883782914644 183.50503575349484 725.4549549849621 210.36248798558032 1.4675483 1.6656601 4.1894693 5.993994 2.138961 43.31514 1.6728572 17.13118084584897 
Car -1 -1 0 598.7626580039987 185.68139435527735 624.691899186267 203.35919891451192 1.5032523 1.6510826 4.140862 0.23417975 2.7283955 66.724304 1.7623076 3.520563768703078 
Car -1 -1 0 174.49480688312295 195.46375989533237 226.44650188646935 219.98424459251405 1.5007129 1.6498291 3.9075298 -28.218632 3.1275663 49.89927 1.4839208 2.528225674013295 
Car -1 -1 0 198.28625940621754 196.28262402142883 317.4840340214385 236.40497038010255 1.5470431 1.6512969 4.1009145 -14.424893 2.5417562 29.746378 -0.030639796 3.923333461653247 

