Car -1 -1 0 809.7347445491854 188.98241929831437 1111.0399460183962 288.6294190374337 1.4367292 1.6070815 4.1140466 5.519146 1.7177577 11.638914 -0.06400846 74.87313545411365 
Car -1 -1 0 900.5430455207901 186.383786143116 1242.0 331.03294055010474 1.522653 1.5888679 3.8268702 5.7493057 1.7043968 8.73349 -0.08762446 107.84820672770792 
Car -1 -1 0 628.5880556701615 179.6304300045891 687.3674180907886 221.547719455355 1.4143333 1.627032 4.294674 1.7444458 1.69102 27.259136 1.4964956 59.268919064417915 
Car -1 -1 0 289.89045503497135 181.43507536484782 446.9293599525458 232.87721244924307 1.4416615 1.5871814 4.120593 -7.0414076 1.7054764 21.342161 -0.022951977 55.35099594609334 
Car -1 -1 0 330.3246371937144 182.17039671702832 467.67860481006625 229.39296360689227 1.4794716 1.5854361 4.1031165 -6.875537 1.7990012 23.852724 -0.050002597 24.763216308955275 
Car -1 -1 0 788.1743565291403 170.00921426241925 1016.4237969266064 264.9983898270991 1.7316744 1.65427 3.7858691 5.6021667 1.6798133 14.087817 -0.057210937 28.152299378180786 
Car -1 -1 0 614.7837164240742 177.9019784570021 647.4072131256655 205.58999818737135 1.5165042 1.574386 3.790103 1.2167997 1.8250546 42.164616 1.5114845 5.710251810211086 
Car -1 -1 0 0.0 156.80514784971606 284.6151151059506 302.67273233731123 1.8600973 1.6676083 4.0225916 -6.936126 1.655443 10.099371 -0.03231492 40.14436847872062 
Car -1 -1 0 610.3266668013315 175.5890942641493 639.1843735117873 201.02851586792096 1.5961587 1.588863 3.693895 0.9661398 1.783679 47.574284 1.5052828 1.6516916215371793 
Car -1 -1 0 504.72304103134326 177.45034176166004 529.0524631796443 198.01070586181677 1.5102994 1.5600846 3.7242904 -7.1276197 1.8774723 55.744156 1.5262939 0.42572789090999247 

