Car -1 -1 0 20.370103761636166 182.14068270529864 163.39103074600627 228.31935405721052 1.4791636 1.6965529 3.9207768 -18.57648 1.8425976 26.103674 1.9321773 52.12365341032109 
Car -1 -1 0 774.2445569141998 171.35291599660437 843.8715087886316 196.23948866360774 1.527308 1.6157087 3.8933182 12.454057 1.4351851 45.1699 -0.041843034 34.86154948055037 
Car -1 -1 0 0.0 187.28752182782398 87.80307859209194 226.86267571290526 1.4528517 1.5912585 3.879598 -24.333725 2.0971847 30.114082 1.9747719 8.63196548521824 
Car -1 -1 0 1075.4207816123296 164.11531801844612 1127.693415239735 183.9192176685558 1.5354592 1.6563383 3.3638673 39.29327 0.8579211 57.709114 1.4555547 8.722105394228569 
Car -1 -1 0 833.5263766774564 168.13630037264346 871.0140687384502 188.20478502320577 1.5809233 1.643118 3.5913773 19.696041 1.2092795 58.687035 1.5034885 6.633819303168089 
Car -1 -1 0 305.54593778716213 177.49365014276896 380.9642824028977 206.29010379529544 1.5460993 1.6649978 3.9081378 -14.950324 1.8166156 40.63568 -0.33830208 2.310272109177947 
Car -1 -1 0 1028.0469130662236 165.50172493663334 1077.8142386973238 184.73352443064823 1.4856312 1.5846803 3.7548356 35.354023 0.91767734 57.638718 1.5400647 0.5693725268183906 
Car -1 -1 0 1000.9708147606335 165.57374358221148 1054.47712488487 185.69417355184552 1.5242484 1.665189 3.9875622 32.79784 0.9727231 56.715126 1.4905101 0.49413002561065256 
Car -1 -1 0 238.82543330024689 176.3483355693467 276.7695841929594 196.2342513872533 1.5535843 1.6210026 3.9082649 -28.771786 1.8498101 59.127033 1.4455892 0.26058194041252136 

