Car -1 -1 0 305.20788412927277 193.07021497451908 468.93729035748663 293.5017964862987 1.4297023 1.7536057 4.385599 -3.871886 1.8661765 13.3694725 1.5521717 136.38317733940357 
Car -1 -1 0 94.14374074210056 205.06672715158314 315.0277200452738 311.7075662507231 1.3888983 1.6271718 4.056038 -6.7951417 2.0450325 12.661822 1.5620852 118.47281011854459 
Car -1 -1 0 431.77112434879575 188.445416157703 506.9483127753801 242.15312536000096 1.407727 1.5419234 3.4487202 -4.118374 1.913144 21.65458 1.5848905 58.81132744440786 
Car -1 -1 0 636.8834948421049 178.284645157271 677.8612837700529 211.83926361011012 1.4716666 1.6153295 3.7889223 2.2112856 1.7432611 34.174698 1.5504681 48.549106466699214 
Car -1 -1 0 761.5584069021174 164.38850021924077 885.6597201109378 209.0693465502187 1.6345723 1.750417 4.1712637 8.015158 1.3248763 27.271805 -0.00017938891 30.068105997224233 
Car -1 -1 0 489.6859027481614 182.82709398078157 520.6627745590621 206.81751471321456 1.5313148 1.5479498 3.6831996 -7.113993 2.2403362 49.44571 1.5829802 2.091002253889745 
Car -1 -1 0 738.9777217722317 159.40789083949346 849.3638304929259 202.34416079592162 1.7594297 1.6649798 4.2204456 7.728038 1.2084389 30.440792 -0.01966994 2.673147983141533 
Car -1 -1 0 403.3617850529087 187.56795486546403 468.4865391358102 228.85092688605897 1.4193019 1.5468227 3.7343106 -6.6637177 2.0295186 28.037289 1.5963567 0.3586556613445282 
Car -1 -1 0 916.7780873912089 154.2907661886713 969.297166066618 180.11545763705143 1.5090505 1.5841361 3.6335468 20.267015 0.42431873 43.995506 1.5916287 0.9218797902274706 

