Car -1 -1 0 705.2015574282606 174.5726675963175 837.9602677314426 263.9308697354896 1.5418949 1.6369854 4.0930886 3.093966 1.5816231 14.604477 1.5351777 75.67411282846646 
Car -1 -1 0 758.0928763725368 176.48571054597645 1021.4831455713919 343.7522677899959 1.5254719 1.6398544 3.789711 2.9797766 1.578118 8.561218 1.5665061 84.15049080876665 
Car -1 -1 0 219.5774855092938 182.56086496754736 419.59294139118697 317.35538074715413 1.715239 1.6293428 4.027502 -4.3411064 1.8972447 11.50124 1.553242 106.75455332570961 
Car -1 -1 0 505.36528565255634 181.32513342900108 532.7306531788668 206.5808560307927 1.511075 1.6370186 3.959802 -5.8865576 2.0832105 46.649784 1.4158921 7.559367520121303 
Car -1 -1 0 627.9705174651964 178.24931962853591 661.6170720406883 204.88730284526 1.528727 1.509983 3.5034976 2.1086183 1.8711721 43.972004 1.4598439 7.070590673840175 
Car -1 -1 0 580.9185912155268 181.17394925116272 604.7359056325947 199.60802470046843 1.5153651 1.5444214 3.3614597 -1.479537 2.2593722 62.728447 1.3844125 5.1506735428757136 
Car -1 -1 0 649.8767959660407 174.11363079763126 699.661049565347 218.624644680517 1.6929173 1.607456 4.0289507 2.6048942 1.7481091 29.586206 1.5527408 4.473134826774926 
Car -1 -1 0 564.159399206307 180.41024280733257 583.7765207987665 196.4496435499419 1.5364962 1.6147163 4.0522227 -3.6383443 2.3256915 73.23872 1.4272888 0.7114609176580954 
Car -1 -1 0 644.5706212400489 177.03642147405228 689.3851180133718 212.218741127798 1.5801922 1.589753 3.7340355 2.7124343 1.7929863 34.787598 1.4932652 0.5500133374888325 

