Car -1 -1 0 273.73220402551607 185.602506877103 444.43661640373654 246.97073083674132 1.5519965 1.6386093 4.0251575 -6.647092 1.9098568 19.423435 0.005661657 55.54260967389891 
Car -1 -1 0 657.4170819637194 178.2419149826917 726.9191388778809 236.4388156161404 1.7866011 1.7165213 4.3993587 2.7347884 1.988436 24.796684 1.5302994 65.12859811443316 
Car -1 -1 0 644.0403199614036 184.79078869412996 684.9180052525113 218.62573224448678 1.5189679 1.5971103 3.6602535 2.6561627 2.1381242 35.565453 1.5310304 10.481705656594151 
Car -1 -1 0 359.5641088041482 188.18748619809045 487.2316365626484 234.13803804626252 1.4338884 1.5655328 3.877773 -6.2526307 1.9757271 24.37925 0.18026137 14.964277513219928 
Car -1 -1 0 402.2421147436824 182.9691069563928 496.67094996809175 224.57596228761813 1.5911196 1.579201 3.4843037 -6.35684 2.008822 28.909771 -0.056115236 15.429159537384496 
Car -1 -1 0 422.2256533949737 185.27170077610134 515.0763707238702 222.63190845168862 1.5506592 1.6023055 3.7106476 -6.0603027 2.1031463 31.293999 0.004016073 9.15431629435983 
Car -1 -1 0 319.03413882400963 189.92946963409105 473.55291682594094 241.62341087598654 1.452723 1.6034651 4.1661606 -6.3372116 1.9868762 21.708824 0.029223071 10.3633678359404 
Car -1 -1 0 479.7367936186219 178.24638341334344 543.9927793900615 204.66745225936575 1.8161948 1.7034988 4.2627087 -6.859686 2.2036977 50.91552 0.039405182 3.6052040448678055 
Car -1 -1 0 489.3617732468716 181.71899775679037 532.2163568056237 213.40556161218885 1.5942795 1.6490444 3.8757017 -5.3342037 2.1023405 39.379566 1.6150402 2.9242568647230267 
Car -1 -1 0 631.7159675371342 182.99000213031687 662.2991501822623 207.84040690490968 1.5205394 1.6238861 3.938879 2.4399023 2.2202015 47.796978 1.518867 1.9832223558244197 
Car -1 -1 0 0.0 184.9186162222363 268.17021235218476 345.83963632112676 1.5558296 1.6111526 3.6201208 -6.025713 1.7092813 8.153454 0.124373145 4.99610010150382 
Car -1 -1 0 755.4313555716224 199.35093398564518 1016.7325739199707 343.1655003631642 1.4517897 1.468717 3.0905588 3.4940443 1.8680816 9.625155 1.1232575 0.6324854900581866 
Car -1 -1 0 170.9527048201125 190.25270483797115 420.1878454563102 276.1379689336386 1.4649801 1.5984508 3.9905643 -5.749877 1.8138409 13.569474 -0.05005332 1.074228694662396 

