Car -1 -1 0 721.9412884421529 191.2624424852831 909.3822189767744 308.6526846176873 1.4030533 1.5537411 3.5226083 2.9338503 1.7312337 11.030958 1.4668379 106.6029821777967 
Car -1 -1 0 658.4426894054252 182.2452886352775 738.855420356325 241.7503411957675 1.4800775 1.6160898 4.132911 2.4444952 1.7770231 20.712454 1.5239305 95.66135422086795 
Car -1 -1 0 358.4899510783025 186.76252580663729 497.72778880512493 231.2254040514703 1.4108288 1.6180067 4.2866254 -6.08889 1.9009402 24.461752 0.07337085 62.93607911602942 
Car -1 -1 0 145.19796206819018 190.92467061292263 381.24361908793765 274.3201583768058 1.4563496 1.6078024 3.792292 -6.555601 1.827028 13.896454 0.05355237 53.580014192045276 
Car -1 -1 0 0.0 190.2437074555995 284.87537605730756 320.146853750259 1.4926624 1.5491205 3.6245008 -6.348484 1.7363379 9.308186 0.015443932 65.55910441950246 
Car -1 -1 0 46.46211715043544 192.22985894264335 332.1503701390654 293.0408825250443 1.4448206 1.543873 3.7491477 -6.626758 1.7804401 11.593473 0.07193078 43.06353486722542 
Car -1 -1 0 202.66703704804888 188.40832524104496 406.57821137968364 258.11434396860574 1.4642026 1.6272674 3.9300895 -6.790064 1.8341036 16.340317 -0.0025999625 31.431498991024462 
Car -1 -1 0 258.7603137866227 184.4114912432704 431.5559052112746 246.25713412103693 1.5060658 1.6061732 3.9072998 -6.798296 1.82118 18.787252 0.04253131 30.3035276268476 
Car -1 -1 0 648.7659907867315 180.18174066588907 698.7962222300114 217.2110000543716 1.4684768 1.6126809 4.2386975 2.7428622 1.811559 31.625034 1.5206239 7.16288070807795 
Car -1 -1 0 375.1012662242885 181.6896483137966 487.801092614173 223.74702146851533 1.514869 1.5586019 3.8472269 -6.6287913 1.856297 27.099735 0.0014101419 7.5147810153523915 
Car -1 -1 0 633.8862368294506 176.9772729734488 661.5574728308275 202.02990604453888 1.6755463 1.5774229 3.5748258 2.6472406 1.9756141 50.683746 1.5193383 1.658979505699811 
Car -1 -1 0 382.1208595674305 175.8142513768851 487.55654554977554 219.32479547463964 1.7184772 1.66557 3.8848026 -7.10073 1.8434887 29.546934 0.047276855 0.8634063534664026 

