Car -1 -1 0 668.5334837573265 188.06410315692054 746.8826734772234 242.21583065129556 1.4095299 1.56269 3.3775225 2.8418946 1.9005015 21.530373 1.4674277 87.74464328759032 
Car -1 -1 0 0.0 192.88085988630746 294.9607616763902 312.2620606362089 1.4991543 1.6427612 4.0397882 -6.831209 1.8065122 10.211828 -0.020103209 57.02864008755509 
Car -1 -1 0 239.8313129093617 192.62979277797254 436.983799446995 258.41543017456576 1.4572585 1.6619041 4.1280913 -6.4319973 1.9583302 17.398308 0.025716035 80.45936289203081 
Car -1 -1 0 977.1336516402408 191.44836108898272 1242.0 351.9936241464015 1.4256077 1.5894976 3.801951 6.8101144 1.708716 8.934065 1.0828032 79.24849059143682 
Car -1 -1 0 65.11933283473734 191.9359056755777 344.02182151374933 285.09128181656706 1.4688832 1.5913439 3.9457293 -6.8800874 1.8224353 12.542303 -0.015649252 48.052650761418235 
Car -1 -1 0 639.9696721537593 184.98645427250545 688.3032087628612 222.7991670771067 1.4576943 1.581256 3.9606745 2.2900238 2.0151381 31.132019 1.5167912 38.925806045773164 
Car -1 -1 0 313.2364073079153 192.55156791209754 456.90689389105546 243.2512247606693 1.4438641 1.5982552 3.8897924 -6.798755 2.0704372 22.086433 0.034347855 24.981494122876736 
Car -1 -1 0 341.93944799486144 190.90849507806334 472.85135878682746 236.8900976202046 1.4422733 1.6165327 3.9298468 -6.741365 2.0730433 24.283375 0.060190864 18.433784960286822 
Car -1 -1 0 288.168534800534 190.8757745187879 447.9674081919601 247.999885912658 1.454365 1.5761118 3.8468466 -6.5452404 1.970371 19.789248 0.04304123 12.790860427565937 
Car -1 -1 0 433.6050924229032 188.05682747258726 525.6541740825476 220.05235116060447 1.4664477 1.660159 4.1112456 -6.236196 2.2211938 34.8885 0.050273333 14.463404904742841 
Car -1 -1 0 383.90746730678404 184.76761461259565 483.45487795683 224.24064821645703 1.5310245 1.5404011 3.6972034 -7.09136 2.0291228 29.329262 -0.036773123 2.082050052110109 
Car -1 -1 0 366.90925726188607 188.02642482638916 482.4864150354078 230.10423975892041 1.4775573 1.597414 3.8754203 -6.853819 2.064146 26.95532 0.07434077 1.8313774028661642 

