Car -1 -1 0 698.1571626484264 179.25509092917358 809.0801856842505 261.21031082782093 1.5026972 1.6211094 3.8254418 2.936308 1.6566997 15.444157 1.5738287 111.49841222077296 
Car -1 -1 0 789.983405430654 175.26388754805296 1151.5528124899502 375.0 1.5794497 1.6088096 3.5998874 2.9653754 1.6082582 6.823207 1.5678475 115.05664835007728 
Car -1 -1 0 0.0 203.0226812919584 325.2655609252042 375.0 1.4794033 1.6362916 3.9242992 -4.471684 1.875848 7.4871926 1.5291765 126.0087583643973 
Car -1 -1 0 382.59794382067014 182.11822546678766 488.11822383684375 258.9553893314744 1.688606 1.6385963 4.098327 -4.2978687 1.9515755 18.417795 1.5885795 70.47503823426923 
Car -1 -1 0 269.38689056417263 179.58653123387134 428.34693435466966 298.7560669624143 1.7969451 1.5890193 3.734253 -4.481653 1.9356512 12.979252 1.5461454 110.81906836636811 
Car -1 -1 0 676.3670927013703 178.7015187602254 756.7954518772814 236.26974593864804 1.5301328 1.6514869 4.0557814 3.101509 1.7223625 21.658257 1.5279553 40.52982175240175 
Car -1 -1 0 584.6721369892905 182.15958328454383 605.6749862912164 198.9735297857444 1.529453 1.587877 3.6728191 -1.4144953 2.4532967 69.70207 1.4272765 10.719051952279958 
Car -1 -1 0 643.5845810848082 179.8876905767403 681.5223863868043 212.7787202756349 1.531138 1.5991702 3.9994564 2.6247292 1.9060084 36.45082 1.5646985 1.761329726472492 
Car -1 -1 0 624.2215780532844 179.096609457209 654.2631680787972 201.6219388921224 1.4973409 1.5664089 3.6753848 2.0594864 1.95464 50.940426 1.4557011 1.7645500738699889 

