Car -1 -1 0 636.0737662650702 176.62413742046724 710.0110167530551 229.6786623334323 1.4628053 1.6437258 4.222056 1.8626645 1.5909612 22.364113 1.5017529 78.6632116346214 
Car -1 -1 0 265.1340520584886 184.66214022956086 439.76579504052216 242.12097138405727 1.4311223 1.583296 4.0581484 -6.7082996 1.7566962 19.096664 -0.002921623 26.673216786657427 
Car -1 -1 0 329.3051853744776 178.19861332553114 447.94091944503344 226.342351734335 1.531075 1.5891213 3.4741378 -7.394013 1.7189457 24.275513 0.17672953 20.035781894478365 
Car -1 -1 0 197.2479467954979 184.28258241623158 400.746642689022 252.43547757387304 1.4599223 1.6275796 3.977969 -7.0266423 1.7359247 16.582153 0.014793543 40.665248873466346 
Car -1 -1 0 620.2475367621544 175.82563547354266 651.8085789066001 205.61855630166576 1.4534127 1.5492043 3.6448889 1.3317994 1.6149793 37.39734 1.583884 12.357755250617616 
Car -1 -1 0 610.889480998796 172.1940003258965 646.7350713626579 199.99415094298027 1.5712212 1.5736814 3.631687 1.0967048 1.5339189 42.682484 1.4412136 2.3171139148107978 
Car -1 -1 0 402.1595313173497 178.26564688015858 493.42685380036727 211.3874925419892 1.4814525 1.6262238 3.8328805 -7.526218 1.7424934 33.716427 0.14884514 2.9446260005854636 
Car -1 -1 0 883.1717262806416 159.15458884156735 1242.0 313.0567889383342 1.7529291 1.6576293 3.6717925 5.620899 1.5968943 9.142006 -0.052364737 28.820946677480727 
Car -1 -1 0 490.6013843541854 175.73696788532922 517.6303336409409 198.20785069886108 1.4627149 1.5534847 3.520022 -7.239473 1.667409 49.34119 1.345956 0.847714499932328 

