Car -1 -1 0 768.7905805285448 177.3025018856904 1025.2444747828474 342.83568522089723 1.5112143 1.6151536 3.9458666 3.1074915 1.5770972 8.690269 1.6001859 116.1247293931262 
Car -1 -1 0 183.0304951633001 188.8979247272602 374.7141690961386 296.94376084655437 1.6030555 1.6315798 4.057022 -5.8528004 1.9454077 13.354172 1.588095 107.5893967022786 
Car -1 -1 0 443.3466834774726 182.9085422003977 500.95671094698315 222.1328899509864 1.4698975 1.5882847 3.8891416 -5.636547 1.9152764 30.002394 1.5894713 28.52032865462611 
Car -1 -1 0 1002.518794678665 143.18051890693613 1242.0 252.74570130537737 1.5004182 1.671075 4.2950163 8.439259 1.0940607 10.717405 -0.0004264699 89.37341691437366 
Car -1 -1 0 398.8961104694977 185.24433814157052 479.4438413034341 234.85735090401238 1.4755769 1.6321621 4.0327053 -5.6829247 1.9320557 24.533016 1.6137493 40.83791061472534 
Car -1 -1 0 471.038589781331 182.36101398634116 514.704960582013 215.09538607824499 1.4472582 1.524827 3.625016 -5.567899 1.9292722 34.768543 1.5687472 17.01849473792883 
Car -1 -1 0 762.0775849109148 164.0968831609808 846.4946841264616 194.78278537218256 1.4966326 1.6691676 3.983025 9.74638 1.0695246 36.36946 0.18028691 15.147751910684986 
Car -1 -1 0 967.0089616658066 154.2311484557489 1044.0865441280405 180.20191812574635 1.5403025 1.5839723 3.793633 23.889 0.43579805 43.603886 -0.009593033 6.816255744120679 
Car -1 -1 0 1034.0158006544395 148.9137562419419 1139.7964395918168 182.10616152898984 1.5854516 1.6646935 4.093034 23.311726 0.44193387 35.326027 -0.0142489625 9.316063582899885 
Car -1 -1 0 981.8309724373051 153.5356566363861 1067.0077481171106 179.39189030950774 1.444783 1.5915798 4.0366263 23.697863 0.36532107 41.280094 -0.08400599 5.875973136225892 
Car -1 -1 0 1000.6304688362635 152.46794824945178 1092.951497849518 181.43124274896053 1.508514 1.632493 3.9585862 23.257084 0.4467339 38.459267 -0.03189478 4.01684336115377 
Car -1 -1 0 492.57760655236365 179.3317265077153 524.0859579999129 208.80322915604117 1.5377893 1.6050918 4.2842355 -5.680473 1.9242464 40.834053 1.4692144 1.9944377157945672 
Car -1 -1 0 710.9633901724611 171.99345801932452 746.2535181468423 196.48783526999392 1.4659474 1.5854447 4.21471 7.422842 1.4144452 45.302887 1.5871872 1.4757719066018944 
Car -1 -1 0 491.3525776681662 179.71333414016146 548.7941116080356 203.87073981873385 1.4930038 1.6199929 4.0294065 -5.951099 1.9655454 47.715584 0.77844477 0.48087073341678993 

