Car -1 -1 0 352.0798416227416 181.85131975154098 422.0795841318673 223.34150394618885 1.4715078 1.6023126 3.829504 -8.305775 1.3521854 27.43362 1.5401793 87.53846303141864 
Car -1 -1 0 159.0256211696192 176.36043631680994 328.5360506882481 261.57695198411216 1.6347165 1.6646006 4.0341597 -7.7573 1.4648452 15.813411 1.5786173 101.27193334656353 
Car -1 -1 0 556.5724782899953 178.96467114749126 606.8341118580285 225.5024732647617 1.5427296 1.6663623 3.3228111 -0.8707501 1.3355079 25.504227 1.5552875 30.665197663578095 
Car -1 -1 0 313.76617988940654 180.50065032219132 373.9476453710067 212.17335820108966 1.4728818 1.6459701 3.6680574 -12.844176 1.253617 35.27279 1.5588932 25.06752157435995 
Car -1 -1 0 418.9855418651686 175.18395986963597 514.8607727214319 249.13339459821037 1.6305757 1.6707337 4.158518 -3.3623798 1.4093771 17.948515 1.5479105 74.15916753600979 
Car -1 -1 0 487.0512289931034 180.57557161268323 531.5480494928428 216.54099272793655 1.4762996 1.6045003 3.7767596 -4.2208295 1.2858329 31.432123 1.5227929 21.787145747980002 
Car -1 -1 0 141.81966773238202 184.7766716469933 256.44007463385043 236.63389552663858 1.4872605 1.6138911 3.6831272 -12.617401 1.4746692 22.490334 1.5290884 8.848907609357076 
Car -1 -1 0 248.69860665949858 180.58857268072975 326.14914500380576 218.41565499014942 1.4389646 1.5805848 3.5907805 -12.870009 1.262946 29.151035 1.5580379 0.8330929575077458 
Car -1 -1 0 385.6482994358322 181.60156411942685 436.2401078584433 214.13278540410158 1.4355967 1.57374 3.6401734 -9.104005 1.2761056 33.58828 1.5088649 2.533840055227028 

