Car -1 -1 0 756.5292012457716 178.672672973637 1032.924206355887 344.42640522568104 1.5147457 1.657912 3.9926822 3.0864184 1.6017334 8.761408 1.5340981 102.33872782164116 
Car -1 -1 0 46.38188156215984 198.43901714311414 321.0377758250852 330.0770344181537 1.4534316 1.6477633 4.1216993 -6.011421 1.9115326 10.845848 1.5862353 147.50136269250845 
Car -1 -1 0 318.8869964339944 177.0142328799686 433.3269193442754 249.24514462360216 1.6729363 1.7795274 4.268415 -6.015962 1.7956734 19.123917 1.5367823 80.74385411976041 
Car -1 -1 0 541.6422971038606 177.97217547068368 570.9617927681855 202.13318779015682 1.4860079 1.6203625 3.8910527 -3.4406934 1.8342764 47.15007 1.5730159 11.118068797049746 
Car -1 -1 0 393.37573182142177 178.6815783531384 469.31659168178726 228.2772688270178 1.5834843 1.6617707 4.2296686 -6.22414 1.8077481 25.650791 1.5690303 17.772265061069632 
Car -1 -1 0 509.63487005159504 179.2141677890031 540.00022897517 201.987569142695 1.5229237 1.6724111 4.092445 -5.9989495 1.9944526 51.444477 1.5738658 11.969234004209243 
Car -1 -1 0 933.8178541720761 155.7124627448423 1063.9512459741225 198.997506300391 1.4965581 1.6142517 4.104641 14.198952 0.9038981 26.552752 0.44102103 4.788292627502534 
Car -1 -1 0 638.2580521616154 173.86085771122393 659.2955282697317 192.7269015822287 1.4561887 1.5920157 3.8283093 3.1153219 1.5395987 57.836487 1.6009917 4.085602656666563 
Car -1 -1 0 460.27168323138716 180.40242583783981 508.6661470803325 211.59720088347697 1.4455445 1.6282314 4.09198 -6.2611117 1.8490987 36.505882 1.6001627 1.9007090571646785 
Car -1 -1 0 692.194583071134 171.44923110611612 717.6374879506238 193.07851040618215 1.5047269 1.6334627 3.8306873 6.8600864 1.4069983 52.171883 1.6519377 1.2505316236590027 

