Car -1 -1 0 254.16127293048598 182.4082953390695 367.615950766644 238.67704223511728 1.4527223 1.6173754 3.7781405 -8.286395 1.380242 20.462263 1.5885739 68.57498962835498 
Car -1 -1 0 569.2190049542605 174.2534781994937 654.1901033574612 251.47670927951185 1.5642669 1.7228229 3.451993 0.117357075 1.3422115 16.300556 1.5862479 69.07493709185465 
Car -1 -1 0 342.3329970488155 185.9307094413916 454.2476294460556 254.157667862307 1.3891919 1.5657825 3.4693093 -4.634224 1.4072471 16.412807 1.5645888 77.3695017762107 
Car -1 -1 0 441.3065680358721 179.8495830084134 511.23238821316266 225.98877936098657 1.4479661 1.608187 4.094947 -4.3839927 1.2795637 24.615482 1.5814712 53.1764216275971 
Car -1 -1 0 92.91795637597373 185.91562716164526 226.44888949738518 241.24912426227863 1.4588754 1.6077034 3.7737365 -12.838766 1.4810898 20.908054 1.5448756 43.083180852925864 
Car -1 -1 0 632.5703196040675 180.17299255785537 656.7186853431871 201.7076839902065 1.6122108 1.5772324 4.313775 2.9547448 1.2346848 56.055218 1.6941395 1.1124914708577265 
Car -1 -1 0 196.8148611117434 183.8094541364773 276.7888191416015 219.80070199824692 1.4601521 1.6241525 3.916268 -15.945816 1.4031013 31.163595 1.5157295 1.004788262720077 
Car -1 -1 0 400.84640940002294 179.1740149996735 453.97614540214596 210.84670053082266 1.4090024 1.5880526 3.8546958 -8.410793 1.14023 33.916832 1.5577458 0.9092323064485879 
Car -1 -1 0 309.6218243380983 181.5547065851729 365.9315142637657 214.88416692590866 1.4401833 1.5252819 3.7440684 -12.292975 1.2819899 33.00293 1.4673331 0.81052282209118 

