Car -1 -1 0 324.86399086847956 188.024009261472 442.04610424417615 256.09702811092444 1.4785122 1.6629002 3.9978032 -5.6673 1.9120343 18.596512 1.601252 52.91806108683893 
Car -1 -1 0 441.0879581860404 183.22195945270403 496.8019455221971 223.62763273174951 1.4677017 1.5105846 3.5039778 -5.559515 1.907881 28.873043 1.5820578 25.021095252205438 
Car -1 -1 0 401.32764808336555 184.9376528976889 476.46307093684163 234.53067496839557 1.4624715 1.5759141 3.7803712 -5.6030164 1.8979273 24.102602 1.582521 51.23243582325295 
Car -1 -1 0 1109.7137654599264 134.86057791791674 1242.0 176.8888076773732 1.6675887 1.6846875 4.075834 23.126654 0.16009223 29.551321 0.039555293 36.17804202660414 
Car -1 -1 0 499.5537009385242 179.45206003486834 537.6638405164441 207.3810511230465 1.523067 1.6122899 4.1348405 -5.293562 1.930109 42.423737 1.5982821 8.275331799014278 
Car -1 -1 0 469.47719966057906 181.71122758489378 516.859842604011 214.5692071680551 1.447001 1.598756 3.9480128 -5.554021 1.8989277 34.83034 1.5848577 10.424996262684466 
Car -1 -1 0 1021.8026825142798 143.91158684030972 1109.9430033618087 173.90467569958028 1.537509 1.540335 3.6608527 23.858963 0.05385965 37.797108 -0.021622656 10.854284421627424 
Car -1 -1 0 725.8350753974248 167.46471839942248 770.2047787407766 195.33652945701695 1.44608 1.6620139 4.2280383 7.5258336 1.1664664 39.558266 1.5811977 15.855032001677134 
Car -1 -1 0 1074.146604061479 141.07779528954208 1199.6525646553184 177.12955046177512 1.557517 1.6824152 4.250345 23.485939 0.18471324 32.264877 0.121620685 3.7542829557980286 
Car -1 -1 0 1043.9849696456342 143.7291580780849 1151.5859313165345 173.91164615602864 1.4402256 1.6218958 4.2090054 23.834642 0.05046779 35.30666 -0.03151491 4.093417723064569 
Car -1 -1 0 781.4073685966351 156.81157877917525 878.8427542481239 191.47339038906375 1.5462704 1.601006 3.9639058 10.0594635 0.83061457 33.066795 -0.039863076 2.685560876184889 
Car -1 -1 0 757.8662555625409 162.60312013337617 847.3721544944858 193.85419834778364 1.4906776 1.6171695 3.9275534 9.446017 1.00171 35.439056 -0.11128992 0.5246750996831707 

