Car -1 -1 0 346.0136612335513 187.63451130047483 459.92319305045294 252.6657024870395 1.4114966 1.6545923 4.2687263 -4.9165187 1.4789401 17.902876 1.5628065 101.08383608547442 
Car -1 -1 0 231.92554435078833 188.586398244926 340.5311473517906 244.156866821272 1.3814546 1.4977642 3.373969 -8.69825 1.4820769 19.767487 1.5642681 75.47115487555737 
Car -1 -1 0 34.50176118103175 187.50496509728399 257.9149086681356 287.2144479184319 1.4726424 1.6033648 3.733408 -7.782425 1.5187678 12.59386 1.5406122 113.64614175052554 
Car -1 -1 0 0.0 183.72606883234133 140.03421922346988 259.64918057921136 1.5548483 1.6233255 3.8425627 -12.753853 1.5243418 16.72371 1.4551963 34.930298684412826 
Car -1 -1 0 572.3246334578827 180.39698198652664 601.9515366462315 206.836403739816 1.4192667 1.5903319 3.5956001 -1.0935571 1.1605983 40.393375 1.5613592 12.618845749768132 
Car -1 -1 0 346.74416940440034 180.68588091665865 402.60405382260916 209.1657620136819 1.5428538 1.6816418 4.1105328 -13.196034 1.2974579 41.03834 1.6217461 8.291070730151626 
Car -1 -1 0 262.7066830506648 183.2689465831778 344.5808154670126 225.67134436952978 1.509185 1.5923078 3.7588263 -11.495079 1.4398962 27.477463 1.5547323 15.687714878375838 
Car -1 -1 0 371.7879551656975 183.3061748557705 429.58375329341266 220.44794331164456 1.4302309 1.5652256 3.518435 -8.39835 1.3567002 29.487656 1.5056715 5.006758449581354 
Car -1 -1 0 417.1066046594828 181.6305084989435 467.7183562389177 213.32943694875866 1.4934087 1.6260682 4.100823 -8.162533 1.3245022 35.92524 1.5609767 2.799822612134991 

