Car -1 -1 0 685.599349655719 181.95726818829965 776.1718272189122 249.8755536341432 1.4464195 1.5971124 3.7418003 2.8653436 1.6938252 17.738743 1.570682 95.33469521543672 
Car -1 -1 0 653.7217179092233 175.53857945640465 704.2532095525141 220.7219225621626 1.6496301 1.6869303 3.8853576 2.676922 1.7630671 28.532139 1.5875328 55.94663347550331 
Car -1 -1 0 211.47659320841066 176.4776621494032 425.6835199464753 248.46108776998014 1.5097473 1.6806698 4.1484327 -6.4375863 1.5961423 16.217625 0.070934094 113.365622115608 
Car -1 -1 0 0.0 164.74826369020948 286.827599784167 327.75487247299424 1.7136725 1.6977417 4.1983733 -6.29691 1.6284577 8.557909 0.05962565 91.04768484667076 
Car -1 -1 0 2.4877424476521712 180.44789436645692 304.00572977231207 286.78663050314776 1.4956533 1.5905272 3.6778765 -6.890194 1.6219292 11.134943 0.037269324 12.00825528605333 
Car -1 -1 0 628.4905062177686 175.04766667551164 667.6220436661976 204.2956812499854 1.6922102 1.597787 3.7355142 2.3022912 1.8320444 44.018356 1.4012444 8.451190096951638 
Car -1 -1 0 308.793049385639 167.25288455639833 469.50243298717 232.6982555488337 1.8328233 1.7400908 4.1643157 -6.3636546 1.6759617 21.129759 0.025480686 55.81933862378733 
Car -1 -1 0 398.9128230597728 175.17169034109872 507.50276856253464 217.33659407625694 1.6175033 1.6361707 4.0188847 -6.1521235 1.7127392 28.71523 -0.058127303 9.911253406565212 
Car -1 -1 0 637.3246792897288 176.56618849058805 678.2000868021929 212.7809650596197 1.6154535 1.5666616 3.8812344 2.2544117 1.803359 34.55626 1.5356238 3.5238160581425064 
Car -1 -1 0 370.78812307304787 181.77706779154005 493.1971071863769 224.3427810400814 1.4525856 1.5889597 4.0514464 -6.302022 1.784519 25.92409 -0.06112533 1.6966454990624373 
Car -1 -1 0 346.01988736721273 181.01342943612227 481.7459935826375 228.98814212823748 1.4923888 1.5949821 3.99069 -6.3090677 1.7677294 23.53521 0.007858328 0.8425867474324785 
Car -1 -1 0 532.1254799768951 177.1187112945194 558.6295900739557 197.84009541368994 1.5110564 1.6019357 3.6204193 -4.952997 1.8496608 55.35077 1.361676 0.7672239919188893 

