Car -1 -1 0 8.465985760190547 203.61107334088078 424.4367156262653 375.0 1.438962 1.5431373 3.6107562 -2.7857919 1.7747967 6.070026 1.5668557 93.50207806765411 
Car -1 -1 0 698.4847084533328 178.3371134005992 923.0868964149844 341.82017226151174 1.6982498 1.646803 4.1491632 2.4085274 1.7885699 9.761611 1.5055327 156.207627071568 
Car -1 -1 0 240.79114430666127 195.14836919734253 425.64436268975066 259.58393772208717 1.4584019 1.5995927 3.9344914 -6.687603 2.0322785 17.740139 -0.01687496 37.1915210759535 
Car -1 -1 0 629.4449317082301 185.95572785769593 662.8936045371304 214.16919185624198 1.5451882 1.6023898 4.0977716 2.1629424 2.3737872 43.544464 1.518288 17.85626764668587 
Car -1 -1 0 74.7829952267418 194.67448940588028 345.99156845229635 286.8090957734607 1.4749204 1.6101336 3.9373326 -6.97033 1.893424 12.913692 -0.061719656 95.81710227098021 
Car -1 -1 0 387.2778149169384 190.15478595621707 501.31155492442167 231.09755870082606 1.4720097 1.5632256 4.0031466 -6.350957 2.1663003 27.89624 0.14332673 12.338049176948884 
Car -1 -1 0 413.72437352924356 189.66581305208584 507.4366776854639 223.32069401133788 1.4476984 1.5295697 3.928635 -6.812753 2.2443786 33.140446 0.15116948 5.650722593123884 
Car -1 -1 0 446.1539443867204 186.79372122847323 530.6052514291633 217.24842245174844 1.5175692 1.6196425 4.1102185 -6.2652025 2.2598236 37.574356 0.017512979 1.8829678892426174 
Car -1 -1 0 269.08054165431207 190.3859470381669 427.5384610154273 246.00594671656222 1.4500047 1.55698 3.8987212 -7.2853847 1.9659525 20.312706 0.07450783 4.246566025433623 
Car -1 -1 0 401.62308134854084 191.46794171501497 506.7598206708063 229.02677688614375 1.4608452 1.5468864 3.999539 -6.441286 2.2633014 30.088947 0.12509234 0.6037305784254222 

