Car -1 -1 0 638.3312699445212 176.30173951378717 717.1468422366783 232.06652947542895 1.4650307 1.6546619 4.282526 1.9105327 1.5778654 21.420536 1.5015655 97.15281391273425 
Car -1 -1 0 241.50305097219368 183.5433367250196 432.3311017265221 243.71983397780883 1.4200873 1.613766 4.183022 -6.741069 1.700526 18.122066 0.00041294083 41.942172308059966 
Car -1 -1 0 317.05936946188325 177.65080914869867 442.7662116327201 226.85593688625127 1.5151638 1.5640095 3.5401726 -7.356452 1.6760108 23.294214 0.06800431 27.327035875221835 
Car -1 -1 0 170.69845842158333 184.38937146578252 387.3251867501013 256.757770006054 1.4567345 1.5975099 3.9534404 -7.0288134 1.7191551 15.599219 0.008331482 33.05844995530747 
Car -1 -1 0 396.26305887820035 176.85875185543227 489.1717038166553 210.91109491867343 1.4832301 1.6157441 3.7777731 -7.510377 1.6699554 32.651833 0.09897383 6.052919109868641 
Car -1 -1 0 919.4989608701978 156.8965007820119 1242.0 330.995099459889 1.7465403 1.6643524 3.7956376 5.7565174 1.5864562 8.154307 -0.044571687 44.34996936186854 
Car -1 -1 0 504.992690702103 174.69077852177037 535.3771609337019 196.22698045930537 1.5149541 1.6449564 4.0484986 -6.541092 1.655452 53.1482 1.5948048 1.5323707642052597 
Car -1 -1 0 621.9123757125717 171.01020100250008 651.6367451831488 198.9720464238652 1.5372838 1.5935134 3.6383603 1.5274628 1.4359154 41.492546 1.5767753 1.216160505879023 
Car -1 -1 0 617.55017333542 174.71403067933022 657.9214023428541 205.723744858879 1.4692425 1.5438164 3.7283683 1.369559 1.5679163 36.34767 1.4746574 2.6147184924594367 

