Car -1 -1 0 347.62944742093737 191.34954415171745 438.955351042486 250.4021456695411 1.5077565 1.5982255 3.4986143 -6.2707644 2.0986018 21.287964 1.5866632 82.02930221624594 
Car -1 -1 0 661.4710565619647 175.50900096230248 727.7492703809475 224.8497750398701 1.5527475 1.6544247 3.8854158 2.8477752 1.6516569 24.9 1.5227454 82.16926160873923 
Car -1 -1 0 405.0580402254102 189.4940075584303 477.7081982983896 234.46559606447101 1.4485595 1.633373 4.0760427 -6.1526613 2.1149278 26.831442 1.60315 56.204650113834504 
Car -1 -1 0 17.454117472163507 200.89487806099197 130.02702911744575 247.96825979660338 1.5644603 1.626591 3.7410893 -20.71629 2.7292242 28.09393 1.562336 46.81174999241521 
Car -1 -1 0 458.02727818489916 182.428478571242 503.4237930534735 218.15370138537304 1.5843215 1.6070895 4.1051893 -6.2179337 2.078845 35.1898 1.5380987 20.665211775658168 
Car -1 -1 0 0.0 204.38294271714926 70.10800791839901 248.1755747961524 1.4648144 1.6136935 3.6875782 -23.59274 2.8057227 28.781912 1.487252 5.922740504732005 
Car -1 -1 0 629.879268643963 174.68390252680527 646.0156959441788 189.46434198282876 1.4674742 1.6099014 3.8676145 2.936471 1.6603991 74.098694 1.6220322 2.9187499913880863 
Car -1 -1 0 91.2166940842018 198.87782718553294 194.2557697720155 242.3290883156064 1.4432203 1.5864061 3.7983997 -18.079254 2.5273998 28.154238 1.5624249 2.1852305216513823 
Car -1 -1 0 508.1367791901778 181.59195081198322 531.6541937094662 203.47332715336492 1.4540737 1.5992556 4.0877714 -6.3969927 2.1064692 51.75509 1.4655147 0.8752105261293863 
Car -1 -1 0 564.698014092392 177.62478759347852 593.6159019014058 192.2017270824244 1.4563955 1.6476798 4.294774 -3.161797 1.9733613 75.889626 1.8839912 0.6208176250088985 
Car -1 -1 0 956.385857388624 151.47952671204675 1018.1399069390665 169.7427497667794 1.4602158 1.5859504 4.271879 30.829819 -0.258227 58.94771 -0.06896348 0.5524839441791207 
Car -1 -1 0 487.89908392365516 180.82235867371713 516.5782369703487 209.72463901259698 1.551036 1.5703387 3.863011 -6.194781 2.035535 41.852936 1.4376347 0.29363229870796204 

