Car -1 -1 0 566.426795526651 188.99498467230416 625.1760299457044 236.87479786537426 1.4497252 1.6034584 3.9388976 -0.55728924 2.0617442 25.297611 1.4328191 63.85288421713474 
Car -1 -1 0 682.3948974097251 198.47583480231998 896.0433569086041 334.95151737851097 1.4021153 1.5542834 3.7139943 2.264696 1.830648 10.108307 1.4053655 128.83424055694562 
Car -1 -1 0 383.9971518498571 191.2221591923541 425.54602702573897 223.92091745437642 1.5937815 1.6339253 3.7839677 -11.117918 2.6465046 39.373108 1.4442643 25.25727798202942 
Car -1 -1 0 0.0 206.90785683507943 244.98031438772253 368.0823418248331 1.5375483 1.6278346 3.7233849 -6.2937303 2.090832 9.725243 1.3419175 101.81305847204514 
Car -1 -1 0 550.6694459773255 186.09596091880056 602.476527624785 225.1854976294109 1.4807653 1.605833 4.0783834 -1.4810688 2.0884662 30.954138 1.3690495 14.935445836692923 
Car -1 -1 0 775.4478225814006 170.89555488910665 891.5707977398932 219.96369755022212 1.622681 1.6308386 3.6528542 7.889882 1.5579152 25.46862 0.51346236 46.01073441121678 
Car -1 -1 0 1079.7729212943086 172.8820324661217 1190.0303681731289 257.1593037643677 1.4143606 1.555369 3.7955606 10.286891 1.4149847 14.087744 2.2282858 39.72773650148116 
Car -1 -1 0 971.0649388787745 168.19893702647684 1093.9305679001857 209.83952547177367 1.4078367 1.6634018 4.207387 15.418927 1.2504524 26.591331 1.4354309 20.357675237986044 
Car -1 -1 0 405.87391862687986 189.78259214562323 438.99271448818007 217.8901923339038 1.5651026 1.5781881 3.889117 -11.53863 2.6610312 44.67215 1.4241242 4.795383390219395 
Car -1 -1 0 699.3206756151336 182.05701731065093 803.6028816027509 220.3977467288596 1.5581691 1.6517537 4.230749 6.234208 1.984086 31.751974 0.43531936 5.554187011078528 
Car -1 -1 0 761.2279093453602 180.66524905458618 871.916440520916 222.17653217224466 1.4790528 1.5365195 3.9021206 7.9701796 1.7968181 27.819056 0.44511932 0.7002905576310808 

