Car -1 -1 0 673.8185746610083 178.03655137856632 761.3889627622774 251.6389553380286 1.6627634 1.6737578 4.060539 2.6649961 1.8111348 18.621948 1.5764858 92.41038512164913 
Car -1 -1 0 757.677433957316 192.03241061143154 1059.4381697013841 375.0 1.4578143 1.6255392 3.7332828 2.7854314 1.7112342 7.659501 1.560686 117.61471503658214 
Car -1 -1 0 225.49236659032928 187.16635845120894 420.8021617543844 259.31994929730746 1.4891369 1.5466911 3.7248502 -6.250082 1.8229766 16.021187 -0.0191578 42.332147219520024 
Car -1 -1 0 657.390051636629 182.59503202087097 720.1819660286974 231.9167668910743 1.4928429 1.6154369 4.152479 2.6289678 1.8553457 24.758535 1.5497427 27.405446703900672 
Car -1 -1 0 263.9626080947781 180.20864960253652 446.27568597875415 248.21329808000635 1.6446517 1.7135935 4.1469727 -6.4588156 1.845316 18.677343 -0.074681684 25.560308291304004 
Car -1 -1 0 6.2593287562406275 163.9426697562894 346.9189691456535 295.8987731457421 1.8586164 1.7646422 4.18104 -6.444457 1.7330992 11.07494 0.014240601 101.04605279542065 
Car -1 -1 0 642.6073221072094 177.66273431628218 687.4429130342706 217.4634368130084 1.7337986 1.6321979 3.6543207 2.5391302 1.9711807 33.75077 1.5178342 18.30896922770691 
Car -1 -1 0 633.0685144779328 179.20588038176314 661.116533477082 204.57198135393676 1.5711225 1.5870811 3.5758457 2.5035028 2.0057778 47.50147 1.6958697 2.381555501119999 
Car -1 -1 0 155.44871259953393 187.05650737755602 388.2375072117624 273.90806282910216 1.491981 1.577087 3.6396358 -6.2230263 1.775518 13.541044 0.04165375 6.281691457688433 
Car -1 -1 0 478.61146184078603 181.02526415593908 544.2456692851868 206.72413921028198 1.54895 1.6051934 3.8273158 -6.0778427 2.0677629 44.930923 0.04146581 6.624331451696363 
Car -1 -1 0 367.2197322433626 183.11058026356642 481.21980822977224 224.21971070952057 1.5208933 1.6096988 3.9989254 -7.1056366 1.9292203 27.912601 -0.003933032 1.9181240637870989 
Car -1 -1 0 464.69234082901215 182.0404699108104 535.6141368239125 208.40616632764602 1.5069977 1.5998592 3.9262621 -6.4376273 2.061524 42.696735 0.029623928 0.33618301153182983 
Car -1 -1 0 402.26270153118327 183.39105619876437 497.0431018571726 218.97416609478918 1.513526 1.60971 3.8320117 -7.064239 1.9950273 32.091537 0.03948622 0.2696855962276459 

