Car -1 -1 0 848.7989614083332 177.2310120964953 1062.5026517992735 263.270107669049 1.4250159 1.5491852 3.514665 6.5693836 1.5219154 14.059396 1.0749348 104.5628975320142 
Car -1 -1 0 648.6728485409407 182.75832856456788 712.160031125745 225.11930509008937 1.3970828 1.5986822 3.4439454 2.5265362 1.7849509 26.449127 1.4472361 69.61810846773906 
Car -1 -1 0 311.0091455271005 192.64419569533652 460.4033671898063 243.4164334729001 1.4488101 1.6514679 4.0679107 -6.768325 2.0782123 22.099203 -0.011167706 41.66495830751888 
Car -1 -1 0 626.298743756232 180.41490879785988 668.1805645102088 213.22464589929302 1.5047268 1.5747877 3.9478753 1.8279171 1.9038879 36.05992 1.4883893 25.16032048478697 
Car -1 -1 0 150.72705847092553 194.77898212521472 375.5717502846787 273.6567464414736 1.4826359 1.6105747 3.88863 -7.0509863 1.965646 14.982752 -0.055984132 14.661462646446799 
Car -1 -1 0 489.17561410664047 187.21484224292075 526.776208676338 215.90296465567738 1.4659584 1.658587 3.8505976 -5.687525 2.3158169 40.757446 1.5497084 14.122534991382096 
Car -1 -1 0 204.89521841831296 194.16768137470638 401.3117373837173 260.6208913881964 1.4677911 1.6251822 4.0306177 -7.250108 2.0054843 17.344952 -0.022499282 11.898510032064387 
Car -1 -1 0 380.67010259665943 189.90433633634112 487.27814024828723 228.67084789351946 1.4639851 1.6293243 3.85817 -7.034381 2.1749182 29.100124 0.09025259 8.84857622656014 
Car -1 -1 0 363.32031613451346 191.9672723067436 474.16268938136653 233.2521136676531 1.4431347 1.5519717 3.6947649 -7.0400233 2.1759148 26.828585 0.031793166 8.298914892014569 
Car -1 -1 0 327.913306818144 190.5300411790228 450.9633285333989 237.4323272123938 1.5073278 1.5723449 3.7110808 -7.437341 2.1294723 24.594366 0.008349084 3.6523240329311544 
Car -1 -1 0 0.0 169.29539636995287 335.95197734652834 317.55024163866966 1.8667386 1.7108659 4.1055264 -6.1748514 1.8219306 10.011773 0.034925707 9.40584709765133 

