Car -1 -1 0 0.0 206.30379899614562 337.76671831066494 375.0 1.4374942 1.5741606 3.7699122 -4.5853395 1.9030663 8.148567 1.5826854 98.25495499146876 
Car -1 -1 0 252.2636486931987 193.55912540191397 432.04053890471414 303.0397023356963 1.4929624 1.6340864 4.1380954 -4.446119 1.9165988 12.692752 1.5693268 93.01211540829011 
Car -1 -1 0 533.0169295789825 184.49584131859896 575.4966114250961 214.96634363602425 1.5120733 1.6977681 4.083069 -2.970973 2.183625 39.517437 1.6524795 25.328644360352396 
Car -1 -1 0 720.4356945720612 186.11044430862228 789.9900103134578 238.75806118195518 1.4805067 1.6099447 4.0590496 4.6230164 1.9482472 23.394379 1.616769 15.722090748067728 
Car -1 -1 0 706.1315814396396 184.86301630730574 761.5810311300389 225.45085562081638 1.4706088 1.5811265 3.6529322 4.9359255 1.9847434 29.058998 1.5640519 20.037820708421204 
Car -1 -1 0 739.46498904987 174.39675646651963 858.5563753029517 262.9017939136035 1.7837559 1.6736271 4.5130672 4.247842 1.824728 16.891846 1.5880166 76.34182733308377 
Car -1 -1 0 594.8837899723993 182.2191712066805 618.0477204287633 199.4690735558028 1.4927188 1.5697701 3.606868 -0.2581284 2.3794115 66.41061 1.7288176 3.480800639487273 
Car -1 -1 0 521.4367626174305 177.2244104464287 557.0391333917671 198.08287796178743 1.565624 1.6616504 3.8876271 -5.5237355 1.9241395 57.10967 1.7950397 0.7228525612390017 
Car -1 -1 0 696.1046772050231 183.65817988702298 741.5692955627144 218.83296837487975 1.5085838 1.5832944 3.8163826 5.09393 2.0467997 34.031883 1.5755192 0.2705729603767395 

