Car -1 -1 0 809.1438728131639 164.2864293252747 861.1762454720367 186.98983956692697 1.5903143 1.5197768 3.4660578 16.349981 0.99017817 52.417072 1.0232058 32.914341077560906 
Car -1 -1 0 556.5851658424439 170.52698743981827 604.6629762333308 194.25714582672566 1.42845 1.587542 3.8701794 -1.8714036 1.288374 45.51953 1.1096869 29.152936206242813 
Car -1 -1 0 515.9096436840208 167.90873004985502 567.6106385777787 196.71119572858083 1.6462369 1.6667631 4.3044806 -4.1467624 1.3635843 43.53829 1.1084337 38.027796515029614 
Car -1 -1 0 602.8084475205462 169.09583311218185 658.4133888873043 193.17567656935853 1.4585276 1.6914763 4.4756193 1.28089 1.2308934 46.087696 1.1252372 11.505981151051122 
Car -1 -1 0 767.6328413403457 167.90208580086104 819.8209173249725 190.01316885057895 1.4970003 1.6129551 3.8232696 12.945291 1.1617376 50.92533 1.1845089 1.5540411067198505 
Car -1 -1 0 987.8814098863888 165.09403545382997 1034.0868293884128 184.45594067034233 1.5382941 1.6520559 3.9841142 32.946842 0.9217683 59.335705 1.5929666 0.765581680169347 
Car -1 -1 0 699.8605895641491 167.6658883973606 736.4920787186434 189.8063362058634 1.5012524 1.6078632 4.134139 7.739189 1.1494677 51.141712 1.9665523 1.6261920015831481 
Car -1 -1 0 888.8559811418028 168.68047632323146 950.9059585250304 188.68924274364073 1.502837 1.675845 4.174371 23.826984 1.1893678 55.44022 -0.20555407 0.7130608664109974 
Car -1 -1 0 739.1695936701534 165.11361919528053 797.7993804023504 191.22737673023556 1.6825895 1.6056488 4.0885057 10.662521 1.1838528 48.67404 1.0873289 0.527129898441335 
Car -1 -1 0 999.670162945971 166.72148444219704 1055.4172710796595 185.2749623187102 1.5046511 1.6581554 4.039546 35.0883 1.0073156 60.684917 1.2933903 0.2528921961784363 

