Car -1 -1 0 673.4907357206652 183.0115764709912 758.1127277139815 244.62543832605834 1.3740938 1.5676557 3.986446 2.6451342 1.6663 18.754242 1.5588098 86.44195348415353 
Car -1 -1 0 551.8626304168507 175.5203078297149 583.7635550515095 201.857188759248 1.4812392 1.5751818 3.3834698 -2.4306793 1.645183 42.647026 1.6059401 14.651937318240051 
Car -1 -1 0 99.8545482757471 182.4487000869564 392.8982891489672 275.9748659602605 1.4743198 1.6672453 4.2691355 -6.146202 1.6530645 12.504209 0.049251303 156.20008317375923 
Car -1 -1 0 658.519745868315 178.10801750558207 710.0937390943602 217.8958016544736 1.4030728 1.571932 3.8753266 2.8211126 1.6203673 27.899176 1.5651908 30.992395084461027 
Car -1 -1 0 287.4105007340888 169.6942168789192 462.6745459594877 233.41623761924194 1.6737365 1.679337 4.2771363 -6.3386955 1.5907408 19.83051 -0.018196853 51.450598875994416 
Car -1 -1 0 637.0427039013493 173.14514769878204 669.2759064237881 199.31830509810197 1.6136851 1.5950396 3.6080928 2.7641096 1.6331522 46.38614 1.4954677 13.754667686842307 
Car -1 -1 0 398.9581362879594 178.98832337136167 508.9265654287155 219.38509985862055 1.488218 1.5623953 3.8555605 -5.9666586 1.7335019 27.865866 0.10841166 7.729078789962123 
Car -1 -1 0 487.01749749060485 174.6793253071652 548.1746577500829 197.02928711577596 1.5058084 1.637852 4.1065216 -6.2991614 1.6341224 49.746933 -0.077162504 9.379999267059294 
Car -1 -1 0 432.1598386039767 173.96252148453536 520.1656154432512 207.9604024112406 1.5610523 1.6344281 3.9231853 -6.2521505 1.6149173 34.12604 -0.060768172 8.65380605560981 
Car -1 -1 0 379.2143376695743 182.51820683677073 507.62903124868814 226.95564148444012 1.4493387 1.6197444 4.0763373 -5.781835 1.8037641 25.258991 0.20221573 5.696215726075234 
Car -1 -1 0 209.5121867661927 177.10899477802496 416.3770915591327 255.47887707645654 1.5607622 1.5164262 3.756436 -6.1753426 1.655578 15.268001 0.027916785 0.2708853483200073 

