Car -1 -1 0 753.1416765935379 187.60702519372205 873.7262050168748 273.7692060377777 1.422386 1.5759883 4.0618544 3.9814134 1.7656566 14.706472 1.6424534 106.82015370100501 
Car -1 -1 0 728.2852103054398 180.49598650490398 809.9544843723857 240.7302699328745 1.4867458 1.5430009 3.4384463 4.320017 1.716654 19.977867 1.58433 66.40976156330288 
Car -1 -1 0 545.0865923109774 168.65287646402265 589.5411650904241 204.8468214633702 1.5352217 1.6222949 3.9237654 -1.8492799 1.3570244 32.598812 1.612072 47.24902832363706 
Car -1 -1 0 838.2202948497777 190.9629680459927 1159.5186581526052 371.1913731889873 1.5171254 1.6471562 4.2298174 4.1850104 1.7874707 8.637198 1.5953653 98.90991680217672 
Car -1 -1 0 704.4395313767246 175.52406443308547 766.0011747705736 221.08531559513102 1.5588346 1.5602357 3.3767512 4.5630054 1.6636486 26.606138 1.5310395 41.328142485719695 
Car -1 -1 0 688.1645223402388 174.44475039911308 738.4394170441733 211.28285097420718 1.4906349 1.564986 3.683775 4.424864 1.5635579 31.216988 1.5473592 20.69383857523401 
Car -1 -1 0 452.62737627811595 172.5944052990461 548.2009123724945 247.44526816761064 1.5114391 1.5363244 3.640799 -2.3629587 1.5061971 16.409224 1.5963708 18.604818837867928 
Car -1 -1 0 676.1207387261132 169.84579680946612 720.3929774121467 203.2001493051715 1.6064835 1.5897479 4.255 4.4727716 1.4615958 36.90824 1.5330195 3.4507018352322483 
Car -1 -1 0 352.5903025404986 139.76241376703067 527.3275547166415 300.85536974886907 1.9626768 1.6569104 4.3071456 -2.3121939 1.5595052 10.9482 1.5662192 25.62091774233324 

