Car -1 -1 0 666.809235455441 180.6145645628382 758.8027372261129 245.76065888607667 1.4658496 1.6167374 4.2448807 2.5728137 1.6924243 18.90762 1.523695 103.41329268555623 
Car -1 -1 0 747.1569460409611 192.17179973550594 984.9218083351204 339.75269509204287 1.411574 1.5589617 3.444012 2.9800022 1.7041967 9.1486635 1.4872177 133.39761820735157 
Car -1 -1 0 652.4756125635765 178.81601484053792 705.9319464448704 216.88731402270213 1.4227501 1.582073 4.101631 2.7937706 1.6855564 29.712658 1.5133822 30.904114368124826 
Car -1 -1 0 341.8905849095527 185.2557312048075 490.62317675776995 232.67578685377055 1.3974591 1.602546 4.217306 -5.986349 1.8015236 22.618816 0.0423463 59.63667401114238 
Car -1 -1 0 81.11584997761393 190.25243988507899 355.8271015321958 286.27027767305555 1.4387279 1.6078589 3.8110785 -6.459895 1.7549086 12.138466 0.09112429 66.6344933862197 
Car -1 -1 0 156.3863714777131 187.9959116120375 388.0707120028575 266.76131660585924 1.4662613 1.6181669 3.9318962 -6.695675 1.7900012 14.590124 0.014054693 32.13899391321031 
Car -1 -1 0 234.13608032403155 181.56259243505033 419.0080958806854 251.37976628867696 1.5208306 1.5883315 3.7583807 -6.6021094 1.7386177 17.009903 0.13196652 32.84603120073544 
Car -1 -1 0 0.0 193.91998113206546 291.5152580827101 312.8365432563401 1.4210405 1.561008 3.8049786 -6.564879 1.7330801 9.810452 0.051454283 49.42717781685443 
Car -1 -1 0 357.57077089037597 180.87841180230427 482.0164136068641 226.25078933331304 1.5179911 1.600846 3.9336154 -6.5669937 1.8076224 25.234499 -0.004129718 7.950440514018503 
Car -1 -1 0 376.3360999891254 170.4693896375157 485.37008852441335 216.40824376305082 1.7153494 1.6511195 3.7822356 -6.8223433 1.6263083 27.790491 0.012103857 8.94805384324251 
Car -1 -1 0 143.56953345259367 170.12022766908245 223.0311192997292 203.87660526537874 1.5950444 1.6099758 4.135109 -21.25795 1.465869 36.17805 1.5495274 9.024440861767149 
Car -1 -1 0 638.3571588252465 171.34550780402796 666.2908633786712 199.42399056278293 1.8294175 1.6320899 4.1077423 2.8686368 1.7311333 49.069614 1.5647702 4.082182339087315 
Car -1 -1 0 427.02432043736576 176.42604149749135 512.667056684257 212.67547331249372 1.5777736 1.6127673 3.4649062 -6.3044424 1.745115 32.711308 0.1720126 0.3067953586578369 

