Car -1 -1 0 237.52362362160233 188.43149902882533 444.26758290840974 311.3447496521095 1.4642956 1.6110842 3.7883887 -3.641666 1.5200514 10.56345 1.5782123 95.73025890606131 
Car -1 -1 0 697.6132451407759 189.2111036413928 805.3626539614544 263.94148029644276 1.3857397 1.5536137 3.404842 2.9297397 1.4798949 15.226795 1.5560771 91.06118621924333 
Car -1 -1 0 436.8131603846124 180.7654000123278 513.1438400925871 240.69594210927576 1.5974112 1.5635942 3.348559 -3.7451768 1.4787912 20.843493 1.5818707 103.64388672434946 
Car -1 -1 0 0.0 186.06986853116686 187.83156378067437 309.7741711889399 1.4871893 1.6032689 3.7511854 -8.009409 1.5020154 10.572927 1.5331348 75.40285853032721 
Car -1 -1 0 648.3728427518915 182.1588375336474 700.6796152271669 219.41807400716453 1.4503329 1.633014 4.1379747 2.7439356 1.3313432 30.083782 1.5280606 49.54970861379348 
Car -1 -1 0 380.78807364655984 183.06142953405543 440.47013034701536 219.45403862966717 1.4576585 1.5850768 3.7653265 -8.313305 1.3713721 30.690853 1.550961 45.28848357825425 
Car -1 -1 0 479.79397408616194 181.85868680569803 536.1883086117397 220.87796095531198 1.4786992 1.5981506 4.0368724 -3.9639826 1.3514798 29.289385 1.6085523 41.60601066776057 
Car -1 -1 0 585.7875858229713 180.7291090328646 610.0340907934507 201.33287259663499 1.4688842 1.5699017 3.7755318 -0.71756613 1.1490262 53.18871 1.4977773 14.224050203931887 
Car -1 -1 0 255.17665360876663 185.90529657352627 380.8929167058906 243.69002776391744 1.4607413 1.5764812 3.380052 -7.9358306 1.4817249 20.04474 1.8112253 12.679184486106811 
Car -1 -1 0 576.4748980750752 181.2616849181457 601.1137948691797 199.49419553783977 1.5061368 1.5896399 3.831233 -1.5397654 1.1795068 61.3756 1.6836016 1.953330019849498 
Car -1 -1 0 531.536740038999 180.8041352482094 557.3607140722854 201.3406706009349 1.4219182 1.5501785 3.6513605 -4.5427856 1.1164683 51.70337 1.3999403 1.3559838871291252 
Car -1 -1 0 623.297219623809 181.53037104899286 645.8219085150239 199.32330044317035 1.4199424 1.5829384 3.99033 2.2300167 1.1258395 59.38708 1.5385027 2.9309892943860207 
Car -1 -1 0 458.0644552204535 169.7644733125154 491.2014573472048 192.69712577205348 1.4969839 1.6108642 3.8632126 -8.967327 0.48836812 48.872086 1.5511776 0.8060507305704772 
Car -1 -1 0 0.0 147.03492713472613 110.73668344498175 188.68636419764684 1.4957979 1.6351646 4.270333 -21.576345 0.12463951 27.965702 1.5522689 0.7745385532628227 

