Car -1 -1 0 687.1197204542838 172.2765625714034 818.7584100187235 272.9401574822538 1.768455 1.7009306 4.3198776 2.7604933 1.7583106 14.867364 1.5318555 88.70997401789255 
Car -1 -1 0 0.0 186.01035978879295 297.3544381564128 311.2833220406636 1.4876251 1.6411947 3.9248865 -6.4639072 1.6776698 9.583611 0.009427285 86.34360556392255 
Car -1 -1 0 169.75511703905747 186.19821466159507 402.7373936950474 265.3080114509031 1.4427056 1.5949137 3.944427 -6.330832 1.7253683 14.374592 0.057417817 47.55701941461999 
Car -1 -1 0 69.33432388787418 189.58774976568756 377.1310871403083 286.1734684322194 1.4457183 1.625461 4.2112713 -6.208477 1.741843 11.929667 -0.012435073 51.47126668959114 
Car -1 -1 0 655.1338317285648 183.00601401467682 715.1279525201189 228.39948505844072 1.4408393 1.6367763 3.9824853 2.6215742 1.8323073 25.812347 1.5464027 31.271044033467803 
Car -1 -1 0 640.4621598100642 180.83853011171516 675.6834245108552 210.6063907469461 1.4421554 1.6067787 3.8372242 2.5019352 1.8829178 37.908703 1.5746266 19.986230869382155 
Car -1 -1 0 283.46430932102726 180.2427376291847 435.7904251112563 243.39034862908528 1.569746 1.613939 3.4911861 -6.5033445 1.7740599 19.04971 -0.05535484 26.06166503286252 
Car -1 -1 0 668.160399472035 183.79598893986199 747.0495397852369 242.0592424047903 1.452202 1.5502813 3.5430715 2.6895063 1.790397 20.484041 1.5071346 15.181248394480196 
Car -1 -1 0 383.816037126394 175.59387994979636 496.4711127283553 217.53177810120403 1.595967 1.6445414 4.0402193 -6.615197 1.7072138 28.433826 0.020068346 14.368462934400249 
Car -1 -1 0 459.2788485446698 173.1502903682228 528.4855792663794 205.480545020645 1.7960887 1.6570728 3.691298 -6.527031 1.8132722 40.973595 -0.024214786 11.103777651309557 
Car -1 -1 0 222.95793255686831 184.76129416585783 414.92020364769786 251.72427961010285 1.4713129 1.5395288 3.887909 -6.717557 1.764194 16.943542 -0.01765858 8.017400533799497 
Car -1 -1 0 320.248146289402 171.9773281455306 472.07968182666315 233.6831282061837 1.7571759 1.663441 4.0408974 -6.2487307 1.7322111 21.449387 -0.035241283 20.703057928083155 
Car -1 -1 0 422.1690785396367 178.7231738208999 514.293251853776 210.55611457552396 1.5264921 1.7106537 4.3647027 -6.991997 1.8282053 36.039818 -0.09184568 4.460576194600534 
Car -1 -1 0 321.4939018835767 170.2778231771705 465.1973238582494 227.57927310042078 1.8132527 1.6902325 4.229873 -7.0206904 1.7317318 23.726086 -0.023068493 1.6407893166171628 

