Car -1 -1 0 484.97429877801096 180.08230003985346 533.1512688204192 216.4750423896641 1.4825819 1.5346276 3.3979127 -4.374231 1.8185023 31.805971 1.6075951 43.577991412844966 
Car -1 -1 0 764.3696727882387 184.98931905808303 975.3397359233171 311.52706599885096 1.4535306 1.6095269 4.1214395 3.5811234 1.6692986 10.757347 1.5568737 127.12879470506357 
Car -1 -1 0 140.33648038935107 191.74619179740924 381.2044439609168 326.5570150981842 1.4933589 1.6355549 3.9264443 -4.753761 1.8202145 10.514072 1.5632656 117.66456746537943 
Car -1 -1 0 317.98964533974316 189.07024857761718 455.04536199137794 268.3522884334411 1.411968 1.6524043 4.357874 -4.717353 1.8190453 15.928304 1.5775889 104.21826433737262 
Car -1 -1 0 724.664120521842 181.64638021731096 836.0029244101992 261.39677102045147 1.4941145 1.6086271 3.8110456 3.6059077 1.7107878 15.86117 1.5890782 64.11221384487817 
Car -1 -1 0 706.4754872955565 180.6307568669997 780.1075273166817 236.9451491232677 1.4815779 1.6049925 3.743158 3.8702674 1.7327144 21.40384 1.6036792 44.2037670170549 
Car -1 -1 0 504.42198743477775 178.32726123185714 548.0181580348454 210.15582254141322 1.4842194 1.634618 4.075831 -4.1446586 1.7760259 36.411415 1.595308 20.328160935581487 
Car -1 -1 0 690.6326436806827 179.66465553786546 750.6755506720747 222.9340673068416 1.4550495 1.5868814 3.9550085 4.056009 1.7274711 26.874947 1.5598266 14.710746675706567 
Car -1 -1 0 605.9034774907972 176.43804468538653 652.6665640590228 191.397645755446 1.4321513 1.6677423 4.5143547 1.9454606 1.7870264 70.48848 0.05416 7.023808990249622 
Car -1 -1 0 134.4956669762664 174.89722925965353 243.94680043593138 215.56987632775594 1.5024924 1.5360497 3.878702 -16.394648 1.5860765 28.153952 0.33482015 1.8502063960359407 

