Car -1 -1 0 683.4892695552502 187.1822143380027 760.7993456743144 243.78477615909748 1.4300728 1.5804802 3.4081879 3.1622908 1.8783469 20.840727 1.5320998 72.8759445010299 
Car -1 -1 0 792.2431267005952 181.2736248565961 1133.5246588885202 375.0 1.6034946 1.6282109 3.745964 3.1440988 1.7108324 7.3249745 1.5700808 95.73712246178208 
Car -1 -1 0 15.103127626967702 185.65059405548828 333.04473011131864 291.7593939868529 1.4806828 1.6514637 3.9146729 -6.5640564 1.6958666 11.211985 -0.049298644 99.55600957620076 
Car -1 -1 0 215.28766330460746 182.4403064433428 422.5429518488379 255.7116365566905 1.5028421 1.6623106 3.8862054 -6.2717876 1.7247818 15.86227 0.0058926223 41.51543317179852 
Car -1 -1 0 138.86531903227382 188.72612657127493 407.2832983517852 274.172000956822 1.4391475 1.5992931 4.198443 -6.0492787 1.7504041 13.307541 -0.020260228 40.00461087493501 
Car -1 -1 0 746.1471086983732 185.9744465761934 851.1671928479318 224.92838862669183 1.4357526 1.624444 3.6865292 7.29158 1.9621154 28.06668 0.036969755 38.69027544339601 
Car -1 -1 0 333.7205120527761 178.499362260892 480.5751114075741 238.21234905144829 1.6275699 1.6110437 3.7576256 -5.708749 1.7956078 20.65003 -0.011473948 41.721073446497044 
Car -1 -1 0 471.29812753958936 178.27525047315063 541.8648812146046 205.5702800114889 1.6325119 1.7037289 4.08624 -6.2919908 1.9724388 44.371666 0.009246088 16.82597717148753 
Car -1 -1 0 366.6304346346076 177.02785782449402 490.0678022502813 225.49732150065282 1.6339781 1.6511705 4.0003214 -6.311445 1.7868726 25.461082 -0.07333721 14.029153301987119 
Car -1 -1 0 284.3125574613296 185.44027704519902 460.71386225921844 247.91277921871603 1.4741366 1.6193724 3.940359 -5.942711 1.81043 18.341211 0.0658649 11.207936380165163 
Car -1 -1 0 720.1714809805363 180.0458691654059 819.7842383208863 218.6745073196855 1.5826008 1.6343787 3.919002 6.782782 1.8983319 30.784725 0.03828919 5.808076097705192 
Car -1 -1 0 694.3089743256323 182.81628709913107 777.2510888807624 212.20320520602044 1.5067496 1.6355511 4.106652 6.693813 2.050836 38.506126 -0.04057459 2.046488757731961 
Car -1 -1 0 489.78839260167024 176.1318466195183 554.7853487999442 202.97268154596466 1.7855394 1.7227428 4.3383417 -5.952737 2.01479 49.36564 -0.11196705 7.405000296308329 

