Car -1 -1 0 484.2594047381484 191.9086545894858 550.4696628653377 247.33111980915174 1.4828064 1.5983142 3.8921876 -2.7977993 2.1310682 22.596727 1.5648131 68.27585868171298 
Car -1 -1 0 245.86981830430096 198.66753984160925 472.7146945872922 349.15852783960844 1.4543529 1.6141067 4.217622 -3.070333 1.880702 9.807085 1.5725088 107.22454662940977 
Car -1 -1 0 725.852812675288 192.1557935698729 939.8550128820235 338.83710374710614 1.4663892 1.6255764 4.0104113 2.72208 1.7811165 9.7538595 1.5632932 104.93388811669453 
Car -1 -1 0 662.5621235506412 188.93500248853786 746.1999867789003 251.1263901019737 1.4918846 1.5685633 3.6981537 2.5522406 1.9847224 20.204435 1.4862765 56.979222762976725 
Car -1 -1 0 692.9516826520166 192.19326025101213 805.947979089304 276.59830241166446 1.430451 1.5814955 3.8015661 2.7619686 1.8839172 15.010582 1.5615566 67.74970319325449 
Car -1 -1 0 655.0175133033662 176.41900567470242 717.7290585005511 236.31035417244416 1.8854715 1.5844973 3.780092 2.5673966 2.0178747 24.871101 1.5217347 42.47587928350633 
Car -1 -1 0 635.9630050954748 184.56770340619545 664.9725904673248 212.56264699428414 1.5433533 1.5640118 3.8611345 2.41821 2.2784173 43.33948 1.581492 12.899270947744936 
Car -1 -1 0 526.2654360991199 187.7954091755174 564.2829035083149 223.60956132955204 1.464765 1.551106 4.365495 -2.9324622 2.2056928 33.568123 1.5306193 24.556637078544156 
Car -1 -1 0 558.9264929369948 184.99102381352313 583.9753383063056 205.02498935453477 1.5424441 1.7165916 4.1294374 -3.1436625 2.5901442 60.188686 1.609497 5.670460088813247 

