Car -1 -1 0 2.424152568684237 182.99832192742832 304.12796183420977 277.66358009916655 1.484566 1.6741667 4.1201854 -7.709468 1.6745093 12.518965 -0.07605153 144.91402149231794 
Car -1 -1 0 766.9773554462711 185.0389439912606 1032.3842289453391 289.0245691410798 1.478689 1.6093047 3.5329046 4.444112 1.686022 11.374628 -0.056262217 137.5132344937483 
Car -1 -1 0 450.8708636892148 178.67910499302997 490.02643796562535 204.63004292263042 1.6942906 1.6590014 4.046704 -9.730785 2.117725 50.268326 1.1102505 29.820986264796684 
Car -1 -1 0 722.5966260642286 184.95648867692535 939.9488737289649 268.17221556899307 1.4492136 1.552593 3.6235929 4.0915136 1.6925588 13.660141 -0.03984179 27.305230880105903 
Car -1 -1 0 84.1586441754317 174.55083953705585 313.891915693095 259.9810288105308 1.6399187 1.6182123 3.8177743 -8.348663 1.6776837 14.976149 -0.14842755 15.111741017811042 
Car -1 -1 0 154.80350176395353 174.7244200040498 339.9407562544765 250.02923038702215 1.6872979 1.6500206 3.695506 -8.589214 1.7355247 17.415054 -0.20814812 31.257697469425256 
Car -1 -1 0 994.8372335263994 182.15759982369426 1062.0840649284041 208.3608834988093 1.5780766 1.6718416 3.8994563 27.194443 2.2105057 46.98385 1.3988334 17.791394658917653 
Car -1 -1 0 1077.011557797112 186.66627711438665 1139.1271268257442 224.68020621221223 1.4416403 1.606739 4.1251574 21.399986 2.0727906 30.914257 2.3213348 11.42838253614303 
Car -1 -1 0 212.34274564832515 174.18705677376477 371.160039180923 237.728027539299 1.6507405 1.6333097 3.757337 -8.6642885 1.6897829 19.96317 -0.19736049 9.14848900515612 

