Car -1 -1 0 255.17390773345633 189.68584275786972 373.2446507358486 260.3200799190012 1.4045852 1.580748 3.8211646 -6.5779963 1.5198482 16.541433 1.4456062 95.742401527579 
Car -1 -1 0 34.502382320305856 195.960376723482 275.887064290864 319.1062437971874 1.3592631 1.5600363 3.5652466 -6.0584474 1.5387734 10.135755 1.4306464 110.1375887976122 
Car -1 -1 0 333.8939749194441 183.8947159688526 401.80995327020014 230.06607604468164 1.4513984 1.6409469 4.2872314 -8.168237 1.4098732 24.853235 1.3905636 51.987556709547476 
Car -1 -1 0 480.2721028410317 180.62122983202894 529.1857697576642 224.10619845249866 1.4950242 1.6725605 3.4815242 -3.77332 1.3370652 26.553263 1.4335465 42.425281969846196 
Car -1 -1 0 583.5722181891149 178.93189619526893 676.0509274674035 252.83696392312038 1.5946715 1.6604353 3.8283322 0.4359464 1.459084 17.516287 1.4413533 99.69886242920198 
Car -1 -1 0 224.19781738774884 184.1976926218276 310.43401681473244 230.99563707732116 1.4958091 1.6545665 3.9849458 -11.72859 1.4632704 25.072374 1.4174013 32.1902844793053 
Car -1 -1 0 394.79256535231747 184.0147881389356 435.92570354435105 212.65900167228958 1.3852288 1.5539837 3.6309824 -9.729448 1.327153 36.662624 1.4445342 24.711894821986622 
Car -1 -1 0 474.5658663405631 183.6520754726413 513.0257591024948 214.3683265878081 1.4433897 1.5606796 3.4033122 -5.5573864 1.3699133 35.525978 1.50965 3.4458889328848183 
Car -1 -1 0 0.0 164.21988860812448 189.42144750183957 262.85158346308157 1.8116696 1.7538829 4.5529094 -11.008625 1.426018 15.573271 1.4436053 24.510914866870475 
Car -1 -1 0 285.2635886188914 171.9888074801065 348.0761922678226 213.78070038606097 1.8827587 1.8097187 4.607589 -13.958608 1.2868766 34.799522 1.4183692 11.231885485709505 
Car -1 -1 0 529.240704343732 182.49603586909896 554.0484897026229 201.02796430923127 1.4404508 1.5915027 3.7741795 -5.307161 1.2290567 57.88244 1.3718007 3.1897145575476267 
Car -1 -1 0 376.41481075355694 177.2012432456602 401.8567301532955 197.66096377324013 1.6133612 1.6357735 3.8809576 -17.784801 0.9813775 58.750584 1.3694596 2.3617985774129577 

