Car -1 -1 0 325.6975373143071 182.78505723801558 450.48165167795867 256.63673915334607 1.4307846 1.5756853 3.920199 -4.672765 1.3836939 15.889835 1.5672346 105.94351241927735 
Car -1 -1 0 441.6541170753611 180.08981721636752 504.8095516485988 223.01703587985125 1.3985122 1.5459735 3.5266237 -4.615932 1.2315178 25.184948 1.5737219 74.54678163289194 
Car -1 -1 0 286.13168059304513 182.91914018613386 380.7392437202424 230.61374032528104 1.4006373 1.5723882 3.742898 -8.632007 1.3331947 22.988838 1.5796614 31.73268696773338 
Car -1 -1 0 75.02785333693919 178.57779186804268 266.6412442679979 267.0281146878432 1.5202478 1.595155 3.7277818 -8.391233 1.4061582 14.236782 1.5482738 73.09478148292706 
Car -1 -1 0 576.4316087767479 174.7871668193187 610.4333102264637 207.11867646681839 1.5433295 1.6235871 3.830721 -0.6979101 1.0455284 36.246613 1.5493132 16.83304488631135 
Car -1 -1 0 187.0843038687007 176.5060150719391 291.4852724096366 228.56632007775283 1.6107409 1.6041135 3.768687 -12.213897 1.3412641 24.133173 1.5613497 49.08832563265214 
Car -1 -1 0 463.65394444860965 176.63759232667744 509.8997429747015 209.73115429800717 1.4511603 1.6279556 3.7415252 -5.536652 1.0750084 33.416313 1.5408297 12.31163424687041 
Car -1 -1 0 467.07914455372935 163.91524369417368 513.7843321031071 184.342178220024 1.621391 1.6793231 3.5145693 -9.39286 -0.07153702 58.002193 -0.016533105 4.364481473317559 
Car -1 -1 0 439.9630743884351 172.49451324131016 480.7136573276822 202.52421677614038 1.7688096 1.6747736 3.984646 -9.001879 1.0195063 44.34004 1.5776095 1.0092399167519337 
Car -1 -1 0 382.1817094653746 173.78004217653904 430.69327786763375 208.22702441267148 1.5047275 1.6117178 3.7381735 -9.248468 1.0051904 33.352226 1.4529738 0.6709546737019001 

