Car -1 -1 0 690.3247483097975 179.78414105881916 808.9447641695433 265.3933279051321 1.4847498 1.6175928 4.120057 2.7269797 1.6478686 14.915928 1.5616462 104.86209984853689 
Car -1 -1 0 796.0139834054281 185.1102818692965 1097.777221499916 375.0 1.5053897 1.539218 3.3950083 3.0839372 1.6594956 7.3615236 1.5884489 104.70731672767401 
Car -1 -1 0 412.62082481464034 184.52817739758936 493.54914903682305 241.71055556349978 1.4935219 1.6899505 3.9273074 -4.5828896 1.8759506 21.64716 1.5392243 101.48554674382841 
Car -1 -1 0 672.703918153839 178.64723378562846 749.0144908252017 237.39655681354424 1.5374689 1.624192 3.8158822 2.874837 1.7230535 21.18836 1.5480677 45.804740519534654 
Car -1 -1 0 657.823204172752 178.71775137025656 705.4836421153931 220.6179170507399 1.5856136 1.5897768 3.7656965 2.906899 1.842412 29.715647 1.5716828 30.669259147154676 
Car -1 -1 0 105.77690862908632 187.45915153977882 309.1124103667397 252.93815645101745 1.4326388 1.5574878 3.9418378 -9.369667 1.7935559 16.994928 0.028940417 89.55206472790124 
Car -1 -1 0 457.9090777050672 175.414670137366 516.2346333909131 228.57741911864093 1.8516717 1.573867 3.8666303 -4.5487905 1.9552869 27.257273 1.5633351 52.44063709053726 
Car -1 -1 0 489.89691847978986 179.88693866979057 538.2873995596284 217.78219456917466 1.5711677 1.5842633 3.9325395 -4.2527328 1.9086084 32.63565 1.593549 7.5923522010666575 
Car -1 -1 0 654.1110324610363 177.43992411240723 694.5726573317039 211.20729764889575 1.568548 1.6041096 3.7738059 3.1740239 1.8090403 35.935917 1.550786 0.25328248739242554 

