Car -1 -1 0 34.46138977460575 198.0831665677569 332.570119838534 338.3641356417644 1.4668587 1.6767226 4.303401 -5.76989 1.9107581 10.512571 1.6096793 123.0690061802712 
Car -1 -1 0 696.963886746085 181.78015332139356 779.9890083731135 240.49916756831544 1.4313791 1.5429027 3.5952044 3.4654582 1.7009284 19.965881 1.536619 104.533635978324 
Car -1 -1 0 758.2008560397794 179.50165446521564 967.344016400961 316.118456490465 1.5025852 1.6222854 4.0656424 3.2782552 1.6153885 10.189727 1.5977944 119.00129680535028 
Car -1 -1 0 288.14025685494863 190.9890289104797 411.7460402386456 269.5661209260059 1.4826939 1.5521611 3.6865203 -5.7186213 1.9401069 16.336792 1.5455221 95.49401608749432 
Car -1 -1 0 405.9800239197458 186.80173049173638 488.00630269541364 232.68460322936366 1.3965257 1.6390791 4.20289 -5.6158695 1.9300225 25.437035 1.6529135 45.227300836563714 
Car -1 -1 0 655.4570139161846 178.6995567473528 699.6358642973948 212.55246985979787 1.4935727 1.5585957 3.6911287 3.1836877 1.787327 34.372322 1.513982 33.51678863636456 
Car -1 -1 0 487.98458979525265 180.5911855633339 536.2344050322075 209.3092919192096 1.4899288 1.5610633 3.6616168 -5.406299 1.9444273 40.43477 1.7720482 6.3939675426053615 
Car -1 -1 0 670.8702089936954 181.07628975457007 742.1308790437779 227.3763573819783 1.4764544 1.6343446 4.1017394 3.3807418 1.7955841 25.883636 1.4723742 6.3352069457541145 
Car -1 -1 0 650.5928472066458 179.02045806318802 687.6479539575203 207.5392842980379 1.4782437 1.4913101 3.281138 3.2484004 1.8332646 39.83869 1.4784245 5.042882072161881 
Car -1 -1 0 507.99879642120123 181.3038874911357 540.1424704603152 206.48369671342076 1.4922383 1.5112138 3.3647816 -5.36823 2.0465136 45.619213 1.6096826 2.242033408520536 

