Car -1 -1 0 463.6020771114797 174.68229130038705 535.0861785788587 232.53561711444252 1.5392784 1.5249674 3.277569 -3.1200728 1.5965552 20.95322 1.5873957 75.88456158770788 
Car -1 -1 0 788.5411078255527 197.8266486508163 1238.0593328465416 375.0 1.4478891 1.6079541 3.703984 2.8288233 1.7230277 6.069308 1.534012 102.44888123417336 
Car -1 -1 0 670.6175426354393 179.39304010386206 734.3268178459332 225.53156255314988 1.4601569 1.6427193 4.102911 3.1923957 1.7098927 25.488731 1.550244 64.12056907847797 
Car -1 -1 0 326.7438058897352 174.3442764410507 483.64914678455784 289.07786035739053 1.6207721 1.6122563 3.7680073 -3.2312942 1.6497483 12.1355915 1.5586324 87.07851293886465 
Car -1 -1 0 715.3792261712991 189.78673869200762 889.9206896517912 303.9245427948906 1.3875493 1.6370592 4.2955356 2.8338423 1.7092674 11.559248 1.5683005 69.82836673888806 
Car -1 -1 0 648.6552701469129 175.42838070503052 679.3425997985532 201.0324357845062 1.5375613 1.6178912 3.853391 3.403604 1.707343 45.652058 1.5619386 23.02587292487471 
Car -1 -1 0 501.4490982671817 175.80144123411156 559.7020273593719 217.6533362058842 1.4957802 1.6179702 3.9960191 -2.9990854 1.6189694 28.11602 1.6278805 8.339004960154949 
Car -1 -1 0 570.4977700847639 174.04789221058343 591.6817538125351 192.4163188864102 1.5534523 1.5795579 3.7236454 -2.4650166 1.6610773 63.15574 1.6059844 3.849843542739384 
Car -1 -1 0 967.1362559462625 144.27877100707323 1045.0878117340383 171.42199034706698 1.5480444 1.5745013 3.6765265 23.161453 -0.085785925 42.23963 0.11021398 0.2753395736217499 

