Car -1 -1 0 114.16811548623224 201.91258649564273 428.00144170188616 375.0 1.5518284 1.5332952 3.3746061 -3.0192933 1.9106305 7.215565 1.5791552 102.10222678795053 
Car -1 -1 0 700.3645193170211 196.00126054529306 768.1396291253927 252.39201727333779 1.4541118 1.5937839 4.1408663 3.7798772 2.241813 22.445389 1.6220491 52.044001870564486 
Car -1 -1 0 780.6594278927257 190.03090028088113 1008.101082140507 348.6572276489331 1.6547096 1.6378917 3.6328166 3.5573444 1.9297743 9.737348 1.5716426 110.89901012024293 
Car -1 -1 0 551.5615405028276 187.15423026370544 583.7306966971798 219.87908177860803 1.648829 1.6767936 4.224477 -2.2966914 2.4910119 40.357395 1.5412198 22.208425901292614 
Car -1 -1 0 669.1544387541348 191.1250555117191 707.6071344122325 222.34090016357737 1.5118215 1.578809 3.684391 4.2107773 2.5463164 38.989624 1.5430791 16.933880712034295 
Car -1 -1 0 676.479328527178 192.37296900220986 723.3412934311704 227.94167550455708 1.5108252 1.5269619 3.3826313 4.2457447 2.486814 34.325325 1.4808438 15.018961276741427 
Car -1 -1 0 690.4820076694248 193.35505037108956 743.9591445988574 236.66440874170956 1.4554995 1.5786917 3.596271 4.0771475 2.2961178 27.774553 1.5876002 20.365883216794785 
Car -1 -1 0 733.2333064023279 197.42593334198082 847.7646254061448 277.7204010346598 1.4726726 1.6455971 4.029139 3.9758422 2.1032968 16.494833 1.5811869 36.40420450377317 
Car -1 -1 0 464.5312562769217 177.49447387192043 551.8249732522489 263.37682701511096 1.9330367 1.6459976 4.215535 -2.4829588 2.0660868 18.578014 1.5731349 79.47287829123428 

