Car -1 -1 0 790.8280110062749 186.19237064190696 1035.6004434503293 263.1625960397782 1.4637406 1.6493099 4.3394833 6.1041994 1.7534031 14.839207 0.0024915952 86.41047206530149 
Car -1 -1 0 223.6899335005462 175.81017276412885 433.6688193863847 240.01291729331678 1.4261173 1.6597002 4.3225274 -6.502121 1.4998442 17.054546 -0.051787727 66.7560594777037 
Car -1 -1 0 765.0170596346218 186.0270101244847 899.5210383219778 234.4176593188706 1.4051276 1.5752124 3.6536815 6.815534 1.8280098 22.293777 -0.045092966 60.077782333280744 
Car -1 -1 0 301.12301631276813 174.94732867019067 475.05749055943585 230.96310613716872 1.4420323 1.6258167 4.1939554 -5.889534 1.5010546 19.491312 0.019092392 34.6316173171567 
Car -1 -1 0 742.8192351233942 180.23445938587707 857.1146765870279 227.03323070564267 1.5193768 1.5885222 3.4431138 6.456216 1.7812003 24.65903 -0.08509311 36.24076008365824 
Car -1 -1 0 694.3498432126115 179.96217221931937 783.4734256409572 212.89186458474063 1.5075912 1.6429999 3.9116187 6.1052313 1.8544298 34.313187 -0.037262768 39.180387558759826 
Car -1 -1 0 376.80073894876836 172.43131875378478 504.5636756782837 221.82473436323482 1.5937997 1.6355999 3.8714476 -5.5958834 1.5801607 24.18524 0.044475667 44.79232373215674 
Car -1 -1 0 896.4802376488856 189.75553378519047 1242.0 301.5038959797601 1.4310436 1.6108996 3.9619963 6.450178 1.6974828 10.4474325 0.06220307 39.90587836814119 
Car -1 -1 0 402.8687553971017 169.44543054661864 508.0660733745028 212.02933225819487 1.6615641 1.6517277 3.9430313 -6.1445184 1.5285664 29.09229 -0.058074057 11.418846264127568 
Car -1 -1 0 472.2363174268814 176.35843522878258 545.623905511701 202.82138372823505 1.520976 1.6944833 4.100355 -5.8918777 1.7318709 42.5604 -0.0069083674 9.962188704253503 
Car -1 -1 0 633.2355159730682 178.62113612656808 665.9238177636893 201.8048938133633 1.4719168 1.6224253 4.061639 2.6711485 1.8799653 48.952908 1.4753642 13.575506766247859 
Car -1 -1 0 400.50094077087283 176.62525203809022 516.3849393988917 218.44852236500105 1.4720311 1.6104743 3.881916 -5.562874 1.6176896 26.734175 0.17680964 0.8045760850113545 
Car -1 -1 0 429.2171822251177 173.6416037372373 519.8518873884007 207.39046971848802 1.5364785 1.6829771 4.0311103 -6.280324 1.5745697 33.896088 -0.08011444 0.5572464829360816 

