Car -1 -1 0 353.43430575042805 187.2977809003422 437.6787417872726 242.87777738277498 1.4231788 1.5671664 3.8530035 -5.9311414 1.4884248 20.54123 1.486753 70.49934620897294 
Car -1 -1 0 242.26363066661045 193.26585917249608 380.21273523107743 275.66089632612943 1.3647327 1.5499301 3.539995 -5.630119 1.543253 14.103535 1.4720067 84.07736214025462 
Car -1 -1 0 520.2918682853335 181.06623994583472 564.6195564886604 222.4022987831308 1.5396771 1.6493359 3.417334 -2.5796523 1.385119 28.555603 1.474867 42.91370980271171 
Car -1 -1 0 639.0560991513827 180.41250412859472 759.5584957647745 271.75214053920183 1.6122833 1.6565609 3.8473563 1.7263145 1.5274997 14.677881 1.4828706 106.64715259606979 
Car -1 -1 0 397.98714341623105 184.0680397708752 453.15975180040766 223.67480271507168 1.4602151 1.5949314 4.1706676 -7.1593647 1.4179034 28.665548 1.4561105 17.830855038316866 
Car -1 -1 0 442.81395878242125 181.97623889495276 479.0786479356558 208.13768419143028 1.4144144 1.5370802 3.7254431 -8.247332 1.2392735 40.77561 1.502581 6.689967860762421 
Car -1 -1 0 509.1276101622395 184.97513063027978 541.8445813382634 213.7452469151833 1.4430912 1.5322565 3.4010582 -4.338683 1.4310244 37.86147 1.4040554 6.823546543900439 
Car -1 -1 0 561.4219224837885 181.20439644205877 587.3464921759679 201.14045697849434 1.5152981 1.6290827 3.9747713 -2.622201 1.2104075 56.72677 1.418349 5.020264561780369 
Car -1 -1 0 298.3535419257286 180.02444743491057 369.2881918209258 219.70173045225758 1.4365165 1.6881061 3.6855648 -10.532963 1.2485672 27.946512 1.4669933 17.016086405399577 
Car -1 -1 0 341.0119917857356 174.855374439394 393.3275630585293 206.21008557752322 1.5565284 1.7716448 4.4719 -12.607779 1.0422153 38.013256 1.4483635 4.370205604476957 
Car -1 -1 0 416.75898126443724 176.34649175069146 440.2331014924659 194.88404055366763 1.5651499 1.602587 3.8719492 -15.559046 0.816311 62.723785 1.4289405 2.2449468474267227 

