Car -1 -1 0 759.7816914101296 197.71346550200235 951.0208656461962 324.97362446646434 1.4210593 1.5975325 4.077758 3.4479337 1.8682392 10.920365 1.5967019 102.76209047094775 
Car -1 -1 0 723.5315472515188 188.62341044655332 825.8240734432587 267.2882042103298 1.499566 1.5209315 3.311303 3.5610476 1.8870523 16.073967 1.5707589 77.53109842450235 
Car -1 -1 0 501.038226427855 176.81334283430238 556.6862790279798 217.66041808681393 1.4787416 1.6588992 4.1677513 -3.122219 1.6473677 28.629097 1.5917515 64.3521128958212 
Car -1 -1 0 690.4253378960373 182.40719108101692 759.0444443269834 237.769726244214 1.575889 1.5435212 3.3050535 3.5610232 1.8998682 22.79334 1.5388689 66.98203563814712 
Car -1 -1 0 667.0278579679563 180.69824363821328 725.5992647685298 225.45579290310957 1.540211 1.601259 3.7940702 3.2239738 1.8595499 27.440601 1.5229006 36.66877678948093 
Car -1 -1 0 353.8354252131657 179.11223057407747 498.44115119685114 289.9440654936174 1.569974 1.5535567 3.7255251 -2.9400375 1.6929088 12.3029 1.5603428 33.62817880083181 
Car -1 -1 0 656.3509910058846 179.8088043743137 702.0858958320563 214.75083538307453 1.4674015 1.5920093 4.175251 3.1446197 1.8082244 33.250046 1.54263 9.559718289775553 
Car -1 -1 0 77.05889478703489 126.24338297192048 456.41540131045906 375.0 1.9330673 1.6767379 4.3061075 -2.6727066 1.632654 6.832609 1.5343456 58.274784055866284 
Car -1 -1 0 522.9551825485684 177.49841817165444 565.9313311184675 212.18793934622124 1.5194225 1.6048939 3.9391446 -3.0209818 1.7518188 34.11967 1.589826 1.1689334801495757 

