Car -1 -1 0 686.5663432394142 182.82230239981791 767.4460115026397 245.0774559542509 1.3945844 1.5556142 3.39727 2.9024615 1.6726758 18.41989 1.5846786 84.85225606100681 
Car -1 -1 0 175.68138798484745 186.1676262536381 410.1875495754594 266.99810637985405 1.4349468 1.5533519 3.8343594 -5.9726696 1.7061126 13.885958 0.017442612 98.9039118239308 
Car -1 -1 0 251.38791977194896 178.91210663083564 451.1924479208591 250.5218470337566 1.5007596 1.6026504 3.8767085 -5.6459217 1.6426054 16.077065 0.008197122 67.09806632005521 
Car -1 -1 0 742.6886468976088 173.09976831032938 873.7646876660547 225.6925626366657 1.6481556 1.6646132 3.8541431 6.399131 1.6564913 23.546492 0.04929412 78.50969839082782 
Car -1 -1 0 323.98873285269656 178.7725885141605 480.3723913592453 232.8460465062697 1.4748836 1.5733062 4.055489 -5.938856 1.6542566 20.881786 0.10026431 30.286874123943957 
Car -1 -1 0 637.7446664817721 175.57372043582282 662.1876246741039 197.65642130991202 1.5213737 1.6530468 4.1218767 2.893902 1.7263837 52.305935 1.5984055 10.021790520229485 
Car -1 -1 0 285.05973208686703 177.92929696564826 453.8481350540576 240.00738135792355 1.490547 1.5600235 3.8592162 -6.1478906 1.6293806 18.622301 0.18133928 18.71360988680339 
Car -1 -1 0 366.83470200619627 178.75606521732416 489.60084585658944 222.95638800545132 1.5110891 1.5702462 3.9710815 -6.434002 1.7297642 25.822113 0.064422645 10.59720386985714 
Car -1 -1 0 331.86278300018074 175.5941412194025 463.9909922921676 224.8315786214284 1.539295 1.5989884 3.8315864 -6.8072557 1.6314945 23.463043 -0.008163107 8.1911303689934 
Car -1 -1 0 0.0 180.90238808942348 299.89769430062705 287.2996921285623 1.5092013 1.6258715 3.666325 -6.9807167 1.6430892 11.18106 0.0049448563 18.88631407419319 
Car -1 -1 0 685.6715114475091 175.29163708905358 771.1803881493637 207.4332020572964 1.589784 1.6612976 4.0219965 6.0308676 1.7176402 36.843006 -0.08704001 4.446593924903797 
Car -1 -1 0 426.8342453906181 169.96853565683261 519.8765024824621 206.81290326798032 1.7592094 1.6697009 4.2367167 -6.607506 1.6214368 35.289387 -0.0015336883 0.8780109286308289 

