Car -1 -1 0 674.8890159351821 185.62743899243344 759.7636814104983 252.2344362043723 1.4873378 1.6007044 3.9964151 2.7031693 1.8570974 18.883524 1.5644836 79.92762632849735 
Car -1 -1 0 380.66239095062457 192.92731187207067 511.05944430569946 292.08456576317604 1.4628851 1.6321223 3.8828 -2.863078 1.8902795 13.400998 1.5450695 99.79785426088002 
Car -1 -1 0 522.7112879454679 187.7123243467128 561.4476225015475 225.01198208031872 1.4486587 1.5825047 4.1387415 -2.9195673 2.1475961 31.825214 1.5063725 26.23382605017151 
Car -1 -1 0 646.4158634724722 187.57839960699138 701.3816293115086 227.96031242334942 1.4597014 1.5586178 3.6192958 2.550325 2.0967233 29.334738 1.466124 26.812005378601253 
Car -1 -1 0 439.97779970365116 189.273059721347 529.237878163746 254.83045782920112 1.4417436 1.6270659 4.1561384 -3.159678 1.9211208 18.987778 1.5713493 25.43518930125565 
Car -1 -1 0 643.0691248743587 177.5069026562587 688.1574356526935 219.41191660184595 1.8378797 1.6347184 3.9012427 2.5878134 2.0704641 34.077408 1.5193079 13.527696246334392 
Car -1 -1 0 631.0523467334324 183.5352331415137 654.4166923936189 205.86434419543156 1.5069467 1.5585561 3.8145738 2.380181 2.311604 52.44152 1.580345 5.191900552411791 
Car -1 -1 0 663.3639297539967 186.6595937747393 725.7975315315679 236.2429521824613 1.4651792 1.5684526 3.898896 2.789532 1.9693305 24.38268 1.5486023 7.7208027749234835 
Car -1 -1 0 569.9878407034134 184.50306029174865 587.3485304803825 201.6172589945456 1.534267 1.5995435 3.9458346 -2.9468212 2.686723 69.39008 1.5454323 2.810687965075745 

