Car -1 -1 0 191.57548950216608 183.75938437181063 433.07213908655945 266.0637717876608 1.4917138 1.6089609 4.1031485 -5.7364597 1.7201079 14.21336 0.046009537 56.40913440043066 
Car -1 -1 0 712.7922629399125 177.94776641240807 789.3154603036111 212.7465352424179 1.4513563 1.4810176 3.482244 6.316831 1.6942438 32.524582 1.0592191 63.3832098006851 
Car -1 -1 0 771.5794623345678 176.15612824334067 1125.5596528836186 375.0 1.649772 1.6780245 3.9628694 2.9950764 1.6927943 7.396248 1.5424402 122.3344646356358 
Car -1 -1 0 626.5217638596081 177.8085904351779 659.2655136652684 201.85959825693675 1.4141561 1.5660619 3.2775826 2.0363631 1.7337986 44.839638 1.4688221 33.34669174463189 
Car -1 -1 0 325.1693239751131 176.82203589059884 453.94010073252167 224.76159952901637 1.5151753 1.6667029 3.7333975 -7.188021 1.6508548 23.809614 0.015415798 29.92921133674172 
Car -1 -1 0 223.14725409590525 179.09197237409964 417.7282786858283 249.0575855378851 1.5183961 1.5633469 3.9116447 -6.636021 1.6715059 16.768377 0.08326745 10.39237433256642 
Car -1 -1 0 61.82803632020791 173.900578529036 325.60466770057064 283.2091542636135 1.6105355 1.6179528 3.36552 -6.5777435 1.6287892 11.617075 0.09661058 23.366484432432717 
Car -1 -1 0 357.7650060051251 178.7310375346524 474.6008231337652 223.22529892779076 1.5263665 1.5960479 3.7415848 -6.8480315 1.7430685 25.786705 0.010876983 4.8200840380871055 
Car -1 -1 0 0.0 185.416933603514 327.4149881931458 375.0 1.4814376 1.5788022 3.713024 -4.125964 1.6334001 6.8406672 1.5300478 10.884254350760806 
Car -1 -1 0 616.1673236831716 175.09091473166643 637.803457563751 196.02657066477008 1.505877 1.5696154 3.9694605 1.3339334 1.6805775 54.34025 1.6060047 1.300513842096377 
Car -1 -1 0 489.44687994133164 177.97901205183916 527.699046275575 205.31640469749752 1.4747443 1.5596031 3.5492177 -5.7492237 1.781683 41.407204 1.6130425 2.279489870366057 

