Car -1 -1 0 128.19476208101875 190.2455624461096 334.7801447030296 299.5415415945593 1.5784929 1.6796702 4.0911007 -6.5889044 1.9448414 13.1378355 1.5517645 96.23313894061266 
Car -1 -1 0 474.8295303011979 185.4096577855638 532.9387962909447 226.925776753993 1.4276359 1.7389283 4.218183 -4.048167 1.955799 28.225178 1.5498348 73.83857672196747 
Car -1 -1 0 362.2811885783736 191.96602971640652 440.3414255338629 240.681780722808 1.4055185 1.5749729 3.612947 -6.8428326 2.090464 24.04836 1.5657296 59.62215798776821 
Car -1 -1 0 1131.6203826435765 157.62402984600598 1242.0 212.6230803876967 1.4890121 1.6821774 4.2953777 17.968378 1.0766847 21.756325 1.6722565 11.261190405749458 
Car -1 -1 0 625.288950072801 178.37720817849248 656.97663038562 204.03933666837196 1.5233803 1.5965953 3.8858945 1.9573873 1.8882743 45.67901 1.5070668 28.647696052752742 
Car -1 -1 0 458.3342038093118 185.17184806136848 505.9690645424659 215.4288856793915 1.4754639 1.5890844 3.7933297 -6.780408 2.1702468 38.739147 1.6583776 5.090429693148857 
Car -1 -1 0 705.2340495410693 169.78708601758362 793.2220181733754 200.4868467194926 1.611942 1.7266822 4.379972 7.4588366 1.4509084 38.791313 -0.019451592 11.948754598988145 
Car -1 -1 0 705.0582529760856 166.65669321190236 780.1338108170386 197.32460571904033 1.7368112 1.6446807 4.042714 7.6451406 1.3858398 41.700584 0.007684943 7.649300547824031 
Car -1 -1 0 512.9137782600625 182.99805667022653 552.0809861562949 212.4591667904153 1.4836409 1.6240283 3.859645 -4.1816235 2.068367 39.63657 1.6023674 2.1657903453368417 
Car -1 -1 0 835.7027318652653 161.15198135435548 872.0833962659576 180.0523536822606 1.4918957 1.5663733 3.5964766 19.86622 0.56819975 58.796696 1.5102775 2.518605738337831 

