Car -1 -1 0 147.67075261247967 200.4142915355127 345.8091167591373 309.407795761145 1.4475257 1.5758716 3.7998068 -6.006035 1.9969113 12.4672985 1.5501006 114.31707430944384 
Car -1 -1 0 292.06699914833297 194.88677387932816 409.4065733927844 267.1790182003397 1.4315618 1.5441273 3.6613874 -6.039597 2.0147338 17.254808 1.5543627 71.34530030378629 
Car -1 -1 0 669.8723365703072 174.58919916595272 730.2661108084848 221.79799983030827 1.5082943 1.6090882 4.064438 3.08048 1.5738734 25.235815 1.5725191 32.95558725106017 
Car -1 -1 0 373.96582362363216 189.64973105755644 458.32294507199805 242.2286140426187 1.4447198 1.6695176 4.112895 -6.1025915 2.0333266 23.217068 1.5551622 53.41069504680517 
Car -1 -1 0 436.4362185530704 187.01803957353525 499.2222207618938 225.61385158991914 1.4496793 1.6739662 4.0565314 -5.9427023 2.092834 30.692326 1.6254576 45.08220010781255 
Car -1 -1 0 860.7250313023244 150.44638353170467 1045.5207641836068 208.51265199340682 1.4818554 1.6507438 4.1442065 9.059186 0.9100113 19.245865 -0.0032828117 91.225129778199 
Car -1 -1 0 658.6858110049726 174.6431557626314 706.5943705555742 215.11097923665926 1.6024518 1.6062402 4.030139 3.0499618 1.6837647 30.771265 1.5633572 24.930709613242712 
Car -1 -1 0 767.0801028064058 165.05399266181516 889.1399165729362 206.02170705808038 1.4827929 1.6154696 4.0693088 8.128008 1.2004778 27.02957 -0.05285735 26.215136324424826 
Car -1 -1 0 845.95350018258 149.47111580782234 996.5497292332743 203.74708359950264 1.5667537 1.6359372 3.8209784 9.287163 0.8917731 21.686634 -0.021267412 18.98778019705477 
Car -1 -1 0 811.5494018262409 163.00481524592988 948.6362082438563 207.89143245335868 1.4432533 1.592464 4.0079203 9.007489 1.1265693 24.177774 -0.092509866 17.744321747142237 
Car -1 -1 0 469.57630237789414 183.78096136745245 511.87014403392646 216.92280335443976 1.5487859 1.577351 3.7189274 -6.008896 2.134601 36.816406 1.5616262 7.3488115256070925 
Car -1 -1 0 493.0335152238297 181.31055515805602 536.7725692652117 207.99149867962754 1.5603247 1.5884724 4.2063046 -5.9496017 2.1229722 45.800663 1.7381697 3.505247979317306 

