Car -1 -1 0 526.2631057239228 178.87087215093518 562.9951106091194 206.97392819055992 1.5091264 1.5653859 3.4391584 -3.6719713 1.8680739 41.27452 1.640869 36.09451498584871 
Car -1 -1 0 288.61882864057117 188.22772680308938 439.2059042271079 279.62735365753036 1.476923 1.6431518 3.8167672 -4.6420174 1.820658 14.217979 1.5784262 102.90715699320288 
Car -1 -1 0 805.5538185308569 186.87840832654643 1055.5936361227145 336.4006323271268 1.4774401 1.625651 3.8236117 3.856484 1.6979821 9.418894 1.5908344 90.76076995084249 
Car -1 -1 0 396.024434029665 185.05051071021663 492.1257970188766 247.06329638420652 1.482939 1.5762093 3.8827825 -4.4651904 1.854853 20.018478 1.6286657 66.78047913112695 
Car -1 -1 0 708.7125673733306 181.3803095416225 797.386414142751 240.9694852444153 1.4398263 1.6163678 4.173376 3.8743825 1.702368 20.125257 1.5637734 74.71302730203108 
Car -1 -1 0 743.9173163065682 181.5602720404566 863.7233305616687 264.63016999657793 1.464726 1.5944334 3.6285229 3.8707397 1.6671839 14.943057 1.5986704 77.81280630852305 
Car -1 -1 0 446.4584213729353 183.34543296551482 515.9811224756426 229.28991105031284 1.4126785 1.6497008 4.1788273 -4.3893685 1.810194 25.24111 1.5808868 32.79758192795306 
Car -1 -1 0 689.4678633527709 178.2504911638334 734.7766332346516 217.2904917527428 1.5425031 1.5228342 3.467168 4.315338 1.7855651 30.745874 1.5967374 9.7909312810055 
Car -1 -1 0 699.4137129014723 179.80552059676228 754.1710183662221 227.07408297570987 1.4906185 1.6215047 3.8158138 4.0367384 1.7534168 25.305532 1.6588439 0.2654663026332855 

