Car -1 -1 0 715.0213013842517 184.61833179605884 862.8531051559813 283.56387570631097 1.4023473 1.5940053 4.1888905 2.972623 1.6455659 12.821007 1.5730517 96.58469307632156 
Car -1 -1 0 523.0671812362673 176.51980766145698 571.4413160102968 218.05987344960204 1.4704521 1.5841992 3.7167099 -2.3326688 1.620874 27.739237 1.5581528 56.92780371250764 
Car -1 -1 0 652.0826922336757 169.20954653789624 704.589393437516 212.333837125682 1.7545502 1.6535933 4.1245766 2.926327 1.6062722 31.466179 1.5084822 67.52746895603919 
Car -1 -1 0 0.0 181.1013890009473 368.8087884569236 300.6201530974629 1.4993804 1.6450629 4.178353 -5.708252 1.6236273 10.0195675 0.0133783985 103.76446639735315 
Car -1 -1 0 151.7997309384715 183.73456274118445 408.2663555994568 274.1437799839768 1.4589629 1.5646642 3.8350992 -5.703122 1.6646454 12.748907 0.05726883 80.41448873715403 
Car -1 -1 0 288.32700556576714 175.68369603641543 457.8826199762552 235.7874385372314 1.4855072 1.6448709 3.9781828 -6.092271 1.5638983 18.959515 -0.10653185 46.16076240617837 
Car -1 -1 0 439.0708573079177 175.50220784863927 525.6941639343728 206.43581077960312 1.4407191 1.6217923 3.9255404 -6.0556507 1.5712669 34.664818 -0.048252106 60.195784308628326 
Car -1 -1 0 208.8956041974464 177.87594468897527 412.8799096042004 246.9538348505057 1.4585311 1.626423 4.112785 -6.8066254 1.5821868 16.586414 0.1863198 2.430424746833129 
Car -1 -1 0 495.99568897455225 173.57606279273972 530.801470486241 201.45077281637745 1.4807596 1.6149557 3.715089 -5.4265256 1.5232006 40.421463 1.3509898 1.4276822886178118 
Car -1 -1 0 629.0188542126414 173.84087520771166 652.4127892094318 190.9831693194626 1.4934658 1.609535 3.982368 2.7822385 1.5853834 65.15117 1.4844363 0.6769701256000291 

