Car -1 -1 0 719.5517736354645 188.4761687715997 902.4830165070116 313.16987892252627 1.4442778 1.6074024 3.7226734 2.755218 1.7167141 10.7053585 1.5500554 97.71516063307482 
Car -1 -1 0 661.9032915322341 177.90911338312472 735.5400901980491 241.22167124594196 1.6922826 1.6801052 3.959459 2.5673862 1.85747 21.590633 1.5616957 75.13380291108783 
Car -1 -1 0 0.0 188.73019131823182 292.4346775180391 322.173404557011 1.4817259 1.6331404 3.9773822 -6.3672047 1.7037584 9.161873 0.057244185 139.19333260544016 
Car -1 -1 0 636.5360095975269 178.15351287533971 680.6532729609863 213.6647895300253 1.6912202 1.6112298 3.6627698 2.451136 1.9758735 36.844826 1.4566318 27.931593061868423 
Car -1 -1 0 652.0156629974966 181.97154129492986 707.217569076217 225.76076270512968 1.5002992 1.5977563 3.9630148 2.601592 1.8739696 27.564156 1.5373363 11.043084606100829 
Car -1 -1 0 287.37500230845666 187.7550320395424 447.61886149742054 247.6780725761562 1.4757626 1.5410973 3.7175894 -6.286539 1.8855923 19.01389 -0.032689847 24.965984206925523 
Car -1 -1 0 139.48657333601108 166.1024106947404 399.8928373367648 269.5319758396995 1.8856473 1.7692394 4.2372603 -6.4575586 1.7625575 14.053811 -0.0069379243 69.97544953260122 
Car -1 -1 0 313.92179531726185 178.26812829709112 470.5812881352754 238.80898514476422 1.7188606 1.7308807 4.244627 -6.4250984 1.8895147 21.706997 -0.08181373 21.738761204478397 
Car -1 -1 0 235.74712372565517 186.44027140920738 423.1584872465647 255.79572261209634 1.4785011 1.5594933 3.7004488 -6.3469954 1.8069774 16.582088 0.04522017 8.435022598751825 
Car -1 -1 0 393.1045940277642 182.95384445529646 490.83010803731486 220.50520310097662 1.5338742 1.6257873 3.845443 -7.108631 1.9786925 30.869774 -0.050160863 2.955604952893671 
Car -1 -1 0 479.03010545509306 181.37209771741703 545.0925752078753 205.14317098390953 1.519413 1.6101105 4.0671444 -6.4667044 2.0993974 48.020916 0.15403189 1.2255221819588487 
Car -1 -1 0 622.0663244180349 178.4623996317333 656.2803576063596 202.22528736498995 1.5720348 1.6249907 3.8061783 2.0397913 1.9817828 50.700012 1.3960847 0.2851425111293793 

