Car -1 -1 0 710.0122778096284 195.58238571465967 781.7150054477697 254.94203204322537 1.4418719 1.5715442 4.0066805 3.8920045 2.172294 21.141048 1.6310318 65.4872683237369 
Car -1 -1 0 555.1483252302698 187.2692118877305 589.1609290205917 218.82759419386846 1.535522 1.6220005 4.264744 -1.9813561 2.3610864 39.189537 1.5718184 31.39825371792577 
Car -1 -1 0 807.6467851287466 189.62514339258126 1089.308889837691 375.0 1.6263926 1.6306748 3.5851574 3.6141725 1.8643994 8.44154 1.577655 114.67396037195404 
Car -1 -1 0 685.1289378079531 189.93354352626386 733.2630607100551 228.56038786717727 1.58663 1.5804439 3.4275746 4.4915323 2.4075167 32.93118 1.5255371 16.345102857345008 
Car -1 -1 0 747.1378971058339 196.48198091400374 872.8308566987146 284.9082752854163 1.4905865 1.6265414 3.8942642 4.0438976 2.051716 15.173413 1.5895522 34.75578941448514 
Car -1 -1 0 700.629377990426 191.9406005440023 757.1919522152352 236.59836355632174 1.4328649 1.5918432 3.5403664 4.309488 2.180731 26.47804 1.601553 23.695928230012175 
Car -1 -1 0 674.6301780620772 189.75444603799787 713.2311843424535 221.76966716598358 1.5082581 1.5636954 3.6108115 4.362429 2.4341881 37.718487 1.5614488 9.615944478786387 
Car -1 -1 0 453.3880768781549 174.41517053729282 553.6100908929345 267.89469646012463 1.9551677 1.6881082 4.4927464 -2.4066796 1.9977653 17.42726 1.5878761 76.51038205080039 
Car -1 -1 0 499.926726788953 190.50807690372008 563.3177023752613 245.33222492315159 1.5089784 1.5251665 3.5427449 -2.386621 2.1108465 22.80643 1.5994003 1.1123961155296862 

