Car -1 -1 0 681.0286155979725 182.5601572665303 757.8848679195161 241.54806399635896 1.401766 1.5738567 3.3238654 2.8601513 1.6846305 19.361195 1.5765606 71.71889742161119 
Car -1 -1 0 733.4315180968134 173.69180274758818 863.5532375189526 223.64846427700178 1.6335133 1.6670699 4.0293846 6.346547 1.6631155 24.55946 0.050832022 59.626929161405855 
Car -1 -1 0 190.70953857896382 188.08712923372474 419.58080181895724 262.64177551658366 1.4137741 1.5826014 4.0587053 -6.1626425 1.7459288 14.881651 0.029745273 89.67904160024342 
Car -1 -1 0 267.87411405976314 181.18422250515664 461.4825018077389 247.81652662073463 1.4785564 1.6153126 4.0232677 -5.6793413 1.6849029 17.045406 0.0099786 75.42479484836818 
Car -1 -1 0 340.16551435867115 179.3832303168388 486.9888589560495 231.60070636212265 1.4902357 1.5700722 3.9953904 -5.882069 1.6972244 21.859858 0.11772491 37.98908079371759 
Car -1 -1 0 381.1658981615923 178.75986421427606 495.8583902129269 221.39287007511962 1.5166172 1.5586472 3.8630679 -6.2808304 1.7423081 26.73653 0.029969223 13.455996780448723 
Car -1 -1 0 45.919466538675024 181.2700267892616 322.3250883260091 279.90859521412006 1.5254406 1.629153 3.7013865 -7.0109806 1.6769456 12.145777 0.015587358 20.807139382438923 
Car -1 -1 0 342.9756241002913 177.84936053716734 470.85912765753875 225.70941964794739 1.5566101 1.6113265 3.9059815 -6.805979 1.732199 24.504436 -0.026905756 9.26231613427906 
Car -1 -1 0 301.60050925066435 178.8743838210636 459.0903353186771 237.49156650152958 1.4883041 1.539143 3.7620146 -6.1434073 1.6594985 19.521095 0.12405436 13.89974013294457 
Car -1 -1 0 0.0 157.08833529067377 269.19883765815445 303.6969411498362 1.7518569 1.6669183 3.6368933 -6.6739225 1.5634696 9.459919 0.0025611483 57.018654599273695 
Car -1 -1 0 971.3559445613012 185.08704981887792 1242.0 351.57172670495123 1.4357014 1.6415182 4.2831254 6.2426767 1.6192307 8.68119 1.5736096 12.129316053926345 
Car -1 -1 0 676.7804342654191 174.3969704935287 754.8782863711705 205.65289366781863 1.6917074 1.6449913 4.0678864 5.8487954 1.7790853 39.999184 -0.0191839 5.301632490954904 
Car -1 -1 0 685.4735309806276 176.17909409425548 758.6600745592265 207.0539372839505 1.5644901 1.5681336 3.5064085 5.8444004 1.7424424 37.688347 -0.083128855 2.6670103277584083 
Car -1 -1 0 427.2710942533016 169.3312634194294 519.5715259999936 206.79028492795308 1.842178 1.6862408 4.3163896 -6.812724 1.668935 36.376663 0.022999356 2.5061872208477216 
Car -1 -1 0 632.5847678076009 176.36271926681562 662.4384311219819 198.27018724221074 1.5348177 1.6177227 4.035942 2.7639227 1.8041842 53.305885 1.4733982 0.6609829557194612 
Car -1 -1 0 399.7059673654083 178.41126192728746 503.6893718232207 218.34482379792505 1.5612642 1.6052188 3.843198 -6.3856792 1.7949578 29.406105 0.07049738 1.450537275685528 

