Car -1 -1 0 751.1323153615175 182.38685754452877 875.7051227595214 269.0623196562711 1.477791 1.5979874 3.831316 3.9790044 1.6974556 14.678406 1.6133634 102.96023215732365 
Car -1 -1 0 807.1810305820411 181.67965414600923 1054.8420302061552 327.3069364449638 1.5268232 1.5867225 3.5525951 3.975833 1.6663148 9.594198 1.526213 99.58675142925227 
Car -1 -1 0 393.73531444369917 184.27781491729246 491.1534651680454 247.51964809940696 1.4915624 1.6325068 3.7645395 -4.420986 1.8326268 19.625834 1.6144401 82.65285967339487 
Car -1 -1 0 718.8322276825282 179.33903312902024 798.1326253630616 238.65108292009523 1.4786787 1.5913435 3.6730165 4.079176 1.6775265 20.260073 1.6070485 47.22572101576047 
Car -1 -1 0 545.3511045981633 177.8155317684912 576.4183793960506 203.27312483590273 1.5596004 1.5715425 3.5889797 -3.1165943 1.8937469 46.7566 1.6290034 11.837215831574587 
Car -1 -1 0 489.41050093857285 181.31914008063063 540.5970820990593 218.58987747337363 1.4284835 1.5886405 4.050469 -3.9406044 1.8115499 30.615276 1.5844951 22.0099137763038 
Car -1 -1 0 458.220733958391 181.30507912899225 527.1983260864014 228.5552338743814 1.4880247 1.5913802 3.932465 -4.029762 1.8096256 25.449541 1.6275063 24.2072197709149 
Car -1 -1 0 697.5146932797279 178.63860580914218 762.6772922462902 224.44650025960033 1.4482586 1.5995561 4.103855 4.1479692 1.6682272 25.38415 1.5688835 27.330841634887012 
Car -1 -1 0 682.9431794982439 177.93363624939414 727.1286769711802 209.08241205698906 1.4533348 1.5627317 3.6239235 4.724995 1.7206192 36.11747 1.5204146 3.9904280385749153 

