Car -1 -1 0 614.0333007707189 193.3624352873346 778.4142012816241 299.90384862234924 1.394382 1.5547898 3.686966 1.2800837 1.7967201 12.179569 1.329988 124.88079503850719 
Car -1 -1 0 17.460776778469825 205.275158686978 225.6210513733306 338.5331950127594 1.4940414 1.5996485 3.7765868 -7.226897 2.0852747 11.119709 1.2802668 71.50074070645448 
Car -1 -1 0 508.5476808103535 186.1620861843943 562.9488454414449 230.30775693677109 1.4527797 1.6254524 3.865274 -2.8315973 1.9895881 27.045547 1.3619653 57.511985698111026 
Car -1 -1 0 328.8025356060823 189.1344053932273 366.3065029639942 220.7600369375057 1.580381 1.6451011 3.8490057 -14.566073 2.5355866 40.261967 1.3077862 13.771577568596337 
Car -1 -1 0 704.2158653204943 168.79876610093729 804.912729753074 212.69852661043737 1.6116409 1.6391374 3.5471632 5.621822 1.4627657 27.970455 0.42777103 59.832781702783016 
Car -1 -1 0 493.6385494979499 183.9146831827432 536.9113090712085 221.4081858617127 1.5170707 1.5780187 4.2669106 -4.340542 2.0540915 32.778515 1.3522925 9.211850322257895 
Car -1 -1 0 36.65762849967057 199.62773942610073 80.74110887352245 221.56035143708178 1.546052 1.6026626 3.8579586 -44.233875 3.7762704 58.0225 1.265266 1.4552058952320104 
Car -1 -1 0 288.7733847631275 182.57089589518984 310.3091360341526 199.42781923167692 1.639087 1.6286051 3.8447073 -32.03392 2.6720526 74.62802 1.276545 1.2583037681346023 
Car -1 -1 0 886.5003088448722 167.18040772612662 972.8032416646896 204.68530346403816 1.4444597 1.560276 3.436204 13.049236 1.2259474 29.622868 1.3827829 0.5460288524627686 

