Car -1 -1 0 769.7114089024238 179.34770289968833 929.3666298964115 285.37458725922477 1.5754995 1.5643035 3.4056096 4.027032 1.7050514 12.6643 1.5336666 93.16068619079981 
Car -1 -1 0 736.3420488633525 181.8947303478981 828.973482259735 250.88701045461843 1.4673415 1.6089427 3.8078036 4.1476126 1.7149956 17.811514 1.6380868 57.8870151367474 
Car -1 -1 0 430.6759326873178 184.80589834620116 514.9073227755885 239.05370387366452 1.4995116 1.6408612 3.840828 -4.21457 1.9100735 22.802181 1.6563654 74.24498381706675 
Car -1 -1 0 863.1230476151534 192.889990566893 1242.0 375.0 1.4585469 1.6190253 3.8981369 3.8834682 1.704196 6.8831625 1.5886045 77.58728884650785 
Car -1 -1 0 553.8732901955539 177.96778671359814 584.7416516543965 202.46637791843438 1.6042037 1.5967922 3.6993394 -2.7495775 1.9719079 49.964756 1.665816 16.92200673590221 
Car -1 -1 0 714.2922477055687 179.142663537349 778.8761924155828 231.4403819649221 1.517427 1.6052356 3.820963 4.3497567 1.7381611 23.366528 1.637447 27.504936427520224 
Car -1 -1 0 480.5029897888846 182.9042768826148 539.7955389525448 224.45934476557585 1.4794228 1.5465254 3.8256435 -3.865509 1.9052985 28.607204 1.6493807 23.57452622146303 
Car -1 -1 0 693.5542790178139 180.37356223575918 746.3802106660904 220.48146439240224 1.4396029 1.562416 3.8755002 4.301944 1.7577912 28.580778 1.5880206 20.90691681189423 
Car -1 -1 0 505.8477262588789 182.29384251962412 552.1350362057731 215.8095675388212 1.4229438 1.5806237 3.9383466 -3.7073295 1.8907428 33.75789 1.6098169 7.503585056915463 
Car -1 -1 0 685.9999083824466 178.79715044981498 722.2672744798197 207.5697629774909 1.4641097 1.5563768 3.5988019 5.10246 1.8025353 39.275654 1.586609 2.2722277232352828 
Car -1 -1 0 954.9374646099868 172.48242842258958 1048.2405123294648 203.27703418999465 1.5670369 1.593842 3.9756823 20.408566 1.5481286 37.67656 0.08346142 0.6409147381782532 

