Car -1 -1 0 37.61263839948288 183.37057118571767 340.6347836710184 285.5329361263114 1.4928888 1.6241038 3.89363 -6.54463 1.6727018 11.524012 0.0004318183 83.90173710688236 
Car -1 -1 0 676.8068002884283 170.9272415294792 788.020742734315 259.05423445449935 1.789071 1.6802537 4.276355 2.7028885 1.7499557 16.823236 1.5238347 106.78700607703938 
Car -1 -1 0 142.673528557522 185.36554753561765 404.2088360191696 266.9223895698476 1.449012 1.6282301 4.275752 -6.3222055 1.7039884 13.88731 0.0014047115 47.47911893063122 
Car -1 -1 0 224.14675021135156 184.61426265876304 426.56558646101223 252.7884512908508 1.4217353 1.602557 4.0007906 -6.386679 1.7059581 16.418606 0.11186263 37.36403519157097 
Car -1 -1 0 636.9244071649053 178.24242641701406 670.2934278531485 206.28106459319366 1.4497502 1.4953262 3.3172154 2.3827572 1.758434 39.64547 1.5282584 14.47487726762807 
Car -1 -1 0 311.27570008261426 177.5404809476312 451.90992651335864 235.78393126516428 1.6114697 1.6297231 3.622856 -6.5563183 1.7541091 21.036572 -0.06137001 26.53841071377057 
Car -1 -1 0 663.427352315865 182.04848330101507 732.8572737743535 234.49309557517992 1.4541216 1.5291134 3.4226518 2.667661 1.7616833 22.378967 1.5064095 12.811948170770163 
Car -1 -1 0 396.2119394542527 175.60359095036725 502.62717017652795 213.30831050597774 1.5347903 1.6208068 4.095742 -6.7422976 1.6552492 30.56663 0.11694998 11.847818291935909 
Car -1 -1 0 651.6963087219074 179.0414328375207 705.8680562155781 221.49389675555466 1.4894111 1.6189563 3.8748038 2.5994227 1.7449788 27.84407 1.5437698 25.271229803613465 
Car -1 -1 0 262.28927567693916 181.38443843484032 431.70158879457557 241.97975867208052 1.5059708 1.5487795 3.885574 -6.8010063 1.739275 18.944206 -0.0078291455 13.609712400397639 
Car -1 -1 0 345.626929543259 175.36774636626257 482.3596366651253 227.21101852638182 1.6106641 1.6621535 3.993404 -6.2531314 1.6951549 23.376785 -0.022209879 10.224016193061061 
Car -1 -1 0 459.61551867453596 172.6522692269412 532.9615245486168 202.78361508114102 1.7558825 1.7219832 4.109867 -6.6952324 1.7441266 42.936867 -0.014048917 5.068765401613571 
Car -1 -1 0 0.0 187.08226936330757 285.3120328324703 326.2174900202869 1.4790206 1.5336723 3.5509572 -6.000996 1.6651181 8.635635 -0.01969979 2.2901623429149685 
Car -1 -1 0 672.0456103162036 170.610585451423 716.4160920797116 185.3778786863833 1.4344611 1.6306586 4.293995 8.314211 1.2165406 71.09232 0.08941881 1.9296954918135676 
Car -1 -1 0 337.96652820018926 170.06189517658447 473.12262845742646 222.82431184609598 1.8103831 1.685778 4.318382 -7.1657443 1.7145803 25.616766 0.007647621 0.2812840938568115 

