Car -1 -1 0 446.9713084579644 201.55476607646185 772.1906451706907 375.0 1.4937203 1.5598805 3.4348102 -0.21538787 1.8543733 7.213247 0.9582244 124.29867572134536 
Car -1 -1 0 328.94215097504014 209.3415548149732 529.8748282134062 345.4592299210822 1.4786391 1.6275129 4.0001106 -2.9222383 2.144231 11.062748 0.94809914 130.20448845550476 
Car -1 -1 0 262.5563162601634 208.48923437507997 392.98726416471646 302.24462046659454 1.4604814 1.5796694 3.794493 -5.8611374 2.2881892 14.759625 0.94361615 97.61190116668492 
Car -1 -1 0 139.74657758713437 211.62296698158158 198.90708198198308 257.56928732899735 1.4706178 1.564685 3.8571649 -17.416513 3.108223 28.475607 0.9090157 13.851994503040405 
Car -1 -1 0 188.7211676236907 203.95082122191806 291.414523780428 279.8959591881145 1.5994912 1.6194923 3.548287 -9.594516 2.4830022 18.618614 0.8762907 79.95218944018906 
Car -1 -1 0 1078.022596326013 154.81428772298761 1185.4536636661853 191.55951786320995 1.8413483 1.7461851 4.3321657 27.693588 0.9373561 38.380245 0.87625235 14.269821967567934 
Car -1 -1 0 141.02944125926155 210.50122935340355 186.80922542543763 249.42294948136177 1.4799805 1.5731676 3.640212 -20.496304 3.3099942 33.132458 0.95753944 6.184157540012786 
Car -1 -1 0 110.65328578112614 209.40788379687928 150.39687288418017 241.08736332870438 1.5302267 1.6020604 3.9391978 -27.656458 3.7419493 41.61335 0.90526813 0.263171911239624 
Car -1 -1 0 201.07269100666028 185.66370794443662 267.6396213564801 209.69792006636808 1.552104 1.5835229 3.7326136 -25.271273 2.433442 48.649574 0.11117775 0.26082131266593933 

