Car -1 -1 0 337.99765752164285 193.70543925273984 458.05569209025725 280.00980031021976 1.4612558 1.5543758 3.49663 -4.205566 1.941649 14.848785 1.5355498 86.94555695270412 
Car -1 -1 0 750.9139955986425 178.3536064408573 996.4572532846694 344.95011875802044 1.5594244 1.600182 3.4363065 2.8616214 1.6382678 8.606388 1.5456665 133.80310725178654 
Car -1 -1 0 493.3396759628146 182.38328076745825 532.6525290597639 214.24319017495426 1.5459474 1.5519038 3.7419674 -5.0357313 2.0726767 38.007927 1.5759436 41.20581609970795 
Car -1 -1 0 674.6108266092806 180.4062996916705 749.4950656000358 243.81924809774335 1.477138 1.5645278 3.268649 2.592348 1.6917684 18.853281 1.5943022 91.7334338062552 
Car -1 -1 0 432.7409823215723 179.60439471342914 505.9454048910182 239.34185227163795 1.7816217 1.6583441 3.9528189 -4.5526276 2.0241191 23.943115 1.5715352 93.68409605098645 
Car -1 -1 0 644.384900463273 177.82239779881522 682.34588505631 212.09713983401465 1.5327519 1.5826583 3.5444102 2.5304925 1.7829837 34.561295 1.5791415 38.05826264992014 
Car -1 -1 0 626.9537702215682 176.18968714602926 646.2967879586416 192.05507367132364 1.5794978 1.5885906 3.6060383 2.8182607 1.9328859 74.53747 1.7247382 3.394398612767568 
Car -1 -1 0 524.1115205919061 181.96853740692896 547.456714990763 203.8075455897616 1.5067031 1.5538433 4.0933537 -5.447992 2.2103415 53.61312 1.5112264 0.6671121830825255 
Car -1 -1 0 549.2495153184174 182.7544925146017 571.1583162622292 198.4802646985686 1.4796758 1.5615565 4.0233192 -4.935712 2.504132 72.584076 1.6668587 0.36054527759552 

