Car -1 -1 0 661.9863491917823 178.891458435714 721.4677809412591 225.54200035355393 1.4340417 1.571475 3.448312 2.7038999 1.6524206 24.363827 1.5571848 61.41332008902076 
Car -1 -1 0 722.5078021198141 173.97828792751568 901.6470578415071 305.32511837668204 1.6042411 1.5941467 3.5467339 2.764827 1.623586 10.629186 1.5547736 124.29804803670629 
Car -1 -1 0 294.8212439073603 180.88167782857374 459.10317567193266 236.8891009927465 1.4463139 1.5834184 3.9710078 -6.2677975 1.6748664 19.70737 0.022018153 51.5910536894778 
Car -1 -1 0 714.2370586202524 172.95185274167946 818.8936333540091 216.13966862497335 1.7103431 1.6909267 3.950107 6.3532104 1.7144701 29.505781 0.041627042 42.280408178257595 
Car -1 -1 0 0.0 182.2900430893952 326.29277492007975 312.2759492617727 1.4847288 1.6238785 4.1014595 -6.0107303 1.6179692 9.280853 0.047066227 101.24649031727962 
Car -1 -1 0 346.70689360867976 177.63122667501258 485.6672012907003 229.01950026474893 1.4860787 1.5826892 3.7729366 -5.7854886 1.6363142 21.856125 0.023252392 41.47949099624812 
Car -1 -1 0 86.02896957211136 183.26363690656896 373.088474036181 279.0174952466095 1.4465203 1.554635 3.906051 -6.10479 1.6301244 11.902759 -0.023841564 64.41253224558078 
Car -1 -1 0 387.1917149208028 177.33176708115212 505.0514515223372 218.6804515658314 1.4593853 1.5631028 3.9857988 -6.0509005 1.6331296 26.855223 0.18874203 11.973087359468524 
Car -1 -1 0 145.77066228905622 158.25209020503218 374.8964147218605 251.30505396816233 1.740411 1.6697948 3.7428284 -6.803856 1.467305 14.331984 -0.0009859366 27.639694633864607 
Car -1 -1 0 355.3052600830432 175.76583667772712 481.58878929610574 222.35819759743077 1.5040529 1.5629314 3.8696668 -6.480835 1.6079603 24.592117 0.20308007 6.25595397804313 
Car -1 -1 0 466.7141966626183 175.64058635737604 505.0225069282283 209.87533750783317 1.4382851 1.6069773 3.7695508 -5.6412215 1.5721077 32.645546 1.3739767 3.4615810513519656 
Car -1 -1 0 445.5012094797938 167.97227398153345 524.8994640734595 198.8932975436743 1.7313724 1.6400216 4.254716 -7.0597916 1.4580278 41.223885 -0.0011962574 5.364011337302539 
Car -1 -1 0 391.8827707805002 174.49548564882448 494.6488265116894 213.2452004885115 1.529103 1.5667512 3.8065035 -6.717538 1.5978193 29.374146 0.02521976 3.2300240688177757 
Car -1 -1 0 209.89685045058079 175.58099089721318 397.63443298546986 245.1232772137475 1.5559528 1.6293726 3.742575 -7.117141 1.6234853 17.038723 0.008099756 2.1840476384303957 
Car -1 -1 0 657.2128684031734 173.1027369971652 683.9534073042756 191.1345517064369 1.6410273 1.6291212 4.1926785 5.7073083 1.665193 67.91324 1.4343343 1.752142089038965 
Car -1 -1 0 626.9597238458624 175.70647062522826 653.633549642904 195.5113375547796 1.5291564 1.6116786 3.7429345 2.4472656 1.7670066 58.21811 1.4641389 0.6909919349456547 

