Car -1 -1 0 690.7204222628549 182.34870087014107 776.4349122323976 250.32850352699276 1.4350355 1.5485997 3.4633884 2.898518 1.6878906 17.467564 1.5921772 86.40677777694853 
Car -1 -1 0 747.7012963773478 174.29217839774915 888.8462306809035 228.85975794252903 1.63351 1.6804931 3.9692082 6.4435487 1.6804336 22.595633 0.053999983 71.10155526024673 
Car -1 -1 0 138.49273256634987 188.11994950780903 396.229834728254 274.97782899695926 1.4211254 1.5634336 3.864596 -5.9754806 1.7107111 12.886929 0.009585906 103.2303774257703 
Car -1 -1 0 310.5454865442332 179.96192013238172 472.0103114890629 238.1058335648582 1.5112296 1.5806782 3.9472713 -5.9173803 1.7150209 19.82574 0.036321193 45.54309139242704 
Car -1 -1 0 227.47307285568866 180.74364400699253 442.3880780623712 257.3774593357401 1.4983258 1.5986896 3.8835597 -5.623274 1.6720989 15.083073 0.0050479104 69.78756568486604 
Car -1 -1 0 371.25129506029936 178.21666553040058 489.6308086949381 223.71036456821753 1.5045102 1.5328231 3.686707 -6.105944 1.695025 24.841036 0.014158203 17.92636204874523 
Car -1 -1 0 269.25210250529284 179.2541278963768 443.9055700787066 245.23402446478704 1.5123605 1.555476 3.70776 -6.091549 1.6763976 17.602402 0.061843008 23.739535091086548 
Car -1 -1 0 0.0 189.27309043696098 274.22885247165567 304.3288910923756 1.4569476 1.6048764 3.736223 -6.973125 1.7071934 10.183095 0.006182187 38.74192630466737 
Car -1 -1 0 319.75629269517947 177.2639235148265 460.33730583283744 228.99531733269242 1.542165 1.6021423 3.8923497 -6.754677 1.6844388 22.46355 -0.007093438 13.257612273490519 
Car -1 -1 0 633.868325205053 176.7024619476603 664.5393625574783 200.61056167868327 1.6127675 1.6652603 4.0437765 2.7838864 1.8981317 51.422287 1.4938025 11.166237159784291 
Car -1 -1 0 387.80919394537364 178.5183585313923 498.8582622244763 220.7126791686088 1.5343738 1.5871382 3.8178806 -6.24155 1.7557378 27.334038 0.03707906 4.823867994265679 
Car -1 -1 0 688.162638268772 176.70173548907798 768.5887156643521 209.43384196761718 1.5695411 1.5640632 3.6484854 5.8689814 1.7659181 35.82897 -0.12082977 10.637902499446486 
Car -1 -1 0 683.3620746447642 174.3430095205168 766.3716453763586 207.59608740980988 1.7060596 1.6452215 4.055235 6.0466905 1.7866452 38.077847 -0.0749214 5.668598547478267 
Car -1 -1 0 411.68341079883413 175.01510334665545 508.8556041944738 212.24254995842546 1.5972776 1.6274449 3.9438498 -6.5523753 1.6954525 31.918116 0.02359976 6.421725964196524 
Car -1 -1 0 667.6757240440965 175.3657955923398 695.7192127926447 194.89582021548122 1.5785005 1.5919659 4.2653723 6.066471 1.7987602 61.077076 1.4821936 2.969771792687131 
Car -1 -1 0 418.31639509518817 169.11521386702125 513.1905406923936 207.06853671656413 1.7645695 1.6732969 4.1885037 -6.797979 1.5907414 34.38507 -0.00088884565 2.469971652602358 
Car -1 -1 0 488.5129184180403 177.7272775612731 553.2211843540473 201.23566716324885 1.5307915 1.7233704 4.089258 -5.897229 1.8629705 48.27208 0.023944892 0.29403257369995117 

