Car -1 -1 0 661.2502980209271 184.6787043305518 734.661692075151 234.17111177956258 1.4060519 1.5487763 3.4034188 2.7536461 1.8144912 23.137232 1.4447802 82.99367363151644 
Car -1 -1 0 922.5770145295771 183.91262476902915 1233.8845933440905 304.7127256873763 1.4116428 1.5542877 3.5934505 6.7079525 1.6062571 10.743724 1.1036886 127.08965351913373 
Car -1 -1 0 266.63054822941587 191.93824798572376 448.55015244062776 251.3184197856109 1.4452248 1.6674438 4.1987214 -6.5126734 1.9690676 18.956242 -0.007395344 71.97899340205922 
Car -1 -1 0 47.34827632426718 191.96872250797492 328.54411410162777 294.26719375194835 1.5232574 1.6047468 3.6897335 -6.778418 1.8591411 11.863707 0.00693628 38.93342429454821 
Car -1 -1 0 133.7277946909657 192.52140064738924 368.76368000291603 275.3093436837564 1.4914333 1.6038198 3.8287072 -6.9214535 1.9009787 14.20628 -0.008793098 38.76112423212401 
Car -1 -1 0 360.4237359067991 189.3362403459917 481.0190787024616 232.19633950515188 1.4362843 1.5956669 3.9055262 -6.78613 2.0568843 26.088634 0.14916417 21.05116122414014 
Car -1 -1 0 637.4176759388012 182.2129967883399 680.1150249707191 217.64470743154743 1.4585246 1.5706633 3.9820592 2.176786 1.9097048 32.773827 1.5455638 23.838090389843632 
Car -1 -1 0 333.74651833139615 189.6847415267673 462.6459192057456 237.77979626928848 1.4613702 1.5495942 3.7462547 -6.8783245 2.036397 23.64128 0.12952971 13.414795944421272 
Car -1 -1 0 392.09307318723575 186.06056845765966 491.34637465733846 222.84029420072568 1.4841814 1.5850235 3.8291085 -7.157192 2.0693917 30.921955 0.13941765 6.121529642868129 
Car -1 -1 0 518.1638320407332 182.22864122674403 547.9107619243208 206.5831072740776 1.5692221 1.610354 4.112571 -5.274961 2.247405 50.137257 1.5760057 3.934828236530452 
Car -1 -1 0 299.1578756129909 189.0380746880987 448.356783891577 241.43240083385518 1.4593018 1.5658429 3.9100094 -6.9043612 1.9565539 21.377346 -0.004517819 5.675961667890008 
Car -1 -1 0 486.4905045009738 185.55562361445774 528.4317105335286 216.47518909609937 1.451102 1.6770264 4.2106843 -5.2768354 2.1525917 37.727676 1.5508192 6.629223361223727 

