Car -1 -1 0 855.5060832967426 195.1314507422099 1242.0 359.49362869522975 1.4358122 1.5626522 3.7342782 4.6517377 1.6896621 7.3770013 -0.03428421 74.9380660203418 
Car -1 -1 0 463.8891426480799 176.8057148070079 506.26907751699775 205.82793264226237 1.6720612 1.584075 3.8196483 -7.6655483 1.9254282 44.197144 1.1260699 28.31922609236385 
Car -1 -1 0 1096.780716196316 184.83449642654625 1183.406920671451 213.84402678700187 1.4409845 1.5945448 3.866883 28.955467 2.1308475 39.528263 1.4426854 48.793250780260294 
Car -1 -1 0 0.0 164.50372194930088 254.21610327780542 283.94751559326545 1.7161944 1.6721352 3.879369 -8.014316 1.5962157 11.53013 -0.176081 55.17933542119845 
Car -1 -1 0 55.001913888212414 164.9104203217393 314.64404924270775 259.9959313046183 1.7071913 1.6373277 4.0300856 -8.063427 1.5645701 14.025301 -0.12875336 31.23593619647201 
Car -1 -1 0 222.2194253913474 177.66542551097038 358.15679462216195 228.0323353553446 1.5040437 1.6338482 3.7384357 -10.073756 1.6658337 23.022911 -0.2411485 7.496370754008947 
Car -1 -1 0 237.66830212524056 177.22151355895892 361.8158486346014 221.15083311418763 1.5078206 1.5954199 3.9124079 -11.1481 1.6736867 26.203167 -0.21625163 3.297354018868295 
Car -1 -1 0 187.20485333559762 164.0480424443015 342.0886805523758 233.75775220507072 1.8390872 1.658078 3.6491318 -9.550936 1.6067677 20.253445 -0.22660938 19.258848584089897 
Car -1 -1 0 1163.2407063620078 180.9824210675978 1242.0 214.5828029300736 1.7266133 1.6403065 4.035803 33.046646 2.20283 40.180943 1.6738085 1.0008110982751923 
Car -1 -1 0 298.64952330835337 166.84009864099812 352.00554356575384 184.9787434857456 1.4814755 1.5977232 4.1060495 -23.772331 0.9902892 60.423176 -0.37265563 0.7974112732358641 

