Car -1 -1 0 626.1189924034592 175.15962401714688 662.9728038963156 201.98701388026038 1.4761043 1.5773382 3.3387856 1.9849672 1.6151431 41.75705 1.4456552 47.1315329901329 
Car -1 -1 0 721.2707838603397 175.66303579472617 807.8680235485052 213.8994579406738 1.4486892 1.5288652 3.474199 6.2704177 1.5708883 29.501554 1.0488216 73.04200088116433 
Car -1 -1 0 65.7429024147203 182.62886138894726 385.94134138885516 289.5016929112814 1.4971757 1.6313446 4.110029 -5.772298 1.6604719 11.162431 0.037127614 83.1568665568128 
Car -1 -1 0 133.2659982856772 179.54759341679392 377.652929866904 265.4342630956954 1.5105442 1.578656 3.8689144 -6.586997 1.6452769 13.673132 0.031796187 23.634820694446944 
Car -1 -1 0 288.96324053853846 175.33662912806702 433.35422492329 231.3774415620952 1.5362914 1.6889918 3.564538 -7.043716 1.6104739 20.707813 -0.0043376638 25.366831638256738 
Car -1 -1 0 479.57844918702983 175.75163202853287 517.797277316816 205.21145248882408 1.4757733 1.5641165 3.5884705 -5.839508 1.6369275 38.315376 1.5453099 7.838449631063502 
Car -1 -1 0 609.5887610699277 173.44986960353225 634.2308614460856 195.31152839123095 1.4872003 1.5670197 3.9729533 0.84290737 1.5311432 51.20244 1.5418175 1.079718150649752 
Car -1 -1 0 450.3354384006361 175.14431858227718 521.4043518633408 200.80298998089316 1.5372329 1.633728 4.0537944 -7.549984 1.6805038 44.260094 0.029255472 1.0878201715626667 
Car -1 -1 0 328.6772179174089 175.7312995918983 456.13201162395205 227.05467138186515 1.538504 1.5997206 3.5174932 -6.7164474 1.6318276 22.563072 -0.022730991 3.2768722645276207 
Car -1 -1 0 364.43218272973417 164.78203211014755 496.7760414581522 219.11284001980212 1.8248527 1.7083324 4.170603 -6.169078 1.5537329 25.161898 0.035201587 1.5437959636029754 
Car -1 -1 0 516.0578898782073 175.81360266480903 537.7553831931907 195.98453285030618 1.4901505 1.5803845 3.887118 -6.3732867 1.7276769 55.900696 1.4799287 0.27275797724723816 

