Car -1 -1 0 730.1121602288893 180.9224940418851 915.7236164161667 312.79029521232087 1.5390776 1.5688382 3.4296525 2.8490639 1.6744683 10.370699 1.5418279 138.5123386871734 
Car -1 -1 0 666.3373475560079 182.462291586873 735.2067315078997 240.01323322657484 1.4707968 1.5575815 3.2750583 2.5291405 1.7672668 20.625237 1.5717566 106.14182784240133 
Car -1 -1 0 368.1297206237287 192.7738903319549 470.33751910337685 269.1701114866392 1.468109 1.5420268 3.551682 -4.254007 1.976548 16.61184 1.5314064 87.05920398764036 
Car -1 -1 0 444.2515632843851 181.82433021585496 510.61284244376367 235.38802636115025 1.7119514 1.6592824 3.9440837 -4.6151094 2.0560155 25.699066 1.5658805 52.59885890347947 
Car -1 -1 0 495.7551217151084 183.6262957366558 534.7452723875713 214.11570584082241 1.5411625 1.5787063 3.8465989 -5.14779 2.163979 39.779007 1.5896012 34.583643461830725 
Car -1 -1 0 640.0901826656734 177.88487407363655 678.0877174451447 211.4559628093793 1.5820017 1.564301 3.5081556 2.4471567 1.8475864 36.312653 1.5390077 25.206689778811246 
Car -1 -1 0 525.6142565444926 182.89422726191003 548.7276146080005 203.97257882776577 1.5015934 1.5621156 3.9557855 -5.5190353 2.2995698 55.332916 1.5222992 1.6914681515810943 
Car -1 -1 0 622.8907486084584 178.7619632934513 645.82257934056 194.33179823909228 1.5728581 1.6134809 3.8802047 2.657395 2.2166991 76.55063 1.8280998 0.8238684201965047 
Car -1 -1 0 549.3274252815388 183.33727475112696 570.2095596394996 198.4837229216254 1.4507127 1.5513101 4.3121986 -5.101774 2.5633183 74.37071 1.6442189 0.6408862296611826 

