Car -1 -1 0 258.9252655873223 185.71097253867384 417.35710635296005 271.2035256496352 1.4553411 1.6128987 3.884969 -5.109447 1.4664867 14.218419 1.5913235 106.89305559744014 
Car -1 -1 0 59.81440782947949 186.55271059512447 253.9485168285925 269.8833163037742 1.434954 1.5560617 3.671475 -8.693525 1.464917 14.273717 1.5703447 57.08697840109988 
Car -1 -1 0 365.402167309096 182.54085271810274 426.26049806986316 218.15911449978813 1.4078847 1.5816624 3.7087426 -8.827489 1.302156 30.293491 1.5380963 29.306631891010955 
Car -1 -1 0 574.8557470191661 175.17826281329462 614.0614656197318 211.44185139795576 1.5374057 1.6626613 3.7217956 -0.5719043 1.1118656 32.35111 1.5535074 30.851495445198093 
Car -1 -1 0 191.66688543235355 184.11259685748226 301.21830639350793 230.53618013109914 1.4148241 1.6065964 3.9524074 -11.84313 1.3812056 23.89744 1.5874276 35.502506819663644 
Car -1 -1 0 298.628839400635 173.49924480776875 387.5439533701082 225.49965438048105 1.5443642 1.593839 3.621776 -8.401547 1.1963964 23.175001 1.5518769 15.952573482784015 
Car -1 -1 0 26.806776827481364 182.01571780192344 112.45978558319898 210.84447069962363 1.5208323 1.609565 3.8233483 -29.74387 1.3520205 39.91852 1.6938219 3.9293712561978174 
Car -1 -1 0 0.0 167.38528764881 121.69944549463239 235.18906045512654 1.7170054 1.6119974 3.5421717 -15.800749 1.2654831 20.10754 1.7896686 2.6779166903141722 
Car -1 -1 0 503.7401693681197 175.5664814100682 540.6735693772255 203.56411139591378 1.5390397 1.6268573 3.8519142 -4.851435 1.0086188 41.45216 1.5838203 0.302964985370636 

