Car -1 -1 0 702.5276915296471 178.96915327923645 842.3544764509 277.50578747962936 1.4526873 1.6638676 4.341098 2.745097 1.582295 13.101011 1.5970464 124.65149911275134 
Car -1 -1 0 194.7072151059915 174.80702156904985 437.4454135938731 252.14530354294263 1.4343649 1.6130273 4.170851 -5.6797733 1.4756565 14.341656 -0.05180824 75.41426005968331 
Car -1 -1 0 0.0 175.98202185587644 296.9710162949959 297.3556161220411 1.4672074 1.6142311 4.0883656 -6.573078 1.5129433 9.658989 0.041318122 75.07296787721133 
Car -1 -1 0 676.4543944088049 171.39821032836787 748.3387742862368 199.9381586148164 1.6220033 1.7032448 3.904709 5.9329424 1.5392666 41.90765 -0.025273496 21.56607680763971 
Car -1 -1 0 383.98593594686605 173.78058087310657 505.0384655555472 213.79988680484587 1.4425026 1.6026365 4.1643176 -6.081806 1.4781437 26.90082 -0.02511591 22.508792474732257 
Car -1 -1 0 792.2959988890618 177.59117627100179 962.3674213115677 243.92081437824783 1.5547779 1.6699696 3.6729467 6.578493 1.6796842 18.039364 0.08371178 47.36546957668647 
Car -1 -1 0 431.90815897653863 170.46471911083484 525.6170141836627 206.84289217963476 1.5507172 1.5553294 3.794149 -5.6825128 1.4488676 31.601818 0.03540905 17.854100280778038 
Car -1 -1 0 341.65495468416526 173.15457574922658 478.26026851479594 217.69422735077436 1.4459618 1.5765042 4.2386475 -6.6603723 1.4565345 24.408884 -0.08794172 12.102004140940567 
Car -1 -1 0 709.6122690438151 172.0913812434254 795.596417924058 207.40340654249368 1.5323505 1.6068637 3.4670663 6.350295 1.4992568 32.23552 -0.07118377 18.236524792331462 
Car -1 -1 0 632.5246039067147 171.5938645469754 655.1024042818975 193.01906274041613 1.6141963 1.661121 4.1759415 2.6477778 1.5192561 56.467476 1.5932444 9.426112868644685 
Car -1 -1 0 32.23472749048961 163.7678224482217 309.4842955397211 262.9646241811036 1.5529954 1.6395854 3.6620476 -7.224933 1.4107449 12.154065 -0.020904012 21.273202792104435 
Car -1 -1 0 722.9553910431476 175.39699435492815 823.1371805237212 212.2681902744973 1.4720286 1.5791107 3.744928 6.7223406 1.5805686 29.865717 -0.076838724 5.675926906990432 
Car -1 -1 0 524.0792112584486 171.55025636116764 551.2214267817517 193.86491430052635 1.5180749 1.5602255 3.703676 -5.041954 1.4293804 50.94119 1.5671157 3.527405081776844 
Car -1 -1 0 746.4771056740972 176.8151504866996 883.6196568744491 228.4974912111531 1.5303851 1.5613769 3.7877479 6.296812 1.6577371 22.34689 -0.037291795 0.28797391057014465 

