Car -1 -1 0 785.0785675013516 182.02210495231583 994.5657121281864 259.36074257328124 1.5231193 1.5948815 3.8785691 5.9115677 1.7319489 15.440477 -0.104074605 75.58633604239584 
Car -1 -1 0 0.0 182.36786450271202 292.7214810596604 305.7458427503958 1.502414 1.6179017 3.9511662 -6.6283536 1.6430643 9.794024 0.032638557 41.07884065929909 
Car -1 -1 0 882.5864162131545 188.00448312136362 1201.8796191903537 301.30970048720496 1.4754134 1.5982001 3.6747913 6.0940075 1.7121656 10.446261 -0.016331533 69.87214552871907 
Car -1 -1 0 744.1792006164939 183.69658901496996 925.7111534114345 245.24463576646477 1.4557488 1.598721 4.1247435 5.6766 1.747398 18.412542 -0.097201064 53.37447344760242 
Car -1 -1 0 137.83681101184249 179.03924102921073 374.04879531130797 263.4904064248686 1.5481178 1.6469615 3.8650994 -6.852221 1.6785953 14.291893 -0.0552492 64.18740736132277 
Car -1 -1 0 631.4167011580266 178.7510057248073 677.8629442007274 211.9305432419363 1.4248999 1.6650243 4.3842554 2.0566568 1.7212255 34.01969 1.5113323 43.44904098314313 
Car -1 -1 0 846.3597359764375 185.0740223841379 1103.8813917865143 274.9047344023555 1.4668128 1.6159394 3.8340063 6.4410944 1.7018774 12.956219 -0.060980093 25.696883554628403 
Car -1 -1 0 402.1998640630368 178.32374688093904 506.48183305939574 213.9527873319011 1.4663687 1.5855045 4.098208 -6.559553 1.7056298 30.753166 0.007852687 14.322629396854717 
Car -1 -1 0 375.45060931539365 180.02810025029265 490.0115452583303 219.92679013697924 1.4923813 1.6106613 4.083953 -6.8279047 1.780483 28.133709 -0.01813947 31.22084597075865 
Car -1 -1 0 735.6594221109875 171.0861584820165 888.2009059196339 234.85905592921134 1.7503812 1.6646111 3.8955219 5.755202 1.701859 20.778246 -0.07405097 18.302897740515444 
Car -1 -1 0 207.21400736106355 162.97114353962533 412.4514325021094 246.2913426873291 1.8397331 1.6870942 4.0920115 -6.866745 1.6215168 16.842144 -0.032899424 12.512341965526074 

