Car -1 -1 0 296.52516748579114 189.54415806840416 451.29320353864165 308.34666100241395 1.5296354 1.5308242 3.4902525 -3.5904922 1.8388886 11.581023 1.5100002 105.19287488465456 
Car -1 -1 0 792.5162919221227 190.97670712668634 1038.2473196624987 345.29743404253213 1.4283286 1.5620894 3.737804 3.4972029 1.7020365 9.009536 1.5958419 113.58630731543363 
Car -1 -1 0 650.562890003525 178.30130665395933 705.0075441726622 220.85513100319608 1.4444525 1.5836751 4.1800876 2.4873276 1.665179 27.133694 1.5537322 44.557013961076365 
Car -1 -1 0 694.2553600898293 175.30019238355683 822.5649308811596 266.63945549879185 1.5688571 1.6390463 3.64037 2.8027096 1.6238148 14.351685 1.5207863 108.34924211771816 
Car -1 -1 0 523.4218698606724 175.8053781988737 553.5624102824282 201.22492057470268 1.4858603 1.6034522 4.151232 -4.3653946 1.6775768 44.767273 1.5354745 19.67031289828413 
Car -1 -1 0 490.90847634772393 180.68157852024473 536.2048428330845 221.38684108570618 1.4616303 1.5235981 3.5906541 -3.728342 1.7902815 28.455421 1.5084481 2.126626015898314 
Car -1 -1 0 642.7603314051163 177.6946965928065 688.7863563315643 213.34682733705108 1.4920211 1.5678594 3.614956 2.480463 1.7228768 32.555183 1.5045497 1.188699296875163 
Car -1 -1 0 456.5920483346677 166.4133448896919 523.2800924204603 232.63397414386355 1.9026668 1.6734514 4.328337 -3.7018225 1.7176123 22.94569 1.5052917 6.526487590392986 
Car -1 -1 0 630.8310674451945 174.27048103759594 661.3205722582687 201.00440102662998 1.5377158 1.5675349 3.6756196 2.1658897 1.6268651 43.555367 1.5464768 0.6126575456601426 
Car -1 -1 0 676.6339405128463 178.94518443042844 756.4366871841693 234.30239234634138 1.4753718 1.6006656 3.7373123 3.0979953 1.6736661 21.570827 1.5033481 0.3181019425392151 

