Car -1 -1 0 706.3840866625948 190.13426096555196 855.4011301701322 286.2296389488356 1.3796241 1.5507069 3.5083232 2.872408 1.730295 12.82705 1.4832739 115.4097670910896 
Car -1 -1 0 653.5321820822448 182.69853233825728 726.2273969439532 236.21334714599175 1.4532496 1.6240182 4.3124914 2.4076204 1.7912908 22.587704 1.5287921 84.40428279385978 
Car -1 -1 0 0.0 196.94210147528824 288.53583472591316 330.53370941594636 1.4020586 1.6447303 4.237403 -6.3795147 1.7237982 8.762737 0.024817463 99.55968898233674 
Car -1 -1 0 201.52366122104254 190.3625395185244 406.3923487222842 262.1669174355777 1.4241694 1.5857124 3.788922 -6.5429482 1.8266562 15.6719265 0.065310806 48.77328579172573 
Car -1 -1 0 372.5655286012971 186.98096135961262 501.27193065218245 228.32816085296162 1.417381 1.6205914 4.2714605 -6.2069664 1.9479268 26.216959 0.033222444 39.07488561715742 
Car -1 -1 0 33.25696996676939 189.42540665734342 328.65576702420657 296.03364071458304 1.4838641 1.543735 3.6164496 -6.417212 1.755944 11.066149 0.0047907876 42.98813669180376 
Car -1 -1 0 642.627948246793 180.9209410439486 690.1988993484704 215.69240030688812 1.4608119 1.5663507 4.10565 2.5664225 1.8578131 33.40046 1.4907863 16.409066757239174 
Car -1 -1 0 125.65340095529574 191.58354819575283 366.0349392322553 277.7838682622832 1.4355953 1.5584375 3.7451487 -6.6669188 1.809149 13.415599 0.107255995 36.606899905922546 
Car -1 -1 0 245.07158879688598 186.97610192279137 426.1570768801963 249.01656544087112 1.4593687 1.6105764 3.9578836 -6.819242 1.8324798 18.211788 0.023470625 19.446719129505485 
Car -1 -1 0 627.7408153588344 177.234739517167 657.863526608828 201.63293009541061 1.6871617 1.5863781 3.7168636 2.3839245 2.0179098 52.53451 1.4472643 5.2555038391255495 
Car -1 -1 0 288.793995199021 185.89966524016043 442.88459071069224 240.5631626343364 1.4436703 1.592224 3.8584056 -6.8965945 1.8346798 20.588669 0.12892382 14.897663326761677 
Car -1 -1 0 388.59976612307804 182.73539922208178 493.1168615601606 222.81910483071326 1.536516 1.5515653 3.8111904 -6.682177 1.941847 28.819544 0.0009824724 3.352207785880304 
Car -1 -1 0 415.9654502279193 175.3079069705511 500.0388618976018 218.10566318475594 1.7569323 1.6653166 3.859432 -6.708166 1.8714077 31.7498 0.7332493 0.4182260036468506 

