Car -1 -1 0 727.7826259072586 188.3973245995431 921.2602178931194 309.2861286656931 1.4084101 1.6059301 4.2066216 3.022332 1.692905 11.079845 1.5404391 103.5348161475771 
Car -1 -1 0 653.8356744001478 172.02209366670058 706.8128213695069 218.0169791858139 1.8050433 1.695478 4.330014 2.9132338 1.7723955 30.504974 1.5418527 42.24951482873446 
Car -1 -1 0 360.62773647535477 178.00709003816448 485.65953856675134 224.28788926052434 1.5536859 1.6451288 3.943324 -6.4626265 1.7403635 25.276646 0.020108484 13.956989520759386 
Car -1 -1 0 440.0906412964681 175.6017970128311 520.7828484692092 209.0105232072415 1.5648885 1.593255 3.6004982 -6.1701665 1.700191 34.72888 -0.0018482741 6.584110107745508 
Car -1 -1 0 0.0 150.0804406789337 258.62769302182437 311.403300102327 1.8314469 1.6816343 3.8530102 -6.7371693 1.5729059 9.05258 0.010601136 12.27344984449511 
Car -1 -1 0 1109.6252012064126 185.23374479757638 1242.0 232.61399447467522 1.5325925 1.5789406 3.6816533 19.449093 1.9701831 24.646133 -0.0376975 6.212057306314506 
Car -1 -1 0 389.5487508787636 180.91668281297697 507.42949563757514 220.921639760429 1.4604753 1.5970817 4.1255665 -6.1132975 1.779525 27.632172 0.059567727 3.8297322057637286 
Car -1 -1 0 640.4646346714678 178.81671847788758 676.2312513549123 206.3794736105537 1.4870327 1.5725976 3.5659995 2.7673206 1.8456225 41.556984 1.498171 0.5828764979251319 
Car -1 -1 0 633.6430621833382 175.53641613535927 661.6597317285853 197.89824214197318 1.5843701 1.6045892 3.8300266 2.7918687 1.7908218 53.56381 1.4964931 0.594596282916045 
Car -1 -1 0 494.35934154529747 171.33442025617686 533.0876164852455 207.66308819820506 1.9122722 1.6233958 4.038895 -5.258932 1.8322842 40.002514 1.5674703 0.2927842140197754 
Car -1 -1 0 450.81381372730004 178.15887856689193 533.055856410397 209.27043991454394 1.5493344 1.6371841 3.9246798 -6.0161114 1.8292315 37.15673 0.048736043 0.5180190640193665 

