Car -1 -1 0 946.7556857242396 165.5266083358684 1098.3735135670697 242.80100114399417 1.4097481 1.7065754 4.168027 8.574749 1.2760714 15.388983 1.8065603 77.20501595989158 
Car -1 -1 0 419.86301970510584 192.3401367154656 545.3187609110362 270.25672336431467 1.4025748 1.5842557 3.7014341 -2.9193356 1.8884017 15.989096 1.0532095 102.94664097301926 
Car -1 -1 0 850.8250008144545 166.20927254708505 933.4303815848866 232.65577861606334 1.402696 1.524273 3.2725651 6.561569 1.2624247 17.015709 1.8535216 52.3617526426029 
Car -1 -1 0 312.7003772662534 185.13402347041034 373.28152328200883 225.98348271070446 1.4629651 1.607771 3.8953803 -10.832489 1.9950218 29.177979 1.0315859 36.534007077432626 
Car -1 -1 0 299.5760680066768 182.35416314501614 345.86061478787246 217.50846361845427 1.511228 1.587292 4.044295 -13.69644 1.9917564 34.33973 1.0758212 19.44752840999614 
Car -1 -1 0 110.3846462562583 189.6106056894243 155.10638538181027 222.1086202366186 1.5533422 1.6975477 4.0462565 -25.651146 2.50783 38.91885 1.066084 23.87307720881346 
Car -1 -1 0 1051.0305683957606 157.60153299825342 1242.0 230.7562826348687 1.5097613 1.6574723 4.074583 12.9848 1.1949822 17.087091 1.1293299 32.492118911580306 
Car -1 -1 0 500.7223517156661 171.21563373158753 584.7303944672572 209.98501088665455 1.6811602 1.613947 3.4635472 -2.964654 1.6101154 32.345295 0.15030201 41.34777036911545 
Car -1 -1 0 558.6079279479854 144.68714103281496 880.4018741126404 351.22583211775793 1.9980464 1.7205334 4.5377903 1.080245 1.7255614 9.381405 1.0640597 4.667065909467896 

