Car -1 -1 0 674.9471260235127 180.6970273479564 763.8352377612551 247.13511271010543 1.4714847 1.6261172 4.1515017 2.6967227 1.6957859 18.553665 1.5637071 52.18948117881009 
Car -1 -1 0 705.0794393227287 174.46287483451923 850.114035376876 288.5724480870965 1.6520089 1.6705625 4.1397324 2.7233937 1.6847609 12.596712 1.5979022 110.8930983251143 
Car -1 -1 0 654.005966223711 175.33688889880725 705.6707968013195 221.4332438443943 1.6373922 1.5968611 3.664307 2.6293607 1.73892 27.666138 1.5630192 59.2912450869992 
Car -1 -1 0 0.0 193.68395743052352 327.2454404232889 311.0348248786911 1.4544355 1.5539722 3.6816478 -6.0845423 1.7690227 10.067207 0.02893364 93.505048371648 
Car -1 -1 0 95.41273904788855 184.47671823182006 380.50628547146056 281.3821743748305 1.5407186 1.6835809 4.1202545 -6.332857 1.7602596 12.665998 -0.059648518 76.48448872748699 
Car -1 -1 0 636.819573285317 178.14867170760655 670.2890396215544 205.5795214082297 1.4778745 1.5515679 3.6040175 2.48429 1.7952398 41.415558 1.5276288 15.719420506115416 
Car -1 -1 0 365.4954555536202 183.2255079166609 483.95558816963216 227.78618173459202 1.5350263 1.6343949 3.8572068 -6.61464 1.9218674 26.078047 0.008829618 7.752404808647708 
Car -1 -1 0 436.79603745809476 180.7133769695328 524.8084143817297 211.33738658897926 1.4989215 1.6484231 4.189439 -6.482212 1.907187 36.619854 -0.01780334 8.523423624374692 
Car -1 -1 0 392.22925864922956 170.70223569904107 496.2856406175516 213.4346236995385 1.7912796 1.7394505 4.1262093 -7.0760994 1.7010806 31.18145 -0.03217209 2.944305496332474 
Car -1 -1 0 181.98278501830282 185.4341477848681 401.6201190384417 258.4423896757463 1.4532785 1.6058489 4.002489 -6.6898994 1.7375824 15.477356 -0.0130517455 3.843617991987382 
Car -1 -1 0 451.4219070921778 180.39237970519548 533.462563118944 209.43114048272608 1.4975581 1.6046243 4.0901337 -6.215025 1.9094214 38.543877 0.037159946 1.755238044695586 
Car -1 -1 0 775.8379801117902 170.65193235240451 879.129783685817 205.84406338382652 1.5430168 1.6022425 4.286642 9.805159 1.4464658 32.721653 0.13657025 0.586860310567697 
Car -1 -1 0 621.6035823982046 173.89237348392547 639.7744572586507 188.2135798124168 1.4431798 1.6602476 4.3092995 2.1753583 1.5545326 75.201355 1.5454531 0.5630337380704932 

