Car -1 -1 0 640.8803374131026 184.56245074008805 724.3758938531174 245.79487936859923 1.5280188 1.549844 3.2977133 1.981689 1.8879251 20.427448 1.4094654 102.47862180017843 
Car -1 -1 0 388.2018955466107 192.66322981190942 446.6209734035881 248.3621693719391 1.5066268 1.6525717 3.6486835 -6.0606966 2.189146 22.889626 1.3246961 37.27836125064331 
Car -1 -1 0 561.2095369809471 187.28727386985054 599.0835805430785 219.2540465662729 1.57867 1.5779207 3.5016522 -1.638639 2.3997355 39.181442 1.3888712 50.92808687015059 
Car -1 -1 0 602.1084317555872 183.36348742980564 666.4035465038816 229.84621653992696 1.5753186 1.586618 3.612461 0.8620052 2.0005589 27.261444 1.356049 58.94272611359911 
Car -1 -1 0 717.1910232648057 186.30184040282833 896.6804090397106 307.2683000603662 1.4931656 1.604109 3.895674 2.8610172 1.7412102 11.327782 1.5271994 87.80552507904288 
Car -1 -1 0 538.3731262309204 188.16497005093464 568.5317536022436 212.5372535252143 1.5160224 1.5925232 3.8367274 -3.8837936 2.609355 49.48415 1.3671781 22.606386682010722 
Car -1 -1 0 780.0413347483968 129.19876423689604 1242.0 375.0 1.8618374 1.7568934 4.4755616 2.9069471 1.6231449 6.197953 1.5532825 74.8888885822151 
Car -1 -1 0 434.9975696116768 191.58930078382056 463.92292980926106 218.56760884209652 1.4724889 1.5609579 3.6087046 -9.71352 2.663331 43.94982 1.3969767 4.047072401401669 
Car -1 -1 0 525.3784762946331 187.26588399701942 544.4269984426492 205.6878670173074 1.5219293 1.5905128 3.9516406 -6.6795444 2.8570762 64.8151 1.4960798 1.2074328332911552 

