Car -1 -1 0 326.07154309031154 191.77620831852678 461.14958307743404 284.60647187287765 1.4572959 1.5442151 3.504741 -3.9651592 1.865154 13.797432 1.567465 103.0640789663839 
Car -1 -1 0 649.6931825269934 179.6297795796452 698.6741050658469 219.82961029943266 1.4420829 1.6078593 3.6662083 2.475811 1.725443 28.338467 1.5743394 58.86835147418451 
Car -1 -1 0 788.3078034083873 169.90528888662703 953.2720106086967 220.78649666329758 1.4527864 1.6782212 4.304969 7.6917925 1.3685932 21.493454 -0.024569485 47.44634183492929 
Car -1 -1 0 435.89178873058347 182.30976494811514 488.2599894178246 224.00079706143262 1.7170825 1.655798 4.062466 -6.6102695 2.1726072 32.704483 1.5408742 21.560521470119564 
Car -1 -1 0 740.9912804980563 167.505806436532 849.8802439345382 206.63541048299174 1.6167021 1.6479568 4.1940737 7.8462706 1.3957328 30.684587 -0.023537345 27.517407318659814 
Car -1 -1 0 773.0452242110225 161.13383236794095 904.7084169008077 211.60349045350694 1.6592495 1.6527467 3.963705 7.731827 1.2739351 24.57207 0.0122890975 24.392263038605527 
Car -1 -1 0 342.90541192530117 191.98197943256486 432.3306739722182 246.10962324906558 1.3904244 1.5428425 3.6855073 -6.555995 2.0142007 21.684443 1.5742334 6.822619981139713 
Car -1 -1 0 988.3119851238783 152.67837379164564 1079.4705251293 183.63008102497835 1.5598966 1.6323867 3.7772112 21.866348 0.5430901 37.26059 -0.04304524 9.562981720958055 
Car -1 -1 0 479.4465453342853 181.9519907413698 520.9287733723619 209.14500232300068 1.5239297 1.5525527 4.1817446 -6.615943 2.1062195 44.027878 1.6605151 3.0902461798834886 
Car -1 -1 0 952.5384828472412 155.1309195980182 1039.525303253625 182.67057391118573 1.5122051 1.6341925 4.029996 21.652128 0.5390288 40.507984 -0.035589818 1.4726067940226488 
Car -1 -1 0 0.0 183.2236423513068 173.52114559356463 255.32484215519452 1.6690769 1.6106685 3.416574 -13.00272 1.9405138 17.932312 0.08946891 2.867354223024092 

