Car -1 -1 0 270.15339758697775 179.12828089141723 410.1076639079043 262.4567729530649 1.6585518 1.7484031 4.3187575 -6.0877604 1.8241968 16.869322 1.5467857 95.16403559009255 
Car -1 -1 0 789.8395999723145 177.8348309863033 1225.5445119392439 375.0 1.5185645 1.65923 3.908223 3.0047174 1.5771068 6.497269 1.533937 108.74295752603628 
Car -1 -1 0 374.3502546507792 183.95854842901431 460.3317851257757 236.3770524493612 1.4871011 1.6162088 4.1238337 -6.1196775 1.8796628 23.42894 1.591834 21.55746931905369 
Car -1 -1 0 531.0569763268524 179.47213728608887 569.5819037444219 205.26344623982075 1.4450902 1.7434118 4.31502 -3.5369573 1.8667235 43.763767 1.6289644 24.69429738091127 
Car -1 -1 0 995.6501869720206 155.20969985295716 1155.690561792045 203.2808195288095 1.4694023 1.6224762 4.284909 15.156753 0.9300643 23.754225 0.47339824 31.35374116802005 
Car -1 -1 0 450.836134600774 183.1310863601677 496.729193081232 216.00322702058722 1.430792 1.4745003 3.3470113 -6.373846 1.9412874 34.15156 1.593077 15.481438580323342 
Car -1 -1 0 503.9528663722273 181.11297780419773 530.4725991966546 203.61549294351033 1.4209808 1.5770352 3.821186 -6.2309446 2.003931 48.96644 1.498627 4.90275755802702 
Car -1 -1 0 634.0792711880449 176.03533907433757 655.9133580807793 195.8107094100232 1.4620062 1.5404137 3.5276997 2.7080078 1.7153254 55.68348 1.5790819 7.325587706724927 
Car -1 -1 0 734.4279744595349 170.79988259369637 768.644352065977 193.5456512536153 1.5085094 1.6117628 4.0222764 9.765428 1.3722792 49.872017 1.5810779 2.5797676140974617 
Car -1 -1 0 1086.6724223322196 148.57311722283058 1155.9824364240178 175.77870579694064 1.4682082 1.562728 3.5234432 28.811792 0.15783784 40.7437 1.6292506 0.6190891744582963 

