Car -1 -1 0 733.9733754085854 181.9363040247571 966.0581849126085 323.10618699755264 1.4399276 1.6458023 4.3393536 2.9277446 1.5910928 9.82497 1.5526398 95.37506555514467 
Car -1 -1 0 390.15458167397935 177.25036856636027 509.3988478679021 214.60166727198316 1.4169538 1.6271625 4.360838 -6.227988 1.5956101 28.449379 -0.02691137 36.27938936634153 
Car -1 -1 0 346.7935035800285 178.9214268321897 497.0780362470467 231.8540737833377 1.4927394 1.6528721 4.0423603 -5.5740523 1.6839157 21.664011 0.12431112 52.149838208110225 
Car -1 -1 0 108.65493658695588 180.1259023951553 371.5150671635644 277.8925696359202 1.5326331 1.6036848 3.673602 -6.166219 1.6653553 12.304417 0.03445999 97.42837210427055 
Car -1 -1 0 681.4288022522961 173.50546949291356 737.6294965507146 221.21382061672853 1.5170825 1.6245835 3.710423 3.375185 1.5412726 24.894093 1.6271386 44.76170977894773 
Car -1 -1 0 0.0 192.70700279449505 307.0501975476308 314.46386108090485 1.4502689 1.5633925 3.8671777 -6.3154106 1.7387273 9.671495 0.015849818 38.53970873513662 
Car -1 -1 0 486.5119362557057 176.0337003463282 534.1828465661489 208.72701166036276 1.4872415 1.556323 3.444719 -4.751981 1.6491485 34.9552 1.6599091 10.958600492917746 
Car -1 -1 0 486.0815354449106 174.8610093848808 558.0685613307846 203.28933204941083 1.5711358 1.6183416 3.7947037 -4.9452014 1.6880828 41.03169 0.109627716 3.9805272111796124 
Car -1 -1 0 671.7889037797001 170.90274250179652 721.1225540386347 211.54538234892416 1.5841658 1.5878806 3.5403357 3.5408144 1.5081097 29.901316 1.5617574 5.738858584535616 
Car -1 -1 0 470.23312055785146 172.13307527523295 543.4963272528879 202.94111831105687 1.6139411 1.634176 3.6784024 -5.4586096 1.5761738 38.636642 0.011094911 2.0216637876337 
Car -1 -1 0 664.5222539259801 175.48643789406987 691.3504261684435 201.24950423726006 1.4695461 1.540508 3.6743255 4.113475 1.6349895 43.446404 1.663968 1.7662360615601571 

