Car -1 -1 0 680.0076065147723 178.43756357072505 780.0227650510641 252.48798298122045 1.4801486 1.6110269 4.1552386 2.66432 1.626426 16.81964 1.5639068 114.55056657734634 
Car -1 -1 0 760.4522632300602 182.69023934815039 970.4821647115652 331.51272331063643 1.5126197 1.5192626 3.239111 3.0157166 1.6596731 9.167431 1.5706345 92.1784649739385 
Car -1 -1 0 428.1348015690045 180.1847804265495 499.0189359034545 232.79376782540714 1.5244308 1.6139793 3.902438 -4.643628 1.7825335 23.430803 1.5426259 89.94111411747218 
Car -1 -1 0 150.6317956362092 181.18607442550604 334.5652568264445 239.05553138553555 1.4170055 1.5357352 4.023823 -9.451429 1.6433631 18.756615 0.038844068 83.33954094933652 
Car -1 -1 0 667.3504322045552 176.02609625225304 730.6525120405386 229.86282756365665 1.5682888 1.5987576 3.6163502 2.7772794 1.6775827 23.046478 1.5781305 39.39934033370152 
Car -1 -1 0 463.481574447847 172.2149053489397 516.5140965660747 221.75684159041526 1.8626554 1.577163 3.8340273 -4.7445326 1.8386269 29.061401 1.5495272 44.07967955862425 
Car -1 -1 0 649.704984761209 177.04548345107008 698.4918517790825 214.89620574070875 1.5312753 1.5912362 3.715647 2.7576034 1.7253822 31.512863 1.5118537 17.374478480990664 
Car -1 -1 0 495.5629869361266 177.07612022476692 538.2094848764364 211.41679797773028 1.5252619 1.599915 3.956832 -4.376072 1.7389734 34.529816 1.5529609 2.422270062288042 
Car -1 -1 0 603.9498598212008 172.39815049289416 626.2852656778214 188.5187931190286 1.6033397 1.5503408 3.5948014 0.54283416 1.558001 73.68163 1.3637571 1.420662556555037 
Car -1 -1 0 533.078402349128 176.31461067160498 554.9903904932236 192.40851868170876 1.4863371 1.6166492 3.7230313 -6.335387 1.8291895 69.48986 1.3456271 0.6330110820255704 

