Car -1 -1 0 287.8155753267338 183.88498025229188 464.16754005214864 291.1790156383245 1.4553441 1.6067228 3.773376 -3.5154366 1.4372941 11.646298 1.5821447 100.2861235519827 
Car -1 -1 0 0.0 175.41377413233744 247.08035978589126 294.8636004878378 1.6162906 1.6161733 3.9684317 -7.687292 1.4836595 11.718637 1.5801742 134.08943298046682 
Car -1 -1 0 242.57813718525827 186.19822385587176 370.0389443266563 247.9267058653594 1.4192483 1.6001415 3.7901187 -7.5808916 1.4471674 18.5078 1.6017671 41.945750978948325 
Car -1 -1 0 582.4130288641533 177.37524314659146 620.1885343459053 212.59537784160364 1.5277416 1.6388216 3.6737888 -0.26781487 1.1876466 33.024128 1.5640805 24.867666655627367 
Car -1 -1 0 437.8155225489057 179.291551745251 483.67470101987493 211.3847376893985 1.5986862 1.6857864 3.8369725 -7.627189 1.3035815 37.74155 1.5537925 24.10090746918169 
Car -1 -1 0 474.7807585738071 176.94443820183753 542.1558406585724 228.1484686155892 1.5616381 1.6228861 4.210388 -3.2033367 1.3093784 24.03955 1.5838834 74.27413106622505 
Car -1 -1 0 120.54764946951401 184.8221301686733 266.3108001682548 239.93778717540803 1.3962182 1.6737921 4.2291427 -11.486833 1.3862481 20.328585 1.5751008 21.04154873609481 
Car -1 -1 0 380.4426855785412 182.40028098881032 445.06287640069917 221.2231462103738 1.3918722 1.529892 3.604332 -7.3788586 1.2909342 27.580536 1.5628252 17.06766699306187 
Car -1 -1 0 230.60153070482187 178.84831949297623 317.7058095298164 223.32554668682064 1.5469874 1.617022 3.7363317 -12.345187 1.32552 26.89406 1.5413964 2.3667097314845127 
Car -1 -1 0 490.79388217982614 176.33135458393534 517.0468793813952 194.8890972645235 1.4181917 1.5978414 4.015783 -8.146327 0.73924583 56.96239 1.5460215 0.3544344902038574 

