Car -1 -1 0 178.4296417835603 191.55452399063992 415.7941243141547 266.0063158435088 1.4214743 1.6716092 4.27869 -6.4304523 1.8405621 15.2133045 -0.057183675 79.15898912659554 
Car -1 -1 0 817.6429238699006 198.9723537812312 1111.762389308642 292.49863270648865 1.4821329 1.6854976 4.4091387 6.154223 1.9825485 12.890217 0.041789368 105.64524426336934 
Car -1 -1 0 778.875271623769 197.50800320119936 928.1774908894764 251.72010950948354 1.4094679 1.5958004 3.6774898 6.835292 2.1376815 20.434864 -0.04368589 61.9931758537661 
Car -1 -1 0 698.8574333358882 190.6438133172761 798.9462116372888 228.72194771990632 1.6221421 1.7082341 4.1548643 6.22217 2.4460764 32.504604 -0.02870346 39.95105646994358 
Car -1 -1 0 274.4910244882501 190.51566167470853 464.4646374445231 253.94211087186065 1.425231 1.6337793 4.1057606 -5.7406 1.8781147 17.606821 -0.0383471 37.70893063743919 
Car -1 -1 0 358.3729182227839 188.56187742324494 500.847985322082 240.82411731056015 1.502561 1.5987829 3.9840276 -5.533048 2.0128498 22.40372 0.12221899 47.40914426587449 
Car -1 -1 0 752.9817704617983 191.97308835214662 877.9793837370308 244.40029720832354 1.5394101 1.5935848 3.4571326 6.441002 2.1671505 22.772945 -0.07101437 37.623706006152005 
Car -1 -1 0 464.9667121211983 190.17185325212728 545.7260689949416 218.33279505257238 1.5030136 1.619175 4.2526393 -5.855573 2.5059838 40.77325 0.098563746 16.032539975700836 
Car -1 -1 0 643.115048993092 190.2639138448048 669.4502912071861 215.55353162434287 1.4753472 1.6336783 4.145383 3.011622 2.6627026 47.101635 1.6156303 13.81991342970043 
Car -1 -1 0 387.8430899703754 182.87056261159591 505.04036139002847 228.9125745857957 1.6628834 1.6612066 4.0892596 -6.1081448 2.0547922 27.339233 -0.030077374 15.6608859536208 
Car -1 -1 0 962.0555879690112 203.14671689539082 1242.0 353.2687887410145 1.5025818 1.6460122 4.050812 6.630209 1.9042308 8.59123 0.076600745 26.76015561135826 
Car -1 -1 0 383.4619681658455 190.77342691368622 512.0864710015971 236.53894415950748 1.4416033 1.5918481 4.0124617 -5.525489 2.0864387 24.801834 0.19132122 2.401341377433775 
Car -1 -1 0 419.021257108369 188.65708357204832 520.4445727636377 224.13003701970183 1.5057886 1.618684 4.2013626 -6.202178 2.2317648 32.27562 0.0295408 2.5900104978600234 
Car -1 -1 0 469.8115886398732 184.83946898963634 534.0952839600885 210.05046907341668 1.6169568 1.6201144 4.0073795 -7.1168976 2.4276788 47.94924 0.02358416 0.27718624472618103 

