Car -1 -1 0 357.08945116706286 184.72399162789893 496.30271999921746 275.1817803778722 1.4738224 1.6264952 4.1541114 -3.261295 1.465811 13.789527 1.5710436 114.7692966999967 
Car -1 -1 0 31.351067578726845 200.89437026865647 423.1580304021416 375.0 1.3522464 1.6362475 4.3439384 -3.164859 1.555058 7.114349 1.5552571 93.90940786081451 
Car -1 -1 0 555.5457747878219 177.54869614512236 621.3886629056535 237.9064312212718 1.5567244 1.6984451 3.2614818 -0.49329895 1.35898 20.176615 1.5643926 56.641329269689734 
Car -1 -1 0 230.64742778532107 178.32579407572055 359.70029024813874 242.66914249385073 1.4645448 1.609325 3.9991794 -7.79425 1.3077209 18.372883 1.5567268 101.94208270002534 
Car -1 -1 0 330.1086670126523 181.20757177858349 385.49058611904053 210.2496906464272 1.4109188 1.5918297 3.8584177 -12.717325 1.2161968 36.873177 1.5439926 31.11838435387119 
Car -1 -1 0 507.7678874180242 178.28282311615487 549.3863260395811 214.78216967081946 1.4990106 1.6261647 3.8237565 -3.3860881 1.2142807 31.480167 1.5109344 18.299632162670324 
Car -1 -1 0 445.0213887682275 173.14213681912196 528.7173560252095 235.85702620721872 1.6571221 1.6696321 4.118776 -3.4087422 1.3381011 21.073885 1.5956227 47.526667522661334 
Car -1 -1 0 379.67150047843523 177.2513373881024 446.99480251675794 215.4615034436982 1.5061634 1.639045 3.9290142 -8.089697 1.1922252 30.332542 1.6122329 9.335558349633628 
Car -1 -1 0 441.5594397954476 176.22864723109402 482.40278207872666 202.6241208766185 1.5278045 1.5938224 3.8091633 -8.741376 1.0076222 43.537434 1.602803 3.3650172962970166 

