Car -1 -1 0 693.9200206346445 183.3061038166353 793.1675766181818 255.58173144999407 1.479866 1.5807242 3.4532812 3.047261 1.7521129 17.037802 1.5317745 67.53191870981071 
Car -1 -1 0 0.0 186.05445017988455 326.5087701412677 314.48819251625497 1.4757359 1.6304414 4.143089 -6.0893173 1.6659244 9.441284 -0.06817238 65.99196961981225 
Car -1 -1 0 76.02020525659496 179.97218868599833 357.65456480997227 280.02763340858115 1.5260663 1.6447685 3.768362 -6.3431726 1.6521385 11.951122 -0.0031071913 51.19196119463873 
Car -1 -1 0 261.0342480410424 173.63257424154386 447.5953034585581 248.72925547526987 1.6513515 1.6084146 3.7748783 -5.814207 1.670367 16.753502 -0.034645293 62.91380101929192 
Car -1 -1 0 758.3846841858402 185.77267274070462 885.6563448519355 230.73193413918546 1.4269814 1.6460307 3.8251069 7.0787725 1.878187 24.307688 0.03699398 46.28792643561549 
Car -1 -1 0 189.68091941760437 182.2019277036443 417.58228555204823 264.2188732523919 1.5146856 1.6122245 3.8552015 -5.969876 1.7117633 14.365083 0.021171352 38.33907546045075 
Car -1 -1 0 318.52882863835424 175.3400820224785 463.25159544869217 233.08543931596984 1.6465418 1.678738 3.8861296 -6.4614744 1.724539 21.648106 -0.078483105 32.09361042586358 
Car -1 -1 0 479.0907955408541 172.61896408643995 547.0440721545264 201.29067591465716 1.7675289 1.7262299 4.1737113 -6.0492773 1.7530394 45.541374 -0.096736975 14.602197843302985 
Car -1 -1 0 452.979083177396 175.32141734492583 531.0774346531718 205.70574071852818 1.6594446 1.7696307 4.0810204 -6.5430593 1.8008802 40.45656 0.00893067 14.645700180230532 
Car -1 -1 0 697.0408753298119 177.60462073473238 790.9864041055347 212.52641059992467 1.6222358 1.6605393 4.1771317 6.4089084 1.8563402 34.65923 -0.032276876 12.622400336831992 
Car -1 -1 0 725.5336628420191 177.9211595628773 837.6769626487888 221.6266989054024 1.5753837 1.5974505 3.8052878 6.398841 1.771595 27.074146 -0.035296615 9.085019652510079 

