Car -1 -1 0 788.0885196265233 184.36070891756478 1036.6405641121478 266.8730079089875 1.4427757 1.6644067 4.0532393 5.653128 1.6770346 13.779803 -0.038503695 130.58235808123644 
Car -1 -1 0 313.1292301556501 182.617670307136 469.85651227233484 234.7853014146903 1.4891219 1.6217349 4.238815 -6.5124874 1.7962658 21.812813 0.03532335 86.23009341026959 
Car -1 -1 0 641.4171621813728 181.6793708526365 693.9520518765406 221.66293096903956 1.4059851 1.5814998 4.0117016 2.2085905 1.7771308 28.307505 1.5301183 37.68963739303777 
Car -1 -1 0 0.0 188.23114077902042 321.9062205552024 294.0966205518296 1.4568192 1.5878015 3.9818423 -6.690984 1.7087944 10.996365 -0.016684651 24.879050854035203 
Car -1 -1 0 138.27661727349417 188.627119025187 381.0863005883514 271.2233700746939 1.414683 1.5673339 3.7780845 -6.407137 1.7278509 13.499779 -0.022527575 36.32162628513037 
Car -1 -1 0 380.91451105980184 177.50812775315993 494.0845894754579 217.8510421986296 1.5708809 1.6654717 4.1879005 -6.885956 1.7645658 29.16128 -0.015968863 11.442256039032136 
Car -1 -1 0 631.4551266573244 178.02773155589284 671.0832127539124 209.95705281618763 1.5386618 1.5672275 4.105988 2.1158373 1.8229722 37.550766 1.5055997 7.032991295953148 
Car -1 -1 0 550.5044352331494 178.90344288249858 577.1757366461488 199.8593658822298 1.4314363 1.611274 3.9715662 -3.2865562 1.887899 52.44269 1.590426 4.647597396959831 
Car -1 -1 0 621.0945573248661 177.41249360093752 644.2452087357826 197.78955096640917 1.5036621 1.5645232 3.6318436 1.7619493 1.8684899 55.90668 1.5390261 3.0613003838569113 
Car -1 -1 0 177.48185163381567 186.6332653347221 392.0039560336766 254.9917209883948 1.4183431 1.5921926 4.0753117 -7.136777 1.7415296 16.110897 0.008039824 1.1499969048022942 
Car -1 -1 0 434.0158345542242 180.91468859710727 519.1452956756985 213.99236708568682 1.5091194 1.577247 3.689009 -6.325557 1.9061245 34.484634 0.14833336 0.5032439871050387 

