Car -1 -1 0 720.4623685774912 177.58256921356306 840.7855873060973 265.4370751220049 1.5517492 1.6187737 3.8894775 3.3722007 1.6622987 14.911926 1.5861719 80.95276479637869 
Car -1 -1 0 676.9225590295259 182.31149210190068 730.6829724096266 222.39081846962236 1.4326589 1.5613446 3.4541614 3.6419902 1.8274486 28.368816 1.5393493 52.084800543977046 
Car -1 -1 0 120.28042455422236 185.55651179831622 400.8323663220476 267.727894522276 1.3855612 1.6555259 4.386904 -6.292762 1.6375391 13.383453 -0.04685551 139.1104970731859 
Car -1 -1 0 762.1567878787251 182.60793952542878 972.5807611827851 322.0304420757761 1.5075014 1.6194714 3.6615684 3.2689981 1.6662276 9.900418 1.5838478 78.01190707482799 
Car -1 -1 0 270.25040888023625 180.14072079131466 450.52792189088547 241.99763955803448 1.5252224 1.684283 4.151576 -6.416253 1.7252728 18.906498 -0.029343266 55.30283286794062 
Car -1 -1 0 362.7685461113899 178.1204804109828 493.1646409580662 227.51899886573534 1.5348684 1.646973 3.8140163 -5.830664 1.7122688 23.45279 0.0150540825 11.789478943884426 
Car -1 -1 0 423.43030087201976 175.36103956726723 527.6833918054316 218.85002644962728 1.6374551 1.607386 3.70756 -5.226466 1.7396356 28.34883 0.14274397 14.130302838890874 
Car -1 -1 0 336.70352251323186 182.75921258609853 489.6522665445245 235.48013881804098 1.4596412 1.62628 4.0298257 -5.664593 1.761026 21.121778 0.009566677 12.210189543946829 
Car -1 -1 0 539.6954203992317 177.11324854723438 568.2437559708908 199.11474939763545 1.5377393 1.6076066 3.7744198 -4.05514 1.8626184 53.106655 1.6272107 2.6895687712204817 
Car -1 -1 0 394.16815826664316 180.61395473466908 515.9638376602544 225.0372023439127 1.5172844 1.623618 3.9874732 -5.522603 1.8081864 26.02527 0.10877637 2.4083108822452743 
Car -1 -1 0 490.91829359374094 176.8499835358905 535.8871288755532 211.72343344115723 1.551834 1.5859232 3.4832377 -4.5139046 1.7514039 34.27352 1.5972818 1.165023122443332 

