Car -1 -1 0 753.6921933693932 178.74190061819536 876.7391901510846 230.77022752315958 1.4146457 1.5493128 3.5134044 6.1622314 1.6094129 21.95924 1.0472621 95.43349464846811 
Car -1 -1 0 623.4904645875351 177.0063372972626 671.919415682379 210.71307322264008 1.4924338 1.6296504 3.4973655 1.7568762 1.7002021 34.253284 1.4223708 66.05943975787207 
Car -1 -1 0 90.0555970110866 179.30515610856634 329.319942409561 273.6521952270196 1.5948559 1.6815293 3.4490075 -7.17854 1.720659 13.193754 0.021041922 122.53369762988717 
Car -1 -1 0 610.5915858510754 174.89964461783492 639.961130949455 202.1401685506428 1.5649188 1.5348582 3.9158666 0.91356367 1.6945571 43.737812 1.5291724 7.672972841624976 
Car -1 -1 0 368.79461211030207 179.02577101476976 482.04791856602526 216.04161701097763 1.4691296 1.6656749 4.2434654 -7.53127 1.7309396 29.763481 0.005541376 17.47793061211986 
Car -1 -1 0 167.44503865596567 181.03451959298235 382.0694632122641 256.2036685518318 1.4762601 1.6143887 3.7743356 -6.9362926 1.6580944 15.195934 0.018632779 13.71519609500851 
Car -1 -1 0 494.1748544197435 178.26607066427738 528.892081377701 201.54857143185586 1.4650378 1.6276288 4.0906467 -6.5327973 1.8439558 48.44225 1.6093321 9.744011768889523 
Car -1 -1 0 414.34060510993015 180.65331809152693 496.62720032533946 210.821096070841 1.4813775 1.574088 3.8359072 -7.7846503 1.886398 36.659653 0.011995905 4.4263357227623334 
Car -1 -1 0 427.5326872540366 177.97444243615718 506.50264757776404 205.0734942710685 1.5162194 1.6244628 4.1963964 -8.2033 1.8190544 41.705093 0.07559499 5.024393982386065 
Car -1 -1 0 240.14104222325892 163.24220262248673 442.06055472653253 244.69522266161206 1.880063 1.728739 4.270501 -6.404272 1.6582077 17.54949 -0.014515331 11.399231493891492 

