Car -1 -1 0 116.85269405485244 183.56401779439932 209.52142372076665 215.19221293617565 1.4596645 1.546358 3.7254992 -22.599743 2.0336103 36.66211 2.0733523 36.042516704098894 
Car -1 -1 0 175.27893771110797 177.7527699887532 276.9419603804791 217.81997770312472 1.6439259 1.6226754 3.7117825 -16.979687 1.8756524 32.11411 2.0754836 43.78613611618487 
Car -1 -1 0 839.4013428741595 174.21567627618623 906.8129601783689 196.68189049293562 1.4692485 1.5774398 3.9162798 17.534122 1.5615656 48.10206 -0.01393536 29.096316265625475 
Car -1 -1 0 1068.9866198088448 165.8586440385814 1121.2789617729998 184.15530734000754 1.4811318 1.6538731 3.5840075 40.51915 0.91485095 60.298775 1.4312077 11.21810430830973 
Car -1 -1 0 378.4180290059724 177.7264551687943 443.0155783152478 203.2536121194617 1.5287287 1.6712129 3.8127804 -12.447944 1.8429718 45.138927 -0.32189906 2.7311257099591097 
Car -1 -1 0 282.7784559516429 178.8501299291257 315.2057044757183 197.92091397653945 1.6057421 1.6077251 3.5712419 -27.406368 2.1510725 63.76963 1.4784378 2.894225575179625 
Car -1 -1 0 806.6709557443759 172.31447061438746 843.3269204496031 190.90444228482346 1.5096052 1.6280077 3.333944 17.988264 1.4657922 60.373306 1.4009397 3.1890120911767554 
Car -1 -1 0 357.66584216164 176.3476167804434 390.1870066239248 193.2580505484884 1.5097172 1.6259032 3.969248 -21.920078 1.8451006 67.257126 1.6030244 0.6209230443527428 
Car -1 -1 0 883.9647278406064 170.0178365357115 919.7949655456642 188.6296772375923 1.5083311 1.60292 3.6619892 24.39516 1.2784839 60.328445 1.6004641 0.597791120686033 

