Car -1 -1 0 26.89738048600115 202.38243162169317 306.57183039679836 344.7083580340974 1.5258956 1.6644624 3.8665109 -6.0595827 2.0342662 10.4815855 1.5797548 88.14102334582057 
Car -1 -1 0 445.3594311756722 187.1011544366117 498.7384161320351 222.6486171842568 1.4651768 1.6514938 3.8539813 -6.2645926 2.159936 33.241848 1.5916352 47.01631324863368 
Car -1 -1 0 826.7695012636441 179.86739953272397 1213.0401417162157 375.0 1.470593 1.5641229 3.4225035 2.958816 1.5466373 6.0414166 1.6728444 74.77315096602942 
Car -1 -1 0 644.7213783436115 176.24033699299804 685.8411145608203 208.3167968377097 1.5276747 1.6180284 3.8693528 2.7842367 1.7094091 36.751495 1.52276 37.708375807134736 
Car -1 -1 0 471.41614934656064 185.65688232357334 513.5632647294746 215.88489828578537 1.4722486 1.5307589 3.6083014 -6.199641 2.1884444 38.529297 1.611326 14.053753096707302 
Car -1 -1 0 199.46614489198228 195.0320380871125 263.0530533667381 226.65423615826776 1.5424895 1.669285 3.8821218 -20.867971 2.83208 39.968807 1.5122349 12.95270353312471 
Car -1 -1 0 250.51188192801183 195.41084257090395 312.0243719512656 225.52385588466817 1.4497535 1.6861155 4.2548304 -18.179976 2.773117 40.16039 1.5155083 5.736345334679767 
Car -1 -1 0 500.455587563577 181.65234113053933 526.0577038691415 207.53896556023918 1.5512942 1.5772592 4.2397714 -6.2691307 2.1506581 46.946095 1.4356886 3.8617285593465294 
Car -1 -1 0 112.35745559493276 201.98842083291424 202.17970951847678 230.64210983738892 1.471994 1.6596427 3.8996375 -24.79178 3.10636 39.63109 0.00796415 11.878468428954674 
Car -1 -1 0 537.3374894726911 182.77579928366697 570.2983866661353 201.03698388969505 1.4863666 1.5637738 4.0071993 -4.8434944 2.384883 63.199936 1.8547355 0.984986439533884 

