Car -1 -1 0 654.1693008456241 176.31449614408814 746.770973803794 241.5467987160869 1.4526765 1.637939 4.207364 2.1908753 1.5513768 18.437565 1.5205498 112.12860469178298 
Car -1 -1 0 85.61567072165042 186.22825130512686 360.11894290257436 273.51257235869554 1.4161139 1.5985649 4.0067215 -6.695695 1.6679593 12.771612 0.008056442 86.23910077980702 
Car -1 -1 0 189.1961661095182 183.96456336328012 415.0966375977402 256.2173209374238 1.4268354 1.6035985 4.158253 -6.460444 1.6781347 15.422302 0.046451747 52.34384738023832 
Car -1 -1 0 633.7634102185881 172.98868321875005 672.4169442491313 206.5600356970105 1.47405 1.5684057 3.7720594 1.9755895 1.4806707 33.583088 1.5699519 23.380741708760002 
Car -1 -1 0 286.1700381729584 177.87866635985262 432.32133535733686 234.8438373219112 1.5435863 1.5796263 3.6007848 -7.027871 1.6917926 20.487066 0.003023887 42.96997263621551 
Car -1 -1 0 383.7336531157486 176.34227735826167 493.69171001831296 213.3539564651212 1.470224 1.6156164 4.1411505 -7.059717 1.6204729 29.974224 0.14797482 14.98662737362484 
Car -1 -1 0 417.1516179298435 173.32969599547644 503.33893546967647 202.95376260140324 1.4763603 1.5738794 4.0654764 -7.5636764 1.5011278 36.77607 0.0023508158 4.6857889831165425 
Car -1 -1 0 628.0060793026743 170.6366156520263 665.3330643456736 200.94930215229022 1.5432404 1.5972294 3.770848 1.9409778 1.4303516 38.66218 1.5133249 7.018082719121978 
Car -1 -1 0 473.4886207585514 174.76450532541355 539.9834462199555 197.41795734889982 1.5174732 1.6941245 4.257434 -7.0191345 1.6511025 49.48346 0.06533321 0.5923192294299848 
Car -1 -1 0 494.8674107573054 173.344603477121 523.3604030056144 198.2091910072932 1.4965379 1.5852515 3.836272 -6.3740234 1.5288855 45.541107 1.380821 0.2916475236415863 

