Car -1 -1 0 765.4688510800667 192.23722139832225 1049.2130030385451 373.4732968638581 1.3963674 1.5648448 3.5113063 2.8309093 1.6503155 7.694315 1.5666666 75.94037859874454 
Car -1 -1 0 168.21332129692024 180.3478360970013 407.36509067531426 256.52639590225886 1.467504 1.6478832 4.219415 -6.525195 1.6321166 14.961964 -0.03037023 42.74616130917889 
Car -1 -1 0 636.4684976384215 175.67358243528744 671.446071648992 203.64758727532916 1.5153723 1.6182349 4.017725 2.5078628 1.6856464 41.53536 1.5326601 23.801357780771927 
Car -1 -1 0 735.8246459474708 179.23306405043135 867.5949192410206 228.7019330322404 1.5023968 1.5753205 3.7635639 6.084648 1.7145073 23.071396 -0.071729854 46.61148581223685 
Car -1 -1 0 318.5289940444346 173.90020736131922 463.5368578692998 228.477102810359 1.6003387 1.6428943 3.9487424 -6.59409 1.6335895 22.06147 -0.02507818 41.400219976854146 
Car -1 -1 0 840.1969574235129 173.65421131224645 1111.6143256500393 273.76428900328983 1.6466516 1.6330395 3.9632702 6.316002 1.6617932 12.767656 0.034995593 92.62402670065711 
Car -1 -1 0 711.3974639396781 176.96264826506118 831.7955684071958 220.0646560228906 1.4875307 1.5968409 3.9428685 5.7926006 1.641176 26.03252 -0.078113824 26.332475559537905 
Car -1 -1 0 0.0 179.72932798481457 344.7135621498175 298.27638805245056 1.4983537 1.6072562 4.131455 -6.0641794 1.6027635 10.088935 0.031582236 79.29353031207577 
Car -1 -1 0 245.7803973118649 175.52878696288906 431.95407835223887 242.21630546529875 1.5356305 1.6377993 3.911281 -6.4849014 1.6039039 17.550833 0.024367722 23.472648775997293 
Car -1 -1 0 87.47419741828489 175.63214821054498 345.75282140098153 268.0095748365471 1.5175644 1.5969033 3.7015648 -6.8035583 1.5698531 12.742062 0.02163908 29.708628827752705 
Car -1 -1 0 774.9116067318713 181.94091639988548 948.0315406102526 244.25984861906917 1.47002 1.596031 3.7842784 6.237051 1.7089446 18.12001 -0.028475657 32.84831369631846 
Car -1 -1 0 802.955467105365 176.65629111243965 1019.4830199157412 251.98431135450593 1.4902892 1.6091807 3.9445226 6.3113384 1.5761075 15.328365 -0.078548215 14.53444646069911 
Car -1 -1 0 709.2390609641689 171.0994833929907 822.6667716835315 216.94874071591343 1.7434044 1.6688552 4.0600204 6.1042356 1.6766893 28.41225 -0.070826076 12.509305609989147 
Car -1 -1 0 451.8876763122077 175.93083716315158 533.2669752531193 204.78007061372054 1.4962919 1.621769 4.071954 -6.1818743 1.6635759 38.413235 -0.0024995068 6.822825380524061 
Car -1 -1 0 436.74596458647403 174.08799362435522 524.3469401873024 205.31087812749772 1.515505 1.6154534 4.071419 -6.369438 1.578288 35.89841 -0.0021140864 14.360908209774541 
Car -1 -1 0 336.4341186637808 163.5061717492112 479.12897432043735 220.39447546115372 1.86885 1.6989613 4.384222 -6.783777 1.5617623 24.561577 -0.0039737653 2.8196233209043378 
Car -1 -1 0 674.210675820172 174.1645350794673 709.1214036790752 196.62366647028415 1.5216467 1.6198792 4.1916428 5.789544 1.6187632 51.30376 1.4719026 0.2574082016944885 

