Car -1 -1 0 714.8746657251697 177.0377043367203 868.8459969363756 280.8233098271763 1.5715811 1.6526533 4.085249 3.1107962 1.6599023 13.162516 1.5365585 123.41263443607617 
Car -1 -1 0 233.3797051375788 194.67699694657193 395.6725675867917 281.9208906057448 1.4614631 1.6409335 4.1324496 -5.99314 1.9849024 15.218899 1.5978632 118.1666864932951 
Car -1 -1 0 0.0 202.47488072157495 275.4409256646062 350.7359723011732 1.479694 1.5386484 3.4074326 -6.04482 1.9450918 9.613246 1.5971869 122.49755106156188 
Car -1 -1 0 383.86697917591715 179.52656855338648 466.0973505429901 235.69364975068993 1.6264182 1.6953369 4.310349 -5.9102044 1.8647041 23.58898 1.542793 90.73589310329706 
Car -1 -1 0 554.4883438153247 179.93457397354035 579.5923861016577 201.04202804429832 1.5003996 1.6925814 3.9103992 -3.1813533 2.0551014 54.565678 1.5643662 6.149383983954071 
Car -1 -1 0 520.485705229532 181.08081908113596 549.6705720358325 202.01972516003622 1.5093147 1.6852219 3.8683863 -5.693487 2.1648784 55.527023 1.6150581 8.417792561378974 
Car -1 -1 0 432.5338048896653 183.71632545414482 494.3792988675221 223.24109131810832 1.4751687 1.6366509 4.075207 -6.0141845 1.9597695 30.126827 1.6033211 7.925793694489336 
Car -1 -1 0 638.8160384548449 175.64086038210252 657.9093321724115 193.55901121416545 1.4808625 1.5672613 3.91874 3.3206246 1.728902 62.234417 1.6047419 2.4469850874191166 
Car -1 -1 0 683.3502432660572 173.13503235907834 710.140881934491 193.19333749089498 1.5227679 1.6005322 3.6529784 6.8139353 1.5455567 56.669266 1.5527229 1.8228127971055734 

