Car -1 -1 0 705.5388969637194 185.26277247672488 798.5798544418683 254.6453415519673 1.4405965 1.6164918 3.870761 3.3576102 1.7776507 17.640356 1.600425 80.83805891688927 
Car -1 -1 0 481.44854588594376 182.5341952817634 531.569070436263 222.27179334954513 1.6760776 1.6286898 3.7463226 -4.68758 2.1479764 33.268143 1.613251 56.33970839018416 
Car -1 -1 0 687.3279641220939 182.39505429033045 750.576620612828 233.3068856981471 1.4486009 1.614144 4.150572 3.4601395 1.7863803 23.432915 1.618631 56.042496892183784 
Car -1 -1 0 1023.2183748827212 160.49305578861555 1218.3098905988954 240.2000298121896 1.6282173 1.6096935 3.5113828 11.61151 1.3757136 16.488518 0.7032251 46.42817041948379 
Car -1 -1 0 505.75417576444863 184.10310103347902 544.6755577334094 214.44563049672553 1.4775462 1.584048 3.959261 -4.4584875 2.11025 38.595856 1.5801151 10.108246746658056 
Car -1 -1 0 888.065082304528 177.36519531865227 1049.1516256891998 229.1264010804142 1.4728055 1.6353673 4.3494415 11.279704 1.6274906 22.804506 0.62570816 26.25745538101348 
Car -1 -1 0 586.8908827532478 182.5713568006122 609.5004839645871 197.58606251489624 1.4472945 1.6862612 4.364189 -1.1456813 2.4850543 74.77785 1.7108153 1.213261474747352 
Car -1 -1 0 529.7214131075478 182.6875036787832 563.2905771073217 209.91169380564588 1.5173645 1.5562481 3.9449687 -3.7698524 2.1395788 43.657143 1.6052655 1.0914783833786899 
Car -1 -1 0 223.62160843652396 190.5227379469209 265.6258051895796 210.8122324636556 1.4753665 1.669666 3.7535753 -29.155527 2.9369206 57.756294 1.502814 2.3641074212735127 

