Car -1 -1 0 50.72706080223634 181.6088099968276 316.21637207332026 317.74902555933835 1.654198 1.7149429 4.264974 -6.2194047 1.8163594 11.204847 1.5374719 140.6774713973072 
Car -1 -1 0 503.8931888813442 180.91675314389883 548.9781134029963 213.60578803673067 1.4377444 1.6847584 4.42921 -3.96793 1.8540949 35.04366 1.5695374 41.148442693347604 
Car -1 -1 0 271.17815435506736 184.66526860468693 402.46637062220674 257.46385828473296 1.5121758 1.6673913 4.143248 -6.5146475 1.8364079 17.733778 1.5688779 54.42978484249999 
Car -1 -1 0 404.29348827039667 184.76389410013826 466.80427260314383 225.00277814986703 1.4328859 1.5842028 3.696003 -6.826427 1.936111 28.637611 1.5724511 19.795253791022365 
Car -1 -1 0 480.27560566939025 180.5102077685289 511.130622246982 208.30931991702676 1.5493209 1.6160365 3.877187 -6.794402 2.030424 43.330315 1.4702291 12.3952662259899 
Car -1 -1 0 625.5690246260361 175.53892257921825 654.1505313849768 197.72332847477415 1.4687486 1.6023898 3.6458404 2.068682 1.662118 50.09443 1.505765 16.645463637245076 
Car -1 -1 0 1062.1651122699413 153.89594690142883 1169.4229587121315 201.6808816699579 1.5963485 1.6544552 4.1035914 18.272957 0.9630178 26.27438 1.7582469 8.343708189107426 
Car -1 -1 0 698.997979171876 169.26283972226017 778.5018042248321 195.9523345148822 1.5643435 1.7364699 4.5129995 7.694366 1.3538556 43.27677 0.052520126 13.709108736789343 
Car -1 -1 0 534.2570034311283 178.26010683225542 562.9208793070673 201.63669052491406 1.4404812 1.555415 3.5399895 -4.021095 1.8082633 47.208626 1.3960631 3.8534567913924387 
Car -1 -1 0 695.0611824838046 162.55206512114702 765.768804539919 190.2945387227907 1.7508864 1.6663191 4.289737 7.7313776 1.1007092 46.41474 0.020505676 1.4579238909317545 

