Car -1 -1 0 712.1353107299485 180.43950006653765 931.9082982210801 260.426476901319 1.4623773 1.682142 3.8729172 4.161854 1.6254245 14.450779 -0.11536502 137.6194022353438 
Car -1 -1 0 89.71038121493011 177.18582790178309 333.6479954788625 258.991781030501 1.5955098 1.6933233 4.191193 -8.23678 1.6936685 15.26854 -0.11495126 107.60254231365477 
Car -1 -1 0 296.45461376939886 177.97422940871604 426.4698607016908 223.65232981751163 1.5487612 1.6452496 4.1156106 -8.751192 1.7385508 25.719646 -0.10070052 52.0326697764003 
Car -1 -1 0 656.7285324647819 176.6051578504286 767.6723598477239 222.08976161329957 1.5148698 1.6159306 3.5534084 3.5286684 1.6506553 25.154196 -0.08992497 53.684214741236204 
Car -1 -1 0 175.1303732800552 182.9365204884713 368.4039370956095 245.50874343320962 1.442823 1.6017705 4.0097275 -8.213518 1.70371 17.794771 -0.037326947 29.07022669673033 
Car -1 -1 0 638.0015395969228 177.5108181621077 741.1714122947287 218.41283442386728 1.4880087 1.5866232 3.628667 3.018076 1.672577 27.543436 -0.1490887 14.076681138418099 
Car -1 -1 0 226.89235018517385 182.7745947005365 392.6540614952436 236.33600858451564 1.4416449 1.5799352 4.0670404 -8.45124 1.7355158 20.549765 0.01672065 17.12338655729782 
Car -1 -1 0 453.2788862523987 175.05153446484357 485.19924605130416 194.24209053307644 1.61608 1.6680374 3.9507916 -12.357002 1.8156369 63.386974 1.0812912 5.132117173581479 
Car -1 -1 0 337.8712267400326 171.2814460791697 434.7014528423657 211.39625784073752 1.777802 1.6415949 4.10466 -10.186643 1.7081096 33.18053 -0.19533426 2.5551728897655934 
Car -1 -1 0 323.4117648803109 172.61335184871 427.40547797721524 213.30223661880078 1.6895051 1.6241399 3.9496603 -9.954933 1.6795126 30.880657 -0.05561687 1.2013717143371 

