Car -1 -1 0 646.8379871088628 176.56095383409868 735.2993935016325 246.46046029823177 1.5719359 1.5805483 3.549934 1.9570966 1.6751115 18.251549 1.4929788 120.55965176735353 
Car -1 -1 0 0.0 200.0460072380619 309.98834568140614 375.0 1.4604366 1.6967369 4.296298 -5.0084257 1.8454401 8.037473 1.5331371 136.26751458199342 
Car -1 -1 0 413.5528423825089 186.82612573650854 476.82087800137566 238.1144708242278 1.5078313 1.5858073 3.6668067 -5.4167705 2.0120704 24.142769 1.481571 55.60997344400244 
Car -1 -1 0 615.4826128049165 178.74216267146215 663.6126414207589 218.5521515966983 1.4454038 1.56198 3.4261603 1.127875 1.692089 28.472832 1.5118992 47.431671528385344 
Car -1 -1 0 795.9262447235188 165.98967003796093 1242.0 375.0 1.540585 1.602363 3.6816301 2.9152207 1.5008194 6.0559053 1.5244126 128.42686171954605 
Car -1 -1 0 451.2285750415497 179.66399757885216 497.43722889832065 218.49607482244855 1.6356201 1.5953516 3.8754432 -6.133478 1.9663754 33.06505 1.5147153 27.780299324277195 
Car -1 -1 0 478.2475301311981 180.35436541071795 510.09129194041196 206.2469571087958 1.5795677 1.5607936 4.078656 -7.5150337 2.0924592 47.276573 1.5380387 9.289493127765654 
Car -1 -1 0 597.1045989807783 177.3329336602573 630.8175867065822 204.64779147229493 1.5782433 1.5523039 3.4127192 0.23219582 1.8630815 44.083813 1.4221601 14.42392970464193 
Car -1 -1 0 653.7686557693969 175.70626732096753 700.4088838019101 208.49634543476802 1.7362347 1.6573958 3.9770908 3.7471344 1.9052875 40.66783 1.4061012 0.6751813739303172 
Car -1 -1 0 795.0723567834226 168.40833143241713 968.2625730893909 235.03255060362312 1.5519638 1.5784302 3.659079 6.6108556 1.448405 17.735346 -0.07701461 0.9017199394707666 

