Car -1 -1 0 748.6504167292297 178.63074866565157 909.0831382298628 303.0718823269166 1.4725089 1.549113 3.5167139 2.997163 1.5713528 10.52643 1.6586871 121.40778774969783 
Car -1 -1 0 465.07522916920476 183.78928684383132 509.70264977415366 215.93567792162003 1.5312712 1.6430049 4.0373588 -6.3320513 2.1342502 37.765396 1.5732449 18.663575660498193 
Car -1 -1 0 224.00052449208425 195.15128981305375 380.4169185805531 287.32524196566885 1.5333819 1.6054655 3.7606359 -6.0977097 2.0486472 14.793503 1.5706651 68.14179433098803 
Car -1 -1 0 641.8643573483205 175.34951778835065 676.7118795421628 204.56922728549034 1.5744917 1.6018777 3.6980054 2.7871025 1.7230499 41.076736 1.5350292 23.167081394630504 
Car -1 -1 0 484.7820802893202 184.45691399952938 521.8487696012143 212.0156905637684 1.509906 1.5997536 3.9199295 -6.3047886 2.2355826 43.15827 1.5817343 5.430381191551382 
Car -1 -1 0 799.0800432725034 163.28886253779257 820.9675295889219 180.49638493219834 1.5291873 1.5985312 3.8490863 18.349924 0.67915833 66.15866 1.7529733 2.6776783154115633 
Car -1 -1 0 239.07679467786815 196.10915632207818 295.34612056428307 223.9055893888837 1.4997599 1.6940093 3.9715862 -20.95026 2.993205 44.3208 1.5330675 10.374641833800249 
Car -1 -1 0 505.616894375573 180.8700326282985 531.436714377316 204.2167381341659 1.5449235 1.5886526 4.001421 -6.5060196 2.138422 51.30945 1.3863451 0.8190463730418953 
Car -1 -1 0 808.8323240183223 167.39490278733325 856.7717058128675 183.04559188204104 1.4920604 1.5746983 4.13683 21.502163 0.9716163 69.58192 0.0032305329 0.2961287498474121 

