Car -1 -1 0 767.1755634195881 180.1411442523061 1049.3578713228324 370.62424915038224 1.5963788 1.636453 3.9257302 2.9982147 1.6989408 8.176773 1.5902624 107.12111451607967 
Car -1 -1 0 393.7626710348042 184.89495764434878 531.4221080801705 270.7693462186098 1.4441211 1.7052878 4.4218044 -2.8563375 1.7326941 15.03028 1.6364312 119.45912659716501 
Car -1 -1 0 702.6786721490035 186.5618594504389 814.3049757624694 270.22571721492955 1.4649825 1.5771557 3.6459744 2.9664605 1.7856339 15.054929 1.5709864 68.45918708180666 
Car -1 -1 0 517.1371213086152 180.28052508629784 565.399557837407 219.39866326999976 1.4949094 1.4870358 3.3933709 -2.781762 1.8213148 29.973326 1.6323495 31.772178173689312 
Car -1 -1 0 678.1704987317828 187.05090158193477 759.6709995441477 243.32564258526543 1.3542219 1.646375 4.1078024 2.9866905 1.7975237 20.46725 1.5596476 24.252114906520983 
Car -1 -1 0 664.1402304463958 181.05764586647734 705.3896559657414 214.06166829520632 1.4431403 1.5441961 3.7387218 3.5279293 1.8551128 34.3585 1.5622933 12.974174127623327 
Car -1 -1 0 467.0471308627369 180.80703458599325 539.8006128168911 239.0275696405731 1.5413358 1.5749396 3.4937773 -3.052549 1.7960328 21.34539 1.5903614 22.39845272958849 
Car -1 -1 0 650.3661786472978 176.84030997552347 674.742973678745 198.73245633076584 1.5766156 1.5911982 3.559663 3.9651315 1.8869909 54.39595 1.5751212 3.162949408344177 
Car -1 -1 0 540.0859049202762 179.40332667753373 586.3661679076369 210.78155112706744 1.4895253 1.6007252 3.7826157 -2.3245273 1.8440979 37.072754 1.7223018 0.5770115375007184 

