Car -1 -1 0 281.57287827745444 196.8173601487447 453.84090565587957 313.0100195075581 1.4768921 1.5473973 3.718775 -3.7360244 1.9309391 11.806025 1.5785753 107.44628464925113 
Car -1 -1 0 0.0 205.63595422594474 344.0290546287284 375.0 1.5177081 1.5248275 3.396013 -3.9136374 1.9195249 7.103308 1.5106479 103.66702445624976 
Car -1 -1 0 723.909973592052 180.21643659220877 870.5427020287343 288.5183824265996 1.5436773 1.592896 3.7259355 3.0378478 1.6894251 12.41132 1.5827374 90.94586573960079 
Car -1 -1 0 788.6882779687268 183.2497489364665 1207.8883508784431 375.0 1.5052557 1.6633787 4.318687 3.0461292 1.6347463 6.8218145 1.5785701 118.2041351349276 
Car -1 -1 0 635.7949512307844 180.11751353836317 693.3214291802161 216.5077431300295 1.5656667 1.5768393 3.6014514 2.512433 1.9251187 33.763317 1.3081025 26.405333812649218 
Car -1 -1 0 590.501261596545 182.26865980365903 624.2327916077899 206.39561450873202 1.5089425 1.558987 3.7417524 -0.18700308 2.1699502 48.669445 1.3665723 12.78874895259587 
Car -1 -1 0 549.2278823941454 182.29090877018783 595.3057310597694 200.9188000762492 1.5418786 1.5895163 3.953377 -3.2629046 2.3988452 63.598274 -0.7453372 19.616285451098264 
Car -1 -1 0 621.4657359056331 180.0710900600318 663.7947610750163 198.98163630315963 1.4881814 1.5739567 3.662775 2.7805305 2.1084688 60.120644 2.2946038 3.1721569849537854 
Car -1 -1 0 759.1614848258779 178.12000056817493 872.3734880481893 227.59164671771887 1.6734804 1.615932 3.7978792 7.364547 1.8721706 25.95133 0.26237535 5.9362222698024505 

