Car -1 -1 0 708.6293203082158 179.48732228201314 797.4549539640582 249.20832119721948 1.5849555 1.6250323 3.785662 3.5964077 1.7742224 18.676811 1.593327 74.6581939714743 
Car -1 -1 0 33.88350568422983 181.99412633761656 384.93270306673423 298.51962277756314 1.4980159 1.6469618 4.199071 -5.5965214 1.6418278 10.389851 0.067355946 91.00982322854726 
Car -1 -1 0 735.0968884828186 182.14582025533366 867.7469479973761 279.3017873275278 1.5369048 1.6104324 3.5939364 3.442999 1.7350881 13.575263 1.5928283 72.07169793088364 
Car -1 -1 0 678.8540670002864 182.68865386466737 725.5262898407286 219.585221238787 1.5051537 1.5884831 3.67917 4.0827017 1.9700662 32.263668 1.5632572 47.30924734287528 
Car -1 -1 0 245.13058119360173 185.30668295444136 450.62063313204413 248.18584427636512 1.3960129 1.6441951 4.3107967 -6.123358 1.7081134 17.222183 -0.018421128 82.71803038305596 
Car -1 -1 0 348.4455510593112 180.81916261349232 488.0878994821269 233.13453713430007 1.5670748 1.7063625 3.968279 -5.9517784 1.8283122 22.774462 -0.01872362 34.229928132988995 
Car -1 -1 0 412.3991699277501 178.65358917412954 519.434341434225 222.75391556163564 1.6031886 1.6504972 3.7049472 -5.3822174 1.8298167 27.32692 0.023374699 8.022637766827765 
Car -1 -1 0 450.13977656898567 177.07030355609322 545.0397630244881 215.3446635975712 1.6349168 1.6065848 3.8734322 -4.962915 1.8294735 32.180527 0.16701424 6.170362508675869 
Car -1 -1 0 554.7605729015712 179.31564629956785 581.4441997316106 199.66792429014097 1.5158794 1.6236767 3.9360688 -3.242206 2.0448027 57.042915 1.6395725 1.2444062655035546 
Car -1 -1 0 388.9032719629939 183.81988963695687 510.9751833198418 229.3508422495763 1.4754369 1.6064074 3.8444068 -5.3830466 1.8634399 24.664257 -0.032752395 2.4201704463403044 
Car -1 -1 0 429.7052665696179 183.0508236809636 535.7702728882989 221.5070390046927 1.5044847 1.6251274 4.022076 -5.1776414 1.9383985 29.725588 0.084095486 2.8383301363558013 
Car -1 -1 0 712.2171738088917 177.27645394185976 785.9728866880612 205.7383943897067 1.6102449 1.6617273 3.9931428 8.072535 1.8729215 41.97578 0.025143724 1.0946881963344701 
Car -1 -1 0 490.45920869240723 175.08671609174428 560.1491088489593 201.91890686576306 1.6836808 1.5891907 4.2249336 -5.385621 1.8301485 46.383488 0.07466266 1.010179376572426 
Car -1 -1 0 569.0162937698612 177.92864730291032 591.3892717476712 198.21806991603273 1.6620457 1.6536862 4.0869913 -2.5643811 2.115049 62.28876 1.4615657 0.31060194969177246 

