Car -1 -1 0 360.56196000354055 190.87817217098294 462.0114946194578 248.72874784466836 1.4646716 1.7209623 4.2215047 -5.8335443 2.0618892 21.757671 1.6192474 89.02814866541674 
Car -1 -1 0 681.7431611985312 175.06996510501534 758.7927772407032 232.0040174367894 1.5247859 1.6634722 4.178771 3.198952 1.597467 21.576118 1.5709561 53.616098558460386 
Car -1 -1 0 705.1358888754363 179.1658067323103 818.6813345917293 254.5909571202648 1.4284353 1.6189754 3.9713805 3.222794 1.585869 15.998238 1.5541532 81.25278972025886 
Car -1 -1 0 202.405360384566 195.8799047981746 377.1656374387902 290.4735609255677 1.4480039 1.648938 4.205523 -6.035047 1.968698 14.196708 1.5496552 92.0222475190594 
Car -1 -1 0 663.016124870387 180.05813962664314 713.797043478985 216.6848395246061 1.4582227 1.505351 3.6617908 3.3651361 1.7902122 31.360497 1.4823072 34.71548745861288 
Car -1 -1 0 936.4678004574602 150.01549680704508 1155.0386904559653 227.1193451828647 1.504152 1.5692114 3.5876653 8.90374 1.0586154 14.911821 -0.02881844 65.54774822719382 
Car -1 -1 0 468.7166543413279 183.91280280337685 523.358894906236 216.75574468219037 1.5111405 1.6583192 4.029542 -5.707047 2.1063626 36.727142 1.7065827 21.248159722277173 
Car -1 -1 0 1027.9779200662995 134.32400385860552 1242.0 235.05416969008724 1.6168861 1.6441998 3.6404376 9.499886 0.99841577 12.426266 -0.012279769 57.74360121413162 
Car -1 -1 0 858.6987001597531 157.97014694439008 1053.9754708633548 222.25707881144186 1.5021191 1.6337956 4.047023 8.446376 1.154345 17.775732 -0.04968525 46.09385809524164 
Car -1 -1 0 423.3803532885296 187.66857611384907 488.9328659633935 230.79171539556006 1.4636147 1.5905366 3.7482078 -5.8055253 2.0714312 27.700197 1.6092008 21.110770593218064 
Car -1 -1 0 514.3168942206331 180.4002781926368 548.7467739547528 202.7992007034359 1.5005054 1.6117908 3.948978 -5.554692 2.0635226 51.77704 1.6892602 2.4245530828921416 
Car -1 -1 0 656.6891948585826 178.55562573989255 695.1493981653383 209.841392101946 1.4928135 1.6384867 4.150757 3.3721979 1.8037728 37.269585 1.5791905 0.8782169615281049 
Car -1 -1 0 0.0 185.61957130403684 124.27195178827446 266.57423265461074 1.5529194 1.549205 3.3530996 -12.226552 1.8734303 16.269613 1.1608543 0.8965692827740901 

