Car -1 -1 0 55.49777082373612 186.9085083899693 323.1536759356914 275.37050479984174 1.5031147 1.6772685 4.028673 -7.7330446 1.7878913 13.601828 -0.09098403 136.77524213420162 
Car -1 -1 0 748.5801591867826 189.9370060065211 993.7592520071372 285.0837271093277 1.4829066 1.6387051 3.6478467 4.419864 1.8014414 12.517842 -0.065042764 147.5889160594497 
Car -1 -1 0 715.5146938529721 189.8727776225199 910.1459457872353 268.17028242566687 1.4743613 1.5467901 3.533436 4.061646 1.8419744 14.764578 -0.027085297 30.94893828144402 
Car -1 -1 0 983.5500456565916 190.8519455049625 1044.9753466402767 215.3209001788375 1.4677609 1.5695381 3.7097054 26.928371 2.7175312 48.137886 1.3907068 26.53199861416597 
Car -1 -1 0 454.85828610162434 184.70755349941257 489.07152650071873 209.0033600429792 1.5945241 1.6587898 3.441721 -9.779028 2.4657924 51.125988 1.158539 12.300988107773584 
Car -1 -1 0 135.03725493786553 181.54555324816502 335.59800516763977 258.36092087747016 1.580685 1.5781181 3.658908 -8.214203 1.7872235 16.113611 -0.13750908 10.015876232401578 
Car -1 -1 0 174.93413524890084 179.7912184266658 351.10185974626097 250.65700936111003 1.6650807 1.655671 3.8071089 -8.713495 1.8547381 18.463442 -0.24375057 15.754501613180933 
Car -1 -1 0 270.87287204125647 174.71023822827343 379.9439113339053 224.63204038573093 1.7803977 1.6523733 3.687507 -10.59088 1.8536156 27.14556 -0.28747135 11.155867797630945 
Car -1 -1 0 226.554292412055 179.23109456338176 381.732068162617 240.44485845346102 1.6689565 1.6500485 3.919457 -8.803186 1.865833 21.096783 -0.18919614 9.788204860216297 
Car -1 -1 0 1032.375048922468 193.78596226439157 1147.523117496805 230.62173839104207 1.4191979 1.6043403 4.013279 21.27753 2.4072618 32.06333 0.7969705 2.0518107414245605 

