Car -1 -1 0 628.636160480326 180.68068893158556 681.2801071774677 218.34412414774232 1.4619997 1.6404434 4.0513945 1.8780475 1.8206832 30.972727 1.4762037 43.37078825631839 
Car -1 -1 0 817.3760665925761 186.46663536367313 1073.321108817094 280.91246060122967 1.4943398 1.577638 3.76473 5.7542524 1.7497507 12.6108265 -0.074772164 95.5870582724533 
Car -1 -1 0 763.3155502944007 187.6550575075826 983.8561902840596 261.1569656547583 1.4433844 1.5986276 4.178873 5.594755 1.7823794 15.544901 -0.0884664 65.67284675359619 
Car -1 -1 0 6.078812765060015 178.56272542929028 322.5720522145616 289.8885680159625 1.5992019 1.6876805 3.935036 -6.8403754 1.6972492 11.428116 -0.062085327 99.40696400407488 
Car -1 -1 0 373.17110562833284 181.00064435906233 491.7641136313895 220.68936769643673 1.4676745 1.5952781 4.178075 -6.777089 1.791767 27.865536 0.019842412 18.48388176079414 
Car -1 -1 0 908.6333101197704 188.37159896914014 1241.7486062844605 306.44417331918714 1.458574 1.576919 3.7575908 6.3941975 1.6970134 10.126374 -0.09358863 39.73954394426191 
Car -1 -1 0 348.9658242047775 181.19875109651824 474.6651329970418 225.42058459852686 1.4765158 1.5851762 3.9783127 -6.84695 1.778289 25.251122 -0.024981845 28.04178530379473 
Car -1 -1 0 752.8588025767183 172.30531115449128 929.6453336019864 245.50893348633699 1.7212862 1.654535 3.8387902 5.663239 1.7083844 17.90739 -0.060275283 18.74838779336483 
Car -1 -1 0 103.63489768244987 161.5820036331821 370.1322827055813 264.9658270610552 1.8637471 1.7057202 4.2517934 -7.0263033 1.6605417 13.935402 -0.035565734 16.550298163924296 
Car -1 -1 0 384.7084108100206 152.9716649647457 422.0051920217734 177.0152352916268 1.7099856 1.6057205 3.6326795 -15.145361 0.29594797 53.15796 1.6039972 0.6169198316503424 

