Car -1 -1 0 376.5717375413092 186.35726093597054 477.78018227194593 248.5958955494361 1.4020962 1.5789561 3.6278005 -4.403349 1.433726 18.089472 1.5893056 85.15467118009613 
Car -1 -1 0 451.8982559323478 181.8134086138738 507.50995687945925 220.4845313210375 1.4024119 1.579268 3.8995605 -4.896706 1.2790276 28.040382 1.5429627 40.557301142021736 
Car -1 -1 0 0.0 197.5798015546004 348.37674876685804 375.0 1.4253561 1.597907 4.198885 -4.0693893 1.582642 7.037001 1.560335 114.95808554129712 
Car -1 -1 0 331.3911297828381 178.8190842730082 406.3183873836419 225.06325458423365 1.5747585 1.6484315 3.887799 -8.670672 1.3569338 26.463707 1.5183792 37.88535447690332 
Car -1 -1 0 133.50598641266254 194.31730047196808 311.240811713167 282.8612764798728 1.6618736 1.7547083 3.9983125 -8.274532 1.888847 15.916065 1.5840179 68.69099890809746 
Car -1 -1 0 494.36469109063864 181.90773820160067 531.8459300363911 209.65706699730063 1.3752034 1.5453144 3.7497015 -4.8610725 1.2112672 37.516808 1.5483973 11.83638553693361 
Car -1 -1 0 577.9276647996908 177.03168783308146 607.3663245479468 206.4584450784831 1.5065378 1.5074065 2.7535503 -0.7698935 1.0875477 38.19303 1.5524869 14.733049998706907 
Car -1 -1 0 325.4929228651132 181.77189162700716 381.2172281411356 213.50748263347091 1.5009896 1.6085899 3.7673042 -12.609117 1.3381088 35.919098 1.523514 1.8695236470146617 
Car -1 -1 0 609.2927329067396 179.31884188322877 636.2049729623651 199.55418492256132 1.4793668 1.573469 4.1271086 1.1463141 1.048259 54.6836 1.4748554 1.9861465831326204 
Car -1 -1 0 174.3980026753448 164.46468933113994 287.38916316137175 229.65405067515812 1.9551759 1.6630436 4.1098776 -12.2109375 1.3328063 23.639051 1.5408182 1.8654442381994656 
Car -1 -1 0 0.0 186.53799640696502 130.31396360499622 243.25344061960155 1.50723 1.6557071 4.08841 -16.265722 1.5501014 21.253107 1.5593624 0.2776969373226166 

