Car -1 -1 0 657.4059743177174 178.67273260467516 749.4684035387041 251.64019621726536 1.5913342 1.594271 3.7364898 2.220107 1.7515517 17.954206 1.5100541 71.26827255889299 
Car -1 -1 0 397.388128143885 183.5910853071432 491.01123640093664 250.73463738636525 1.5038449 1.6395286 3.9103427 -4.1734557 1.8125896 18.770424 1.5427457 108.64768822759808 
Car -1 -1 0 798.9932964905161 188.72797288009906 1175.8148044642828 375.0 1.5209308 1.5604517 3.432288 3.0235686 1.7048236 6.614278 1.5329809 97.21585048543093 
Car -1 -1 0 697.8384650722595 181.86007794375763 830.3167004563251 280.530548049547 1.5406692 1.537051 3.3559682 2.699823 1.7282374 13.304117 1.5074891 98.50152166977996 
Car -1 -1 0 637.7737651401103 179.2777785751788 709.3827489580038 229.4499709534587 1.4636817 1.6580865 4.4051085 2.013683 1.6964741 23.88808 1.4937062 28.89102374288055 
Car -1 -1 0 481.856130826595 180.3400403935878 517.564636102407 215.12702739836504 1.5321896 1.5732384 3.8125029 -5.2216835 1.9119967 34.621227 1.4515688 6.821982473095332 
Car -1 -1 0 438.51633800736363 185.30955464430463 507.67123076064235 232.61659730722448 1.4002631 1.6016692 3.9979258 -4.5215864 1.856293 24.414564 1.5659811 11.972761668351565 
Car -1 -1 0 625.513517931118 178.25484726315136 664.1476517645365 211.1887997081857 1.5111144 1.5635684 3.6772642 1.6916878 1.7915492 35.592934 1.5251567 10.176745442107356 
Car -1 -1 0 468.23624549718113 180.40020734220474 507.2738350140105 218.98603568600655 1.5033371 1.544084 3.405565 -5.158589 1.842493 30.623314 1.4079683 0.8855997507841942 

