Car -1 -1 0 723.2095727142255 175.6261820835309 877.0751916871683 283.06034761283564 1.5411161 1.5591869 3.4349585 3.0409627 1.5946825 12.191391 1.5258653 95.98953014950172 
Car -1 -1 0 790.8185886811077 188.16851586887404 1182.3034318608916 375.0 1.411316 1.6198527 4.141062 3.074693 1.603035 6.9605308 1.5729096 98.88534518024355 
Car -1 -1 0 449.79639241063927 165.64586970274388 516.0386911730584 214.11509074312465 1.5004997 1.673499 3.9912362 -4.183016 1.2773519 24.362213 1.5340605 77.59235100169732 
Car -1 -1 0 675.292688287181 170.72627566030812 761.5311274972058 235.89986776738758 1.5448673 1.5517385 3.3659582 2.7434382 1.4944319 18.83131 1.5084302 78.40076345529674 
Car -1 -1 0 646.4512876011856 167.45975770397192 714.5832675617394 217.93325131354575 1.5054448 1.6035192 3.7558675 2.2201939 1.3445536 23.44925 1.5023878 48.603124166798196 
Car -1 -1 0 127.16471864631549 173.62870979452202 411.1783292709873 360.5309276479637 1.5973258 1.5987797 3.809971 -3.4529967 1.6081527 8.133276 1.5091509 69.23564978662182 
Car -1 -1 0 631.3274086712399 167.77807749085156 686.4158629878382 206.0672628382116 1.441726 1.6136886 4.163562 1.9267111 1.250599 29.311651 1.485176 21.3451625543564 
Car -1 -1 0 483.148086840646 167.6697930527535 530.5324758939233 205.45720153762392 1.4713297 1.5622393 3.7923374 -4.2102194 1.2694719 30.017782 1.5345329 3.375034609443325 
Car -1 -1 0 601.883673593708 165.91337331728826 631.6376645712836 184.03686460132852 1.5175279 1.638015 3.8390403 0.58946073 0.93637055 62.479362 1.3188218 0.55836694469469 

