Car -1 -1 0 739.0944708748259 184.64437560132407 911.4450835033321 242.86165269904882 1.4687691 1.6793401 4.1400523 5.7349386 1.8021574 19.488234 -0.036278345 135.29655111455358 
Car -1 -1 0 375.8583406354717 183.46984133531174 498.65726408595424 224.19543390465438 1.4774054 1.6333196 4.2758174 -6.491745 1.8939652 27.465 0.014586429 68.61590425369232 
Car -1 -1 0 634.8951154827629 182.54811256029464 677.616982911568 216.42701399009607 1.4421194 1.5833169 4.139441 2.1411762 1.9273505 34.015778 1.5300672 37.5464246087552 
Car -1 -1 0 69.945067973095 188.4389676583977 377.41007779647333 291.5017864966033 1.478685 1.584333 4.044115 -5.961761 1.7439955 11.444463 0.02308465 49.77444296984041 
Car -1 -1 0 922.6422962768114 181.54692937805842 1242.0 309.7634188423168 1.5499548 1.6003392 3.5059724 6.31901 1.677731 9.723873 -0.04716166 60.2631600434323 
Car -1 -1 0 0.0 184.8013240449469 339.81730219437776 320.68485791346717 1.5331528 1.6016142 3.959981 -5.7027564 1.6990278 9.155201 0.031377554 98.29012835566706 
Car -1 -1 0 155.54489822773985 172.534160318332 397.26605807739895 268.38463797401886 1.7527177 1.6846689 3.9712226 -6.3799496 1.7468691 14.172559 -0.06968784 56.73431592982554 
Car -1 -1 0 282.03338804553835 184.68744068287492 445.8001945345162 242.35792770015573 1.4436395 1.5608203 3.8206563 -6.4373703 1.7709436 19.170906 -0.0030822572 24.88664923143621 
Car -1 -1 0 209.20684036785323 184.544303216586 411.0882944336777 252.69992389532698 1.4593533 1.5829847 3.9950435 -6.7757316 1.7428347 16.623058 -0.04151465 11.218183979156164 
Car -1 -1 0 554.4506172242053 180.043502550569 576.3602741675703 199.19756067374013 1.4445684 1.5979267 3.9817243 -3.579735 2.0432987 58.02677 1.468955 2.097655365116012 
Car -1 -1 0 619.993369558107 177.23740718715777 642.4356776156333 195.18316124477798 1.4574728 1.5583885 3.6273637 1.8699803 1.8421807 61.426598 1.6999267 0.3317185044288635 
Car -1 -1 0 399.64177997635755 177.60264386814222 491.31801201476173 211.13530313137898 1.5637889 1.6861143 4.0505247 -7.852862 1.7984749 34.778927 -0.01866907 0.2884449064731598 

