Car -1 -1 0 295.65607172535107 185.65556343076653 439.2522801748298 267.3257653382613 1.428265 1.5859959 3.9224086 -4.659226 1.4383744 14.557066 1.5748551 124.90428145446417 
Car -1 -1 0 262.9355325010553 182.79525793425339 368.1350306472118 235.0421716718936 1.4369614 1.595915 3.9828103 -8.685841 1.3703914 21.76848 1.5629777 27.46361245728042 
Car -1 -1 0 432.1055610848752 182.29867421473998 500.06496952299966 227.66622574960394 1.3900733 1.5597484 3.6336515 -4.594967 1.300695 23.847069 1.565231 68.6705899408285 
Car -1 -1 0 161.2082020168372 177.9876477035963 278.50324771994826 231.53031866047857 1.5510206 1.6321354 3.9554622 -12.12953 1.3416389 22.812172 1.5575118 68.83017899053266 
Car -1 -1 0 12.883676466318962 182.12199479497232 237.7390829784066 280.2429658627642 1.5100696 1.6051207 3.7206502 -8.380026 1.4624579 12.93865 1.5513947 98.37800533906109 
Car -1 -1 0 574.7109811641443 175.961243707071 609.0103059915821 207.53913389337853 1.4952168 1.6241739 3.639936 -0.7236612 1.0570173 35.85894 1.5720966 21.046295705775524 
Car -1 -1 0 457.8564817223965 177.5611275390925 510.10474869443664 212.63909881231572 1.4706482 1.5962013 3.73211 -5.422061 1.1497294 32.02487 1.5975633 23.53455709200329 
Car -1 -1 0 369.89585842303063 180.1564266549035 434.96450792348867 214.3410456946558 1.4235749 1.600523 3.7017078 -8.988409 1.212888 31.839573 1.6429496 12.381318605315755 
Car -1 -1 0 420.3755231257358 174.14427006003265 447.695778394736 193.82277048850665 1.4413847 1.576669 4.0502214 -13.1506195 0.6304394 54.760544 1.4474201 0.6887633538539469 
Car -1 -1 0 435.9551027679841 171.8606354465172 473.7147144119389 198.55493433702512 1.51865 1.6154566 3.6274757 -9.010448 0.75887483 42.74189 1.5290544 2.098981442481177 
Car -1 -1 0 462.5942191884325 164.19470892480888 510.7561030792222 184.164741722185 1.5444543 1.6419137 3.5073936 -9.446498 -0.08382332 56.5088 0.003159119 0.27356740832328796 

