Car -1 -1 0 655.7391261487834 175.47156217792013 708.3407323265201 218.8653541270168 1.6224668 1.6402678 3.948095 2.8632412 1.7356734 29.212055 1.5461133 63.15124959179671 
Car -1 -1 0 393.34474569116935 191.25377068023948 465.1939451412177 238.1731232791557 1.4549701 1.6010616 3.499466 -6.2922096 2.1509826 25.527143 1.5924306 45.53007473461783 
Car -1 -1 0 438.44747503987696 189.55575467386657 492.8845105925423 228.26761418186254 1.4772666 1.533018 3.779186 -6.1269436 2.2406702 31.077848 1.5875907 36.737232483387295 
Car -1 -1 0 98.96190637335938 200.76943687419032 186.46043425508933 240.45653942536222 1.5384532 1.6274521 3.5069718 -20.725632 2.8520422 32.1966 1.5740032 42.24479957927931 
Car -1 -1 0 50.810395810218566 205.89746233590486 141.83163612401032 243.04508215025373 1.4340503 1.602356 3.7864342 -23.49373 3.042521 33.199284 1.5313783 23.153647569321343 
Car -1 -1 0 475.3762014490891 182.2226455747012 514.4394234785505 215.4383961295144 1.67 1.5638763 4.0233154 -6.2129054 2.2084584 39.44477 1.5529584 17.30911390435833 
Car -1 -1 0 0.0 208.46753487734125 93.6084635883171 247.1120064583333 1.4915068 1.6485711 3.660864 -25.819008 3.2159762 33.09329 1.5886161 22.449468757802457 
Car -1 -1 0 160.60135469428644 200.12601334720145 243.17111330925468 237.89719417776044 1.4466703 1.6032574 3.8410344 -18.180248 2.7435603 32.373405 1.5477016 0.8044576111355951 
Car -1 -1 0 748.3086876576159 161.02557972795879 784.273508625678 179.85110409053254 1.4931228 1.610072 3.9823358 12.837273 0.5549662 59.311653 1.4312354 0.9559114628025408 
Car -1 -1 0 627.324170478738 176.6334086411793 642.8109622978468 190.8783330448771 1.4884815 1.5873522 3.6395695 2.744708 1.9076304 78.192986 1.5812957 0.616048414847111 
Car -1 -1 0 505.1014440288024 182.14999349230388 545.8309263750847 202.89755721176144 1.4777696 1.5916916 4.0563936 -6.5024266 2.2201042 55.468773 1.0338993 0.3316057324409485 
Car -1 -1 0 536.8919893612938 182.09855713668097 557.6505551641847 197.94765569480012 1.475843 1.5777065 4.0390544 -6.154131 2.4196756 71.620514 1.605467 0.8413328867800279 

