Car -1 -1 0 752.8683568685183 180.70956598362451 882.101582294352 270.2107164924617 1.573965 1.5686806 3.4953818 4.0996113 1.7539186 14.763813 1.5481102 84.29471242686095 
Car -1 -1 0 822.2813334156426 193.67053043525706 1090.7602945232225 353.32262315323936 1.4417804 1.5958453 3.8810844 3.9603105 1.7581303 8.997244 1.6067955 87.62434603479946 
Car -1 -1 0 726.1757964297035 182.86053082976738 807.579432632366 245.25066104142212 1.4939934 1.6150835 3.894976 4.2285585 1.7977431 19.909754 1.6311285 56.49347029184749 
Car -1 -1 0 451.0243806955406 185.92129257334406 524.7324388888633 234.8580031506898 1.4870436 1.6437359 3.7619853 -4.1067863 1.973129 24.900719 1.6490812 60.211836206511244 
Car -1 -1 0 708.5324016787752 182.50132997523357 764.6058844470143 228.24952838010836 1.4404125 1.5743654 3.770389 4.40853 1.8068914 25.47231 1.6431822 28.31314792588962 
Car -1 -1 0 560.7897209423063 180.26952636618267 591.46585135428 201.82336642812368 1.4572548 1.5768343 3.7928624 -2.3775096 2.0133755 52.129047 1.699718 13.335829498186298 
Car -1 -1 0 691.9957409249863 180.92320025321402 738.6453370433505 219.85882074873132 1.4835478 1.5874414 4.16659 4.4016476 1.848382 30.498117 1.6274738 12.597300449264807 
Car -1 -1 0 493.5291623611925 184.49624538162212 548.225466900542 223.9633116802789 1.5077803 1.6011708 3.9821806 -3.7132154 2.0377855 30.80802 1.636713 10.18382793807686 
Car -1 -1 0 517.888872919906 183.03969693580447 560.28122036599 216.31883770176938 1.4996493 1.621819 4.2575045 -3.451188 2.0376825 35.969963 1.5893445 2.6127069890502437 
Car -1 -1 0 455.3295665134742 166.89574867794715 517.9883221813807 192.445989922102 1.7056673 1.6320989 3.9157805 -8.350691 1.3079097 49.18163 0.10333697 1.0515164275261837 

