Car -1 -1 0 628.6002616408168 180.32268511868716 679.7470874373926 217.301506696838 1.4847227 1.6340519 4.094124 1.9056028 1.8372588 31.941536 1.4740201 50.36299011595081 
Car -1 -1 0 56.75301111285142 178.68864749480844 341.55594044102946 278.07001011309467 1.5577416 1.670437 3.9143932 -6.857317 1.6657813 12.392025 -0.06924245 83.20406484988273 
Car -1 -1 0 804.4943690278036 183.928898228874 1045.7496691341616 273.8843770233499 1.539067 1.57618 3.8757854 5.8284845 1.7620357 13.555334 -0.09655658 81.1635310150754 
Car -1 -1 0 756.6272076464574 186.9054433179455 963.6482271963123 255.94174920471414 1.4474126 1.6130784 4.1824374 5.6464663 1.7882426 16.515354 -0.08748672 48.971339156702065 
Car -1 -1 0 939.7652786289307 193.92368784664987 1242.0 336.55630938272407 1.4838765 1.5818126 3.7266417 6.13196 1.7563896 8.536898 -0.002411767 88.21588102379445 
Car -1 -1 0 882.3915445884044 187.51126338286173 1190.9851514417533 295.7715574708932 1.4859295 1.6048951 3.8512907 6.4223337 1.7301822 11.09012 -0.069259614 37.66928539992452 
Car -1 -1 0 386.8669668204127 179.5279763508443 499.86650404706785 217.97950915366278 1.4749334 1.5849924 4.1322756 -6.602295 1.7505656 28.895004 0.05466465 16.637446754708254 
Car -1 -1 0 743.2010949285 174.03926191864608 908.4070304607936 242.526235273746 1.7019887 1.648622 3.8122568 5.5887446 1.7346172 18.913473 -0.06667479 19.412079763129647 
Car -1 -1 0 355.60426717314834 181.05790587262902 478.33832155150037 223.98361749548152 1.4895766 1.5843815 4.0223017 -6.9215136 1.7965286 26.174545 0.014892576 9.79586438892597 
Car -1 -1 0 139.81114335650065 161.26324747415902 387.2543981389661 257.7941236510462 1.8685212 1.718128 4.27824 -6.9866076 1.6441622 14.903538 -0.03668102 32.82712068741133 
Car -1 -1 0 617.1943749648416 177.1888705773104 648.0583736545876 201.96007208035445 1.5300443 1.5680234 3.7018914 1.4695891 1.8248405 47.153233 1.478145 3.4861603260148315 
Car -1 -1 0 390.84887061094395 153.01640068619835 428.61596729089257 177.05896375822553 1.7451829 1.6320002 3.766183 -14.989215 0.30522636 54.29701 1.6222816 0.27979448437690735 

