Car -1 -1 0 725.4128204591128 177.65910298011323 861.2293132679403 275.9297206629151 1.5433731 1.6120826 4.0110035 3.261302 1.6471049 13.553152 1.5935153 90.54165601602443 
Car -1 -1 0 684.1515740430249 182.817834384263 752.9286895901 232.38935920341677 1.4255137 1.530111 3.6541362 3.4419365 1.7736708 23.354004 1.5281394 77.07390571816218 
Car -1 -1 0 194.38389331496703 196.59882719306614 388.0460753478386 294.5055504099624 1.4357336 1.7232995 4.3255553 -5.8098164 1.9623139 13.820063 1.5928069 125.22006859308904 
Car -1 -1 0 789.6371429056037 182.6766341202099 1108.9665081173364 361.7553844573633 1.4376681 1.6448436 3.9050064 3.3243914 1.5729362 7.972207 1.5564046 85.3852234772737 
Car -1 -1 0 345.8129576751358 190.68631344135812 443.83659399897573 252.959748888669 1.4547384 1.5433123 3.607915 -5.746105 1.9869535 19.715904 1.5904679 51.252595323159326 
Car -1 -1 0 428.7382462700744 185.3654283329712 501.10859824680927 227.79026482615205 1.4899944 1.6463221 4.1507587 -5.667163 2.0261173 28.76479 1.6814473 32.75785040288559 
Car -1 -1 0 652.6391636254833 178.63407855542513 692.074509771529 209.79300782207193 1.5155492 1.5551159 3.7515116 3.2325149 1.8330142 37.71722 1.5203935 11.639087673179274 
Car -1 -1 0 670.9252439445451 180.00611080312763 724.285613263149 221.15983408208922 1.5064623 1.6654568 4.112312 3.485315 1.8161609 29.185791 1.5730634 7.804053914362041 
Car -1 -1 0 498.45249375066527 181.65967691453378 534.3187659395288 208.26868814833105 1.4946218 1.6053162 3.7133365 -5.590411 2.0501657 43.645668 1.5951378 2.1286641489224727 
Car -1 -1 0 0.0 186.9899854936268 148.8597477986129 244.8287956452602 1.4714515 1.5000024 3.8424296 -15.007599 1.881987 19.91074 0.15863013 4.804465142252353 
Car -1 -1 0 649.2113310285471 179.31927354993798 682.8858005103418 205.96836085719647 1.499984 1.5392734 3.4891088 3.348124 1.9037354 43.270256 1.5082521 1.8209508686450824 

