0.000000 1.000000 1.000000 1.000000
0.025000 0.979769 0.986088 0.986203
0.050000 0.979769 0.986088 0.986203
0.075000 0.979769 0.986088 0.986203
0.100000 0.979769 0.986088 0.986203
0.125000 0.979769 0.986088 0.986203
0.150000 0.979769 0.986088 0.986203
0.175000 0.979769 0.986088 0.985612
0.200000 0.979769 0.986088 0.985612
0.225000 0.979769 0.986088 0.984824
0.250000 0.979769 0.984986 0.984646
0.275000 0.979769 0.984986 0.984646
0.300000 0.979769 0.984167 0.982960
0.325000 0.979769 0.983852 0.982350
0.350000 0.979769 0.983583 0.979821
0.375000 0.979335 0.983023 0.978571
0.400000 0.978939 0.982226 0.972709
0.425000 0.977831 0.980944 0.969811
0.450000 0.977337 0.978189 0.965166
0.475000 0.977337 0.976756 0.961226
0.500000 0.976478 0.970661 0.956537
0.525000 0.976328 0.967697 0.948722
0.550000 0.976176 0.961590 0.942906
0.575000 0.975391 0.956687 0.937519
0.600000 0.975391 0.950694 0.933031
0.625000 0.974772 0.940558 0.924676
0.650000 0.973214 0.932240 0.917805
0.675000 0.973214 0.924187 0.909404
0.700000 0.971347 0.915159 0.897520
0.725000 0.967401 0.904038 0.882889
0.750000 0.965029 0.889458 0.864899
0.775000 0.956669 0.870222 0.838831
0.800000 0.951699 0.844823 0.799635
0.825000 0.942958 0.804159 0.699524
0.850000 0.933837 0.714682 0.000000
0.875000 0.924391 0.637588 0.000000
0.900000 0.899553 0.000000 0.000000
0.925000 0.692070 0.000000 0.000000
0.950000 0.661342 0.000000 0.000000
0.975000 0.000000 0.000000 0.000000
1.000000 0.000000 0.000000 0.000000
