0.000000 1.000000 1.000000 1.000000
0.025000 0.994299 0.996385 0.996693
0.050000 0.994299 0.996385 0.996693
0.075000 0.994299 0.996385 0.996693
0.100000 0.994299 0.996385 0.996693
0.125000 0.994299 0.996385 0.996693
0.150000 0.994299 0.996385 0.996693
0.175000 0.994299 0.996385 0.996693
0.200000 0.994299 0.996385 0.996693
0.225000 0.994299 0.996385 0.996693
0.250000 0.994299 0.996385 0.996693
0.275000 0.994299 0.996385 0.996693
0.300000 0.994299 0.996385 0.996062
0.325000 0.994299 0.996385 0.995807
0.350000 0.994299 0.996385 0.995588
0.375000 0.994299 0.996289 0.994435
0.400000 0.994299 0.995890 0.992529
0.425000 0.994299 0.995537 0.991064
0.450000 0.994299 0.995225 0.987585
0.475000 0.994299 0.994152 0.984679
0.500000 0.994299 0.993189 0.980848
0.525000 0.994299 0.990180 0.977906
0.550000 0.994299 0.987010 0.976036
0.575000 0.994299 0.982639 0.974486
0.600000 0.994299 0.978662 0.971918
0.625000 0.993979 0.974648 0.968335
0.650000 0.993418 0.971895 0.964266
0.675000 0.993418 0.969891 0.960405
0.700000 0.993164 0.964311 0.955536
0.725000 0.992463 0.959980 0.949910
0.750000 0.990459 0.953965 0.943201
0.775000 0.989021 0.945900 0.934331
0.800000 0.985169 0.937491 0.921783
0.825000 0.981171 0.924171 0.908014
0.850000 0.974743 0.904215 0.889695
0.875000 0.965452 0.882654 0.849424
0.900000 0.957875 0.848844 0.769739
0.925000 0.948483 0.712191 0.000000
0.950000 0.718156 0.000000 0.000000
0.975000 0.000000 0.000000 0.000000
1.000000 0.000000 0.000000 0.000000
