0.000000 0.495546 0.499959 0.517824
0.025000 0.495546 0.499959 0.517824
0.050000 0.495546 0.495024 0.494621
0.075000 0.495546 0.481768 0.475491
0.100000 0.485025 0.475045 0.456898
0.125000 0.481266 0.452533 0.450743
0.150000 0.472143 0.451653 0.434310
0.175000 0.471355 0.446024 0.415917
0.200000 0.458039 0.436166 0.415917
0.225000 0.450733 0.420145 0.413644
0.250000 0.441443 0.415124 0.413644
0.275000 0.438867 0.415124 0.413532
0.300000 0.428244 0.415124 0.413532
0.325000 0.426939 0.415124 0.413532
0.350000 0.423891 0.415124 0.413532
0.375000 0.415993 0.415124 0.411187
0.400000 0.406070 0.415124 0.410468
0.425000 0.397321 0.415124 0.409740
0.450000 0.397321 0.414129 0.408998
0.475000 0.397321 0.412634 0.404909
0.500000 0.397321 0.412446 0.403209
0.525000 0.397321 0.412446 0.399669
0.550000 0.397321 0.410518 0.395434
0.575000 0.397321 0.405868 0.393185
0.600000 0.397321 0.404502 0.390040
0.625000 0.397321 0.399652 0.387283
0.650000 0.397321 0.395443 0.383407
0.675000 0.397321 0.391929 0.378489
0.700000 0.396848 0.390332 0.372486
0.725000 0.393939 0.386694 0.366114
0.750000 0.391325 0.379364 0.358486
0.775000 0.385305 0.370790 0.347919
0.800000 0.385184 0.361449 0.330785
0.825000 0.379233 0.345869 0.289468
0.850000 0.373917 0.305813 0.000000
0.875000 0.370414 0.273178 0.000000
0.900000 0.359136 0.000000 0.000000
0.925000 0.276520 0.000000 0.000000
0.950000 0.263948 0.000000 0.000000
0.975000 0.000000 0.000000 0.000000
1.000000 0.000000 0.000000 0.000000
