Car -1 -1 0 321.89202376927057 177.38571129326004 618.0908014765089 367.64471620153506 1.513133 1.6130012 3.8670962 -1.1959497 1.575937 7.9185886 1.8504796 113.5734972600918 
Car -1 -1 0 597.1681857661404 176.27299911922861 714.9678809314199 264.74994553230323 1.5010386 1.6045965 3.6884294 1.0544147 1.5786613 14.388248 1.8469857 79.36392276702134 
Car -1 -1 0 742.861190467319 171.42354229629538 781.3130074089073 207.12326698698746 1.5411811 1.6335218 4.0282288 7.0578103 1.4794271 33.293182 1.7910874 9.015441742372925 
Car -1 -1 0 595.2704567731447 164.5350452991661 705.0634190270199 204.7094832821634 1.5039887 1.6311362 4.0519676 1.6136143 1.1925564 28.336391 0.26893938 8.02350899551963 
Car -1 -1 0 885.2453513235216 179.79669828032866 958.5832048344508 241.32684463406588 1.5372868 1.593071 3.1624126 8.643654 1.748226 20.172241 1.8857679 19.141311244007884 
Car -1 -1 0 876.0130084453334 179.78939907244856 935.5053038095857 230.50848199496318 1.5461924 1.6137934 3.7298274 10.004343 1.8018461 24.57365 1.8893211 2.2864149318676565 
Car -1 -1 0 863.7028254499389 174.0911750658197 888.0561391573069 195.28939182249272 1.5463858 1.6409216 3.872438 20.256813 1.6442478 54.97741 1.8984473 3.5714939453266554 
Car -1 -1 0 761.8116196490113 172.92528915563383 801.2578612840085 201.30804638049483 1.516283 1.612412 3.7495654 9.59823 1.5204748 40.49224 1.655139 2.0208903268606946 
Car -1 -1 0 0.0 171.27910858618068 388.69648349273126 375.0 1.65887 1.6407672 3.9507804 -4.203377 1.6474583 7.3664455 1.9374822 0.26175081729888916 

