Car -1 -1 0 559.9170876494908 175.2769064050346 626.0329755311602 238.3203614276513 1.5344332 1.6097763 3.4091845 -0.36458886 1.2925301 19.2098 1.5597844 41.789123002038465 
Car -1 -1 0 473.80416118943305 178.64511516731082 537.1108395877474 227.83907451168915 1.5181766 1.616303 3.8889523 -3.3300927 1.3154016 24.138008 1.5596455 9.243096197033534 
Car -1 -1 0 498.67898697675236 175.58699821828495 548.8180758431987 213.238890566293 1.5150754 1.6200857 3.980783 -3.5217552 1.127626 30.932232 1.5907617 4.34812876392231 
Car -1 -1 0 324.42926089372264 178.66095358602468 501.53224703096964 307.7592192835183 1.5606246 1.626864 3.8704984 -2.633979 1.4813865 10.63726 1.5557653 2.512815082855342 
Car -1 -1 0 537.2138682153405 157.70712222852308 558.877149757578 174.87657048680816 1.4870131 1.6152635 3.809767 -5.4426208 -0.9839894 66.49348 1.591334 1.1201356117484171 
Car -1 -1 0 640.8547730745587 147.77105533242684 665.3800779369001 169.49859844667168 1.5369316 1.6225076 3.924252 3.5227296 -1.2600502 55.663574 1.5640137 0.4821578860282898 
Car -1 -1 0 401.1763447672264 179.95073634702487 507.3278955563454 264.6382687876154 1.5471466 1.6238316 3.8985224 -3.071178 1.4509616 15.127502 1.5102665 1.21125167696409 
Car -1 -1 0 536.4212433470368 175.18136122816873 563.2963097557592 199.79829927632807 1.5114663 1.6048579 3.6675358 -3.7051044 0.89536357 46.04821 1.4606662 0.4975952385313377 
Car -1 -1 0 596.363574873275 174.04928775913152 656.7069381417878 228.05253546026165 1.548646 1.6295772 3.916789 0.5275851 1.2284279 22.605743 1.5283868 0.27234333753585815 
Car -1 -1 0 621.291124753402 166.18922290120955 713.5492399383332 199.6493477698467 1.5385864 1.6494536 4.1426363 2.906355 0.66369796 34.636654 -0.4098111 0.2681203782558441 
Car -1 -1 0 659.9506836495023 147.17407600282579 695.6492466510934 171.90590016772242 1.5688646 1.6231947 3.8772604 4.8475227 -0.9598334 49.81193 1.4394532 0.2678137719631195 

