Car -1 -1 0 712.2736915502273 177.14327040041775 804.1540247691659 238.4975390125605 1.4833539 1.621425 4.032522 3.9432528 1.6128776 19.75838 1.5534451 41.8845633951257 
Car -1 -1 0 631.7681652418495 179.20980701965263 693.0249837690395 237.42385986173366 1.4957286 1.612915 3.8729887 1.5629585 1.6981179 20.975876 1.6593196 41.757288285389286 
Car -1 -1 0 312.3411632731499 180.472263813219 408.8102714203877 215.8111929255076 1.5595983 1.6439426 3.930639 -11.4178095 1.921632 33.28291 -0.09563932 4.365855139411993 
Car -1 -1 0 245.32989809786014 194.33784120593586 377.4085071153247 268.7566773091229 1.487494 1.599891 3.793426 -7.2706056 2.0629272 17.42337 0.7800327 55.424837466858556 
Car -1 -1 0 107.62842344090515 188.72966895163867 180.79746472480554 232.34368954989247 1.5054524 1.6253184 3.884953 -18.27405 2.1703653 28.27186 0.7851308 25.40974211263896 
Car -1 -1 0 410.219392158009 180.31644883814155 632.9758867830599 299.242786665004 1.5809238 1.6222907 3.8668106 -1.5670125 1.7231615 11.795078 0.8075153 43.77376921722336 
Car -1 -1 0 248.09927553881354 183.87317008355814 337.7333048138127 214.30122930467851 1.5041437 1.6305559 3.972518 -16.398552 2.0935369 37.519566 -0.13438204 2.471663816628825 
Car -1 -1 0 843.1970207989987 167.48983057292872 960.1482348685424 237.40767301287514 1.513983 1.5970514 3.7205956 7.1873407 1.3978286 17.567448 2.2600625 0.6186444759368896 
Car -1 -1 0 652.6823800095297 175.2355909816991 703.6878870048658 211.68249417262243 1.5238333 1.6169763 3.920635 3.0198011 1.6376154 32.45166 1.4881587 0.6637241223984883 
Car -1 -1 0 845.7149005707065 175.21725587510906 905.6281382109703 229.20565141440935 1.5130773 1.6145226 3.9233866 8.366763 1.5938137 22.528795 1.9578613 0.43558481335639954 
Car -1 -1 0 803.4751895245095 139.86082494622443 924.4458670284755 183.84755220193995 1.5533327 1.6425929 4.0557923 9.572906 0.38822252 27.23389 0.5451039 1.4580578036586607 
Car -1 -1 0 573.7848071107212 147.1989517743298 657.7245095995581 179.2575620508565 1.5778663 1.6428486 4.0567384 0.28410593 0.31517145 36.617554 -0.14441504 0.3309055268764496 
Car -1 -1 0 697.0030185608728 161.19533558939565 754.0631684099694 193.32751195603342 1.610174 1.6185327 3.918246 6.0797386 1.025947 38.24916 1.3402326 0.32456478476524353 
Car -1 -1 0 41.113645139310734 185.09693335379427 69.54335393941433 207.43372492173003 1.5305239 1.6154797 3.6852689 -41.127415 2.4716299 53.518482 0.9003223 0.8453735054214926 

