Car -1 -1 0 111.08891213522338 184.27344728164093 212.1049661893082 235.71069810633207 1.5254526 1.6186607 3.886078 -14.988607 1.9438411 24.374706 1.3801982 26.963561651970974 
Car -1 -1 0 457.8674243015744 179.6133848113475 515.9564564876534 217.05893265447133 1.5137362 1.6171734 3.982275 -5.5150633 1.8344942 32.09166 1.1538854 12.45703206701391 
Car -1 -1 0 36.35288643566828 181.09233836579534 137.35948424109108 229.90088693172277 1.4971435 1.6180016 3.9409254 -17.938675 1.8064132 24.967272 1.2809768 3.223392942948205 
Car -1 -1 0 684.2021401116549 132.83119378968436 740.9588974923178 167.05688990810535 1.5152401 1.6114953 4.0357885 4.8917665 -0.29641387 34.77697 1.4197164 1.2691182671142327 
Car -1 -1 0 349.8418140514434 184.5400213378689 429.50980722100263 214.34574427484273 1.4957112 1.606871 3.9173868 -11.806906 2.146586 38.75817 0.35183805 3.1347341192134714 
Car -1 -1 0 625.0874700409753 176.293537184468 670.0496163422154 197.97564218312183 1.5258105 1.6158644 3.80285 2.7768612 1.7906044 53.488594 1.0886035 0.7019313326532489 
Car -1 -1 0 144.26195312296338 182.55468092482596 258.23303340404976 242.18655103005972 1.5616593 1.6210289 3.8797135 -12.053269 1.8790784 21.582539 1.4433618 0.6817894636312802 
Car -1 -1 0 512.9304739125153 173.1046493186807 561.9477492476706 192.3009093702722 1.5718267 1.638833 3.9227543 -5.9630604 1.5929422 59.94429 -0.011245529 0.3439403176307678 
Car -1 -1 0 695.1323139453935 166.5518542429099 757.1884389941164 216.6071242522781 1.7947621 1.6736262 4.031746 4.423253 1.5687947 27.903362 1.5508168 0.28188320994377136 
Car -1 -1 0 999.2910785426636 151.0299249760156 1079.6598663962698 192.98365643433067 1.5282251 1.6296635 3.9257016 16.794353 0.7332516 28.382576 1.8084947 0.2617919445037842 

