Car -1 -1 0 0.0 194.74827469615263 211.46054884364463 293.85797422053264 1.5140984 1.626217 3.9630063 -9.586667 1.9960073 13.8918085 1.5810858 70.90563190680326 
Car -1 -1 0 161.82871896970556 188.98309924861772 280.9505648360609 244.93850538710646 1.5409966 1.6255966 3.9128757 -12.203566 2.0988338 22.981724 1.5919815 54.32517432889009 
Car -1 -1 0 446.2160582629258 181.66673314473692 484.1977275952031 204.1281428694744 1.5259006 1.6328533 4.0226817 -10.49827 2.1953123 52.728317 1.6653242 9.812399622759107 
Car -1 -1 0 67.30895678521134 142.1010124668423 198.44811957617478 193.59417687700002 1.5125374 1.628697 3.9625611 -15.13584 0.60921264 23.184456 1.5595329 3.0599812533565367 
Car -1 -1 0 598.231512717268 179.11179903722052 631.2208660164171 205.8737857982411 1.6022896 1.6376534 4.0245037 0.28779382 2.0217462 46.271416 1.4558878 1.9696687594122844 
Car -1 -1 0 669.6764308514809 187.07041209855578 712.002534485729 216.4472736045764 1.5183458 1.6095054 3.8762343 4.5927715 2.3707392 41.250877 1.4664686 0.9742307085977893 
Car -1 -1 0 349.2934291878027 175.75559064734367 443.68439401506157 235.13154126705746 1.5341692 1.6044762 3.746463 -5.9902425 1.6249491 20.700323 1.5699382 0.7725401402725426 
Car -1 -1 0 270.9421485546674 138.57415421763997 357.18782223341253 166.81904100573155 1.5020088 1.6401412 4.087592 -16.217585 -0.3404171 39.74017 -0.0694693 0.32266679406166077 
Car -1 -1 0 274.4865558321145 180.61152931498788 409.86049934829344 262.1926813846402 1.4908296 1.6221616 3.989623 -5.5921316 1.6804589 15.604893 1.5209011 0.3159928321838379 
Car -1 -1 0 507.1648525629559 176.658491027532 538.5108599155998 201.1842676927911 1.5271554 1.612488 3.8906338 -5.6645155 1.787793 47.482006 1.5661159 0.2597017288208008 
Car -1 -1 0 448.0989140671226 174.82324373256688 509.6652834342902 207.86150833205764 1.5227998 1.6117958 3.8837938 -6.3692827 1.6255386 35.573895 1.7881863 0.2534053325653076 

