Car -1 -1 0 689.2301561949538 176.76512985260902 795.5134661398436 257.1513809255345 1.4960155 1.6133142 3.8780456 2.7215028 1.5909339 15.564177 1.5804061 54.86954950296234 
Car -1 -1 0 471.5382176138778 179.7165210502619 542.600587561284 233.85455772579795 1.5376458 1.6205604 3.8059707 -3.1609058 1.7737932 22.905037 1.5974938 55.61729078990079 
Car -1 -1 0 732.1382772082635 180.74165357256953 942.7499605067944 322.35299515021615 1.4985802 1.6097791 3.7992835 2.8057685 1.6261106 9.757147 1.5590913 73.56930527364585 
Car -1 -1 0 665.8152660631176 177.63483644608868 739.8243756270246 228.8253960938896 1.496936 1.6145169 3.9383712 2.940632 1.6661046 23.504751 1.4918984 14.109864945903588 
Car -1 -1 0 646.905141676699 176.08875574714514 692.6676560655956 212.94796513938863 1.5258155 1.6055247 3.592506 2.61616 1.6775138 32.013187 1.5342784 15.983340055865607 
Car -1 -1 0 998.0639429115633 203.2825876775027 1234.6066032825565 308.5065887032948 1.4990156 1.6188619 3.9151697 9.074844 2.1458764 13.376314 1.5648392 5.7106716385961125 
Car -1 -1 0 890.3150676239213 182.9347737626219 1082.6269773283557 283.6306841425975 1.537128 1.6210389 3.925801 6.734944 1.7521157 13.400099 1.602747 4.64301694970069 
Car -1 -1 0 512.4858767129906 180.73755575869603 550.2292663535188 217.36029810080475 1.5296738 1.6167525 3.9369678 -3.5341852 1.912869 33.041615 1.485633 2.8698892093974706 
Car -1 -1 0 631.9780597183994 177.19807967700146 669.6946323893886 205.18090284677763 1.5455478 1.6252861 3.8366778 2.477758 1.8139797 42.53691 1.7891037 0.8591523772914722 
Car -1 -1 0 635.8120521739412 161.95471938158644 666.80323337185 186.16340680587814 1.5531788 1.6207495 3.7588356 2.8304622 0.8539035 48.286964 1.7518361 1.150456625990173 

