Car -1 -1 0 329.65139005875625 175.09810052546098 482.0937803147539 277.2887147550122 1.5164176 1.6163806 3.757286 -3.2654667 1.4361602 12.371209 1.5700725 90.24844511394696 
Car -1 -1 0 472.3805286738048 169.04755296182563 495.3821221488007 190.3871152730589 1.532312 1.6324868 4.0137315 -8.962406 0.70948136 52.87981 1.4147966 7.0298981549062125 
Car -1 -1 0 730.9194862767728 133.84055326876202 772.7036504666162 157.02658257940115 1.4744842 1.6170557 3.9979682 10.672121 -1.7747836 51.337097 1.4015527 0.7577208835771556 
Car -1 -1 0 1059.8837111873202 146.4507134889019 1192.3134788945986 221.93288093545345 1.5411102 1.615976 3.7712703 11.980302 0.84579515 16.48698 1.961215 1.2666743126401265 
Car -1 -1 0 1142.0669463723702 139.64377597405743 1242.0 181.74061541694155 1.6134486 1.6562449 3.9656236 24.0349 0.047295928 28.090906 0.0841116 1.6184665519551857 
Car -1 -1 0 257.5960654984572 178.33216795217248 374.1505353853731 243.3566517625464 1.5181432 1.6111212 3.740853 -7.3453465 1.467376 18.403362 1.5381794 0.5413601527589385 
Car -1 -1 0 841.538853059538 156.33528259222385 903.5778003001512 196.2262195554502 1.5363498 1.6090231 3.5246873 10.96155 0.6054213 29.08168 1.6986802 0.3466332256793976 
Car -1 -1 0 1026.6645259834918 151.4552087652626 1159.7087726480258 192.1305593879374 1.5481186 1.644965 4.023316 19.287193 0.44241184 28.034367 0.15533924 0.3329085111618042 
Car -1 -1 0 372.4816816655691 148.26824735171553 556.5445104209501 219.86061553470336 1.5796047 1.6456269 3.9870203 -3.2881856 0.86830175 16.872822 0.23970398 0.2529905438423157 

