Car -1 -1 0 0.0 180.09469864109568 315.06611210784615 308.39043386648166 1.5057707 1.6450447 4.1141763 -6.2777767 1.6109357 9.527829 -0.063748814 88.61600449101324 
Car -1 -1 0 674.6107450720928 179.46925054190257 743.7142136407152 228.61743614116972 1.5164502 1.6164726 3.8206615 3.3275018 1.7613015 24.748177 1.5066191 45.266249781393284 
Car -1 -1 0 184.2784519835839 177.2472789882866 407.8725569706274 255.7170575562025 1.5448287 1.640973 3.9742646 -6.445038 1.6419551 15.124613 0.003348741 41.39539620910995 
Car -1 -1 0 386.8241279227445 178.32820510790793 456.5779521227867 234.37470093800945 1.5282462 1.6257432 3.9324536 -5.663846 1.7118177 22.136423 1.4323651 4.97145000934796 
Car -1 -1 0 272.4653670978305 180.13504938557674 462.8383193337649 246.87882982920505 1.5085082 1.6254961 4.0284524 -5.7166624 1.6922746 17.352951 0.022543402 14.175628227995624 
Car -1 -1 0 743.7026922889636 178.92052740193037 930.0786470777329 302.39762069984835 1.5340834 1.61787 3.7828999 3.2399154 1.643019 11.053948 1.5567963 80.10545863134243 
Car -1 -1 0 827.6029985416137 186.63210091911083 1242.0 375.0 1.4906696 1.6121259 3.8014607 3.2112164 1.6445104 6.1434584 1.586233 59.85164691502315 
Car -1 -1 0 726.6523740679283 179.22990226616758 826.0044439354048 214.88270221837567 1.5184639 1.6408482 4.0440836 7.3201137 1.8085029 31.935297 0.033350345 8.855137691563899 
Car -1 -1 0 380.19149970869654 176.63736669265884 508.4186745300511 224.0569742058996 1.5399964 1.6302896 3.9484124 -5.5439506 1.6731477 24.485624 0.047571063 10.596154348712153 
Car -1 -1 0 299.4169950660525 174.78534387472598 466.5460402186759 234.58694840979717 1.5553064 1.6439301 4.0349503 -6.0836515 1.610217 19.667282 0.012434017 3.992501285402534 
Car -1 -1 0 525.4488211559377 174.95725461198356 556.1864446314262 198.8346309628827 1.5555466 1.6113256 3.6286402 -4.647174 1.7042726 49.1765 1.6109419 1.9854650693009268 
Car -1 -1 0 462.5634648855331 172.67171071952993 504.3576282116729 212.3040658208024 1.5549854 1.6240689 3.9080977 -5.332031 1.5478331 30.380497 1.3841789 3.3820860945771156 
Car -1 -1 0 715.1079192098276 174.42165146093623 804.4100884095487 207.94738940938421 1.5493052 1.6489661 4.0242124 7.1102705 1.6263926 34.46015 0.09971838 3.2588297024553654 
Car -1 -1 0 441.0235908356702 156.927391267453 521.9718871719773 185.6779130525275 1.5084407 1.6350169 4.037205 -6.826375 0.6728263 38.7091 0.017398119 4.185981129320852 
Car -1 -1 0 789.1836069970026 140.25384986468276 900.7354884754387 199.96624734240135 1.5101256 1.6024554 3.8153358 6.45478 0.68566823 20.21844 1.4827046 0.30740976333618164 
Car -1 -1 0 527.570391330163 172.24393470070845 582.0345377831578 194.8364983312232 1.6342822 1.6465287 3.884695 -4.1113243 1.5901515 53.96899 0.5989366 0.3597494065761566 

