Car -1 -1 0 140.26027633085639 188.17049838606331 299.25866140486175 269.48170454263686 1.5286442 1.6124532 3.682183 -8.164028 1.6002355 15.534149 1.5154538 46.505586879290405 
Car -1 -1 0 449.7400911382825 185.5149389476124 509.1455113950894 231.34933692364322 1.5136349 1.6142659 3.7926888 -4.4867663 1.5251358 25.696398 1.5244846 39.18741009069541 
Car -1 -1 0 575.5021523316725 180.45266736503174 605.0259183677366 207.43420872843828 1.4728262 1.6117842 3.8281097 -0.9596138 1.2128294 41.168457 1.5522549 7.598668010690288 
Car -1 -1 0 488.62752670276075 185.68115757894105 526.3879818578673 216.133883430436 1.4933423 1.6058127 3.7989826 -5.114215 1.5187132 37.24671 1.5222368 3.6794313134231773 
Car -1 -1 0 215.9842998259621 180.83351918471305 400.09660648832136 294.67317340905856 1.5820203 1.6343378 3.9353452 -4.7370815 1.5211215 12.00239 1.5116916 2.1879466000418133 
Car -1 -1 0 315.75868442905744 185.21388550194004 454.8155824487478 273.308403128569 1.5352153 1.6274495 3.9584186 -4.2886906 1.5351837 14.516195 1.5588917 1.1108500273996036 
Car -1 -1 0 612.7185754413637 180.3274811997314 654.591689404104 219.58380978370232 1.5581222 1.6331939 3.893889 1.0652833 1.364104 30.479284 1.5710902 0.4110727608203888 
Car -1 -1 0 527.4269577039689 180.4817041315421 559.366835162558 200.19530680304456 1.4880998 1.6149285 3.9304895 -4.9582653 1.1307498 56.326637 1.7193589 0.6865547403700002 
Car -1 -1 0 445.4391447793385 184.12269856246084 472.8249087229807 210.03847022406487 1.5835515 1.6167119 3.8099632 -9.4988365 1.5167651 45.963596 1.3417149 0.3343808352947235 
Car -1 -1 0 181.14249703278554 177.75155842489022 286.31291302423557 228.93333490667408 1.6128677 1.6261834 3.9294233 -12.6530485 1.3776537 24.633854 1.5504131 0.5519545349661613 

