Car -1 -1 0 662.7857966550488 181.30542103377496 771.0068448220172 257.0415208651769 1.4810312 1.6108426 3.8953726 2.3237038 1.6985762 16.565338 1.4881666 41.766359565287644 
Car -1 -1 0 44.242473175197354 190.3557922725272 438.33911175937766 375.0 1.4803591 1.6097534 3.7982912 -2.6388004 1.6779318 6.207136 1.5192434 74.97841886212977 
Car -1 -1 0 452.4572506402138 184.89479248563796 535.4898263204433 247.80561506502187 1.5007155 1.6192797 3.945213 -3.0834546 1.8667691 19.953207 1.5830193 64.21120912674205 
Car -1 -1 0 530.3062678562487 178.5273642211293 565.5239752140187 206.90782637954322 1.5155442 1.6355423 4.022067 -3.484475 1.8566093 41.35739 1.5809863 10.559282139979526 
Car -1 -1 0 751.1134681099193 172.46266558639334 1141.7481071247603 375.0 1.6001875 1.6247295 3.684783 2.4610438 1.5977676 6.3260145 1.5430931 65.34731720597156 
Car -1 -1 0 711.8427966180298 182.8594222757737 885.5855727256057 305.2508781030218 1.5115285 1.6139235 3.8468447 2.6978068 1.693262 11.166805 1.5512197 28.054207499325134 
Car -1 -1 0 625.7317367103237 173.60678847640258 654.2357034489468 197.94282507934037 1.5088341 1.6245073 4.0010567 1.9371464 1.5598358 46.872253 1.5558826 2.5841518627455153 
Car -1 -1 0 412.9484808453886 188.8891939731305 524.9731843749671 279.1447875671101 1.5123649 1.6032789 3.8068767 -2.7135453 1.8814433 14.689672 1.552481 0.6587484746188862 
Car -1 -1 0 510.2710030162798 182.14193891629188 540.0989834916326 202.02443442506376 1.4766161 1.6098702 4.0045533 -6.692471 2.2442446 57.57276 1.6517711 0.35687440633773804 
Car -1 -1 0 376.83307049686306 175.68502619716276 458.56189520287336 226.35407938340057 1.5268419 1.6218184 3.8946757 -6.251145 1.6283855 23.920876 1.5859237 1.0974367443603568 
Car -1 -1 0 254.82058641774466 193.7964594308655 372.30608610204365 270.1123677540542 1.5207047 1.6135012 3.9485567 -7.0338206 2.089677 17.552921 1.4622084 0.3171972632408142 
Car -1 -1 0 381.5244145263728 164.24383624710163 443.2616330211937 202.9166796634958 1.557986 1.6223453 3.8788419 -8.391629 1.2111142 31.014174 1.5625001 0.30954304337501526 
Car -1 -1 0 423.81771403219864 179.1961818069652 466.33611885024334 211.54227684448728 1.5916969 1.6222788 3.8240232 -8.658962 1.9450547 38.2381 1.5027237 0.29652950167655945 
Car -1 -1 0 555.66915245976 175.1846343704088 576.0231877226535 194.135455223428 1.4982684 1.6220008 4.0851226 -3.6040044 1.6976554 59.64314 1.5145544 0.2926052212715149 
Car -1 -1 0 673.2273715890228 165.76775280858473 714.0996997283555 194.51165810123393 1.5862381 1.630149 3.9472232 4.823952 1.195182 41.848198 1.4945029 0.26058682799339294 
Car -1 -1 0 665.435228413083 150.1759769289308 705.062153260653 174.78024802824268 1.4948959 1.6154082 3.955593 4.866212 0.11703393 45.973305 1.9158111 0.2514859735965729 

