Car -1 -1 0 120.70953801816815 196.41047305927697 184.21264105548727 226.33182844524825 1.5350268 1.6327972 4.0034733 -26.772123 2.9878113 42.40568 1.4359905 3.0295342945965653 
Car -1 -1 0 0.0 194.6267730781419 136.32598646187736 260.7167768856988 1.5079744 1.6172293 3.9849904 -15.053221 2.1671786 19.821377 1.5293438 5.037173431326083 
Car -1 -1 0 0.0 205.23622458562673 99.50956477186003 263.04825945431793 1.4940238 1.6137428 3.9528465 -18.281443 2.619666 23.019157 1.4445233 0.8241469237536615 
Car -1 -1 0 269.0334319007181 194.812039227943 441.67874936072343 256.41635250667986 1.5060725 1.6341491 4.0288577 -6.7041574 2.1210566 19.261509 0.065295696 1.9201447718255311 
Car -1 -1 0 169.3031053011247 187.92287334315097 400.3047842583283 266.78700614445967 1.4728084 1.6172419 3.9921298 -6.503372 1.7985649 14.706802 0.04178242 0.409121036529541 
Car -1 -1 0 126.21421581480324 176.60429361353482 409.410979018586 272.0314037391548 1.4963043 1.6221417 4.047862 -5.644179 1.5649152 12.292758 -0.048203103 0.5586331611668359 
Car -1 -1 0 944.482181493926 179.86740404094863 1015.7470228218235 203.291815739329 1.514262 1.6340954 4.074124 25.608889 2.0200706 49.96196 0.8582008 0.4332699179649353 
Car -1 -1 0 0.0 191.23677476893562 143.74730416544466 266.97915310325897 1.553945 1.6182456 3.8542914 -13.456963 2.0532005 17.667717 1.569191 0.2900654077529907 
Car -1 -1 0 387.73803189393124 172.93040135850669 453.4871211487408 218.25895602520893 1.5534279 1.6262193 3.9396765 -6.913124 1.5564737 26.750149 1.5094783 0.27363473176956177 
Car -1 -1 0 581.6586802032659 165.20959426407236 623.6405380953764 181.13965166631442 1.5449483 1.6544344 4.0744348 -0.65863687 0.80356884 70.83545 0.015352201 0.25205615162849426 

