Car -1 -1 0 365.0472749406381 181.84819100495102 526.8550410776782 264.8552039889951 1.5009928 1.6134491 3.8953326 -3.3612142 1.721761 15.606935 1.8985144 98.8149777110249 
Car -1 -1 0 818.9420690088696 181.8172605835077 878.537458460057 238.18155967300845 1.5612824 1.6463721 4.21439 7.6716013 1.8746932 22.967625 1.9223483 30.174565179282425 
Car -1 -1 0 611.7433660839317 181.67798718929382 678.9317111500113 224.68319870722422 1.5146165 1.6139687 3.8623397 1.4787304 1.886975 28.35861 1.9061644 47.41948471758631 
Car -1 -1 0 682.0573624747308 182.38340950940596 726.4554909026326 215.03946862863583 1.5190508 1.6236416 3.9426441 4.896839 2.034751 36.924755 1.8672827 17.34704225699179 
Car -1 -1 0 682.980987914085 177.8077026174484 743.4396503378804 218.90906358539212 1.5312442 1.6176529 3.8653588 4.2982044 1.748019 29.480291 1.9401855 1.51744557406121 
Car -1 -1 0 1011.8615777852364 183.21244155840284 1150.677764795813 227.6686652097546 1.4992955 1.6288407 3.963868 16.754387 1.8822776 25.727116 -0.06959593 0.44865140318870544 
Car -1 -1 0 944.3214007222758 143.367213515819 1010.5118347322718 168.0635187793863 1.4970628 1.5881468 3.7403514 23.2622 -0.31210482 45.63949 -0.33807188 0.41771525144577026 
Car -1 -1 0 1035.685156258018 185.35667990524817 1216.1088769005735 258.9953354835036 1.5173998 1.6258672 3.8778508 12.26338 1.8539968 17.477348 1.5819676 0.4398213161780117 
Car -1 -1 0 619.1292673692976 176.08531169039904 704.1224348567187 229.50360887583736 1.5104308 1.6186996 3.840709 1.7290114 1.6215832 22.736872 1.9396778 0.3082721531391144 
Car -1 -1 0 503.581841913961 174.34041551595615 629.672933142914 252.3796505787077 1.525078 1.627628 3.9034653 -0.82474494 1.5629478 16.281729 1.8526585 0.2691541910171509 
Car -1 -1 0 0.0 166.96393063622838 391.1275355577102 340.5012029350762 1.4946549 1.6207316 3.8734965 -4.3511047 1.4439244 8.304715 1.8731788 0.2659953832626343 

