Car -1 -1 0 718.803936936347 175.7238129329747 830.774370127993 266.70583457461714 1.5006106 1.6094561 3.6387076 3.0371742 1.5633781 13.900282 1.6555578 53.6741944717984 
Car -1 -1 0 786.6087514744729 179.03954415652305 1107.6310691695157 374.99133410366323 1.4941864 1.6124632 3.7917953 3.0978572 1.5750558 7.5277877 1.5829544 95.8472679884063 
Car -1 -1 0 303.0348249113723 192.15397899122442 421.3490858018999 264.20747709897205 1.516824 1.622879 3.9457958 -6.0862193 2.0571332 18.223778 1.5745248 37.6249971047272 
Car -1 -1 0 475.04493446277354 183.65289469513033 517.2876104933321 212.19229814375015 1.4831934 1.6144652 3.9535742 -6.391671 2.127407 41.03217 1.6164308 7.118704074565758 
Car -1 -1 0 641.3555087745501 175.20406344217858 671.6063389829883 200.67212158222512 1.4887216 1.607642 3.7078748 2.8469803 1.6393026 44.37627 1.5675377 8.830806851317572 
Car -1 -1 0 406.69372438483316 187.87663778869702 477.1840440507905 223.41353361888173 1.4887997 1.6216909 4.0154176 -7.958123 2.2404985 34.0392 0.8813424 3.1748943020335103 
Car -1 -1 0 306.87838111028424 187.5865494841515 352.6590851753592 212.46269133602377 1.484534 1.6262386 4.1438503 -18.42181 2.501271 47.68013 1.5131316 2.367202340687382 
Car -1 -1 0 788.3843187083994 136.38341975680277 842.6602651808766 182.73526705602777 1.4908911 1.6203047 3.885945 7.1388216 0.3178274 25.28232 1.7945685 0.27847805619239807 
Car -1 -1 0 434.5560493780098 170.3969443379536 460.1162549084575 191.73017220557603 1.5182093 1.619027 4.0020976 -12.057595 1.3433492 53.49593 1.2914841 0.26649996638298035 
Car -1 -1 0 686.3619672993343 172.07109068098862 728.2934170813102 199.05049735319116 1.5211458 1.6117702 3.8820543 5.730779 1.4770038 42.691216 1.4742613 0.26433783769607544 

