Car -1 -1 0 591.7516200516951 171.31206864461603 623.8621069715758 201.39958501317977 1.5880983 1.6450187 4.015127 -0.05339122 1.5067109 40.118107 1.6035832 8.222318770844648 
Car -1 -1 0 313.6941231652871 171.8945061232018 403.01078473664546 204.2280826227041 1.6114383 1.6528586 3.9835472 -12.799545 1.5636189 36.891712 0.05350794 4.314086519801324 
Car -1 -1 0 161.032519274373 184.21046245446462 235.0133418569424 216.76817838446965 1.5006098 1.6171058 3.8595297 -20.7544 2.1067505 36.563335 1.547482 2.15072635253999 
Car -1 -1 0 701.5329505634447 166.20402665283243 731.9805946128967 182.77459364699104 1.5136704 1.6155325 3.702377 10.052234 0.9062154 67.89257 1.3521826 0.5643159747123718 
Car -1 -1 0 526.9960247193434 170.94787889972275 561.6333957163886 187.2642850031104 1.5786297 1.6329174 3.9227715 -6.5251036 1.3942101 71.87156 0.933148 0.5491951525641665 
Car -1 -1 0 886.780036371443 145.62411098596317 916.8475052241964 167.0254706961993 1.5077081 1.6137092 3.8538935 21.914312 -0.45327473 54.03742 2.0821636 0.4296221435070038 
Car -1 -1 0 38.524842359315045 186.8850318496374 146.10534957571457 229.91098311827403 1.5314417 1.6222554 3.885396 -20.5955 2.1323905 28.934742 1.5373809 3.5570576090128156 
Car -1 -1 0 223.80439190967 184.48762437274812 278.64241196361826 211.41583119184702 1.5070878 1.6110252 3.8197231 -21.785479 2.2482038 44.015945 1.5184735 1.0073075213856273 
Car -1 -1 0 776.6224168034083 151.47748808323075 897.6636783024571 207.28260510562794 1.6133004 1.6260402 3.4830642 7.089255 0.99531513 22.776878 1.0662777 0.3039371371269226 
Car -1 -1 0 125.14569680651871 184.26210919676032 208.60391115721518 220.7726155290746 1.5190024 1.6235716 3.9026623 -20.29039 2.0763927 33.259567 1.5141732 0.3220660675817787 

