Car -1 -1 0 254.11441067046525 183.8512984133297 452.3612057284487 251.82442657784952 1.498211 1.6433979 4.142288 -6.018883 1.7752486 17.19834 0.07682301 74.62578432282503 
Car -1 -1 0 58.70249505496022 184.13047384762837 350.9445369742141 291.9647027497932 1.510827 1.6248403 3.9403865 -6.368501 1.7088547 11.511385 0.18425962 34.57517866173431 
Car -1 -1 0 698.7224378650822 179.86631740872392 845.344083887904 278.78810229500846 1.5012133 1.6197242 3.8724494 2.7825334 1.6488134 13.208908 1.5147936 75.30163887455977 
Car -1 -1 0 669.0991809962316 176.46996268859107 742.6112187109828 225.6106165964918 1.4812946 1.6134658 3.869676 3.1143918 1.6118095 24.043774 1.4808247 35.45983643450513 
Car -1 -1 0 295.0483775234069 175.47547185517817 460.0942104857481 234.92765472872497 1.5435443 1.6416093 4.0136914 -6.2415433 1.6186435 19.742699 -0.053912215 10.51001967994964 
Car -1 -1 0 0.0 187.70900412486293 285.5794624440453 324.67121799701545 1.5299336 1.6404898 4.0284758 -6.4604707 1.7341487 9.080496 -0.009155817 35.9929345702454 
Car -1 -1 0 649.4727150347875 173.3205022553101 681.6783432464118 201.09221954009507 1.5927628 1.6321614 3.7800817 3.3223205 1.622005 43.33716 1.5684092 5.1619069921627405 
Car -1 -1 0 419.7784567841882 175.06204840934103 536.462424788538 219.3723589797318 1.6039133 1.6649823 4.0324297 -4.9125147 1.6904371 27.247011 0.098613255 0.863361988979147 
Car -1 -1 0 392.1636940248801 168.19655121260743 471.9093583078075 224.54312441809375 1.6387453 1.647269 3.9004636 -5.538068 1.5032911 22.951004 1.5508221 1.5547305073054605 
Car -1 -1 0 808.1696178588613 166.0063325416484 897.6558186277207 200.26834101002592 1.5747397 1.6560054 3.9657574 11.5659275 1.2600092 34.508522 0.28101143 0.6986709091677351 
Car -1 -1 0 476.7222257023958 174.7265601131415 518.0711229268595 213.40952509235055 1.5147109 1.6176711 3.949756 -4.702256 1.5992755 30.518948 1.4359875 0.9785818082567337 
Car -1 -1 0 520.8157932883789 173.18333048341222 548.0766167821326 197.076195200124 1.5351366 1.6099675 3.7664862 -5.071375 1.5581353 48.401573 1.4109046 0.5536001781339386 
Car -1 -1 0 481.02299336597014 174.9239899553971 523.7533794181542 208.89706333150764 1.6942818 1.6446903 4.0580435 -5.6235714 1.8098904 38.264805 1.5756943 0.3324613869190216 
Car -1 -1 0 663.1760690334196 174.48987732386288 711.4349751331887 214.92420731861432 1.5407895 1.613929 3.92377 3.1264482 1.6124367 29.628065 1.5854304 0.4148795503963535 
Car -1 -1 0 120.81910437434081 155.30529862160287 240.2780081633004 195.13872400166582 1.590638 1.6638021 4.020506 -17.665972 0.88987887 29.804543 0.08104989 0.4246632010165072 

