Car -1 -1 0 641.1536751084958 175.86704094699286 728.7995135419079 240.15351284084363 1.5583551 1.6210034 3.766155 1.9435601 1.6485163 19.63265 1.4645253 79.19922783924912 
Car -1 -1 0 580.5112467142873 174.1804488886572 605.0723443391695 194.7792704979753 1.5709677 1.6204785 3.7072196 -1.3592758 1.6796947 57.21026 1.4576216 8.138964876531372 
Car -1 -1 0 345.6869235810882 180.71540558351825 471.73562930641606 225.44462544113463 1.5159343 1.6395249 4.12811 -7.1019225 1.8085248 25.833702 -0.09959704 5.969701271732524 
Car -1 -1 0 267.00633394338655 171.21875071800244 427.0020208771688 275.5043760007779 1.6064664 1.6418622 3.9815748 -4.5581207 1.5812762 13.14484 1.5199709 3.613152080008341 
Car -1 -1 0 397.27680078456996 174.37017829641977 474.7132664414318 206.75872228626952 1.5126541 1.6151342 3.9188566 -8.617104 1.59152 35.70072 0.6521884 1.531253094833313 
Car -1 -1 0 439.4232763272623 176.42910259917386 485.47344906463013 206.80541251901357 1.5247056 1.6127774 3.860064 -7.8127804 1.7256925 38.61917 1.589314 0.9973335168154477 
Car -1 -1 0 32.89622236088629 141.91642819161578 156.7042729027951 190.44123495430892 1.5894015 1.6424025 3.985455 -18.125906 0.5760594 25.649517 1.5414389 0.8358159426619438 
Car -1 -1 0 313.90536157039656 171.81798746170452 410.00642097085097 230.05253188341845 1.554275 1.622523 3.9489858 -7.163553 1.5266238 21.264673 1.5286888 2.202692996297777 
Car -1 -1 0 410.3893111934045 171.42341055728917 447.94866103190566 200.68661300396874 1.523521 1.6033598 3.9257722 -9.852166 1.4490404 39.62144 1.4294494 0.3885619640350342 

