Car -1 -1 0 262.5076765363763 186.35318480559496 359.0577650048052 243.06563330365856 1.4999329 1.6200657 3.8181734 -8.557907 1.5364289 21.078182 1.4612896 16.301219490095555 
Car -1 -1 0 5.068422214595699 187.05922316978092 241.9932271020434 289.79492365402984 1.5448353 1.6224633 3.8629005 -8.300844 1.5826416 12.810382 1.571018 71.2014329996628 
Car -1 -1 0 429.25991801389733 184.59098729326135 504.5175218420609 235.25922444767312 1.5152354 1.6243794 4.0202374 -4.4857783 1.4965534 23.519045 1.585228 54.72549682776429 
Car -1 -1 0 254.10181613461162 191.17707002938812 430.0628070674489 303.4288475038979 1.5177302 1.6196401 3.84735 -4.1425314 1.6324632 11.881094 1.5314252 70.52263719534082 
Car -1 -1 0 247.2203491910295 177.81993080764417 332.474224867385 221.58757126821823 1.6165779 1.6435081 4.114099 -12.513255 1.3434118 28.623579 1.5517812 11.100938318714611 
Car -1 -1 0 579.1265727773216 180.4824387191693 609.9220063628911 209.67064686820288 1.5270715 1.6115496 3.7139192 -0.6972033 1.2794363 39.480774 1.5522342 13.172272210346087 
Car -1 -1 0 506.47558933621167 181.0014964133683 542.9821671219136 207.2138733980497 1.4929359 1.607059 3.7166374 -4.8671913 1.2529144 42.832138 1.611422 6.77975108055978 
Car -1 -1 0 476.85806280956905 182.14616449848336 522.3751089974932 216.43744455853118 1.4952044 1.609263 3.8924403 -4.922364 1.3613634 33.30815 1.5482897 5.492372377431077 
Car -1 -1 0 382.1310520257886 183.21372877174633 438.3706063625957 220.2912020326421 1.5398498 1.62071 3.7471638 -8.627783 1.4567068 31.764963 1.5226095 13.181228174700493 
Car -1 -1 0 362.24958734024995 181.1370601395035 418.14565183804064 208.90516523681197 1.5186954 1.6274779 3.975209 -12.419637 1.2956262 41.385323 1.6888175 4.695188663025387 
Car -1 -1 0 422.6364157615095 181.55079610855407 471.47659082051666 210.27663275381275 1.5352192 1.6057916 3.712407 -8.9267645 1.3393527 40.342606 1.666087 0.8991020936213384 
Car -1 -1 0 0.0 192.6952561485961 386.6820266789393 335.6271730480645 1.5219221 1.6449536 4.2404284 -5.007798 1.6200294 8.5857935 0.009814855 0.32550749676197405 
Car -1 -1 0 657.0164825883202 153.99373406810545 678.1452119001913 173.73864110688262 1.5102707 1.6128116 3.8189917 4.9444094 -0.9762666 59.198906 1.622684 0.28533846139907837 
Car -1 -1 0 137.54181493769383 189.836232607352 227.14022891761903 232.840752396365 1.5022198 1.6134106 3.8639605 -16.170572 1.6924953 27.57472 1.426173 0.274913489818573 

