Car -1 -1 0 573.3794804874135 179.97777768550648 608.4356227238189 212.96798435649282 1.524853 1.6106653 3.5190887 -0.835317 1.282749 35.02438 1.5204265 16.26940074168455 
Car -1 -1 0 326.6228590410021 183.75926459248262 406.9272848540845 232.11866334931833 1.5183349 1.617505 3.8804667 -8.09962 1.4726074 24.548565 1.5201061 12.920430624373157 
Car -1 -1 0 196.33417427193638 180.3843310045314 342.9803019645554 260.3180416109452 1.5989761 1.6358926 3.9163237 -7.483684 1.5023305 16.370602 1.5288135 8.215890057533407 
Car -1 -1 0 138.30129469544747 135.62942588998834 373.06927483594643 220.80471751274942 1.6463008 1.6749232 3.9953995 -7.0721526 0.68787825 14.748146 -0.008203051 3.5564981889619856 
Car -1 -1 0 386.61213312757 181.70464426288277 425.01681861771505 207.05456267514197 1.5971465 1.6227709 3.804804 -13.17915 1.375936 47.23027 1.5223564 1.704290794697324 
Car -1 -1 0 430.2291178768119 183.1408943954286 494.5790665765837 243.83488007246774 1.5537949 1.6258755 3.8839269 -4.0268927 1.5006789 20.447222 1.4158309 2.3637045055943515 
Car -1 -1 0 385.0752857837466 191.96867329749477 436.6119976061856 229.53015919232425 1.4949689 1.6085203 3.8245375 -8.483213 1.8079004 31.319435 1.4552997 0.6299283349807044 
Car -1 -1 0 476.9052195241234 163.0485871856289 562.8002300392465 195.87388792080958 1.5518258 1.6271232 3.8953326 -4.2097354 0.50386906 34.96376 0.08695316 0.9815580882371777 
Car -1 -1 0 283.5292416624253 215.7636221159325 368.48785678136466 289.3116171063749 1.5135345 1.6255535 3.867457 -7.1516747 2.392139 18.597399 1.3097494 0.5097843807975025 
Car -1 -1 0 600.9407560551174 179.62990589433443 659.7977214549734 220.200186056122 1.5564167 1.629609 3.9165885 0.8831961 1.3421264 29.651428 1.388373 0.8568550966408858 
Car -1 -1 0 623.4992503874096 181.9353095576833 693.7557879763967 228.82900316107154 1.5101061 1.6157775 3.866702 1.7150196 1.4044685 25.18588 1.4120823 0.3519345952437441 
Car -1 -1 0 539.8528286401304 143.99101627242945 561.443923118134 165.57672999846469 1.516447 1.6206403 3.7949345 -4.4069524 -1.5837715 56.015884 1.4913695 0.3458253741264343 
Car -1 -1 0 616.6858722350971 180.35854031684718 681.5709873654215 242.11583719662787 1.5540152 1.6325796 3.9202628 1.08303 1.4317932 20.060211 1.5848984 0.42102015563594675 

