Car -1 -1 0 696.8589757634596 177.15161807093781 822.0290178481255 269.73578145530973 1.486464 1.614372 3.8689313 2.6790576 1.579689 13.708349 1.5820682 56.63707943239386 
Car -1 -1 0 678.9103298537472 177.65598041878914 741.8440747530963 233.47822823884525 1.4894457 1.6207542 4.02094 2.9382358 1.6474341 21.673271 1.64624 17.813575728421227 
Car -1 -1 0 456.57832783075975 178.95343698827148 534.0779021374353 238.94666050814934 1.5543327 1.6215155 3.8334382 -3.2233176 1.7481774 21.007994 1.5786536 67.76543604802346 
Car -1 -1 0 750.470701677222 182.54237458844636 1045.4908900544722 372.68057539588875 1.5030594 1.6138234 3.877905 2.7452238 1.634698 7.853169 1.5561413 54.44512290835058 
Car -1 -1 0 647.3239901206935 177.01117366353495 696.0188859469855 216.0333295632915 1.5064819 1.6016285 3.584148 2.528323 1.6901641 30.061909 1.5360272 23.66063479093597 
Car -1 -1 0 631.1005272861642 175.95306285154794 666.8083123538579 205.0221274656016 1.5343649 1.6211033 3.9316738 2.2613153 1.7175949 40.59324 1.7254455 3.395306304514725 
Car -1 -1 0 505.5467400721113 183.93671851302642 560.4671223619381 223.51861870573 1.5118057 1.6216102 3.9736574 -3.1894753 2.0155253 30.749285 1.650806 1.9490293066045057 
Car -1 -1 0 633.0448257885594 161.5655377817832 673.4952800722949 186.79175891982695 1.5493824 1.6207427 3.828259 2.8535645 0.85605025 46.390575 1.9052451 1.466294720171411 
Car -1 -1 0 935.3277127974509 174.64205243615646 1186.823976480781 296.65997296538603 1.556375 1.6197873 3.88475 6.6880465 1.5891237 11.238285 1.6159003 4.293139331975063 

