Car -1 -1 0 3.472341679361185 132.1387783415167 179.36008620232533 183.30999844927155 1.5116715 1.6640985 4.2555766 -15.923986 0.053109348 22.736038 -0.3524345 12.597704001291529 
Car -1 -1 0 131.31655486684534 159.8179430027533 256.01319727755725 200.07780108428975 1.512815 1.6285572 4.0766106 -15.978466 0.69762564 28.442656 -0.34175545 2.405254731529406 
Car -1 -1 0 996.6176581110723 157.11445609410723 1120.4413958988678 206.13134311000871 1.5384083 1.6375697 3.9836106 15.403163 0.77267826 24.136255 -0.441328 1.5204305295285374 
Car -1 -1 0 131.00463632534613 159.13203284719626 322.1476906573752 225.2952421182254 1.5882144 1.664915 4.0170918 -9.41273 1.0509896 18.378029 -0.15618645 1.594054008021679 
Car -1 -1 0 609.2183487450982 163.495759505913 745.064946466585 216.12792640170179 1.5663697 1.6593306 4.004471 2.448904 1.0301877 22.91484 -0.3952862 1.0098337296332138 
Car -1 -1 0 252.5444212798443 177.06638263720967 438.5214549818567 249.26921309159937 1.5547345 1.6447963 3.9241478 -5.8808403 1.4590031 16.859354 -0.31606773 0.8757455416689623 
Car -1 -1 0 2.7192935324827094 164.92936366856188 144.826562961845 208.91646001371856 1.5733377 1.6290219 4.017862 -19.728304 0.9801998 27.100372 -0.32105464 0.8058125068971466 
Car -1 -1 0 0.0 192.85038685212686 124.65388729543946 238.1800302678761 1.5334079 1.6505072 4.0551944 -20.224176 1.9792824 26.669212 -0.4193695 0.542076940139124 
Car -1 -1 0 0.0 148.07160567897836 103.35973994039458 196.18089507059722 1.671616 1.6468691 3.9285104 -21.093592 0.50968146 27.034964 1.7413899 0.268272156547524 

