Car -1 -1 0 319.89069304869344 191.05065256928648 470.613280481851 291.55620163744726 1.4945974 1.6174806 3.8925319 -3.773809 1.88146 13.388259 1.5775745 74.69984757694361 
Car -1 -1 0 119.56518232699393 196.5114759362337 389.92017372620586 372.42378185730865 1.5058713 1.6140535 3.8084717 -3.893366 1.8542233 8.664196 1.4943398 93.54282437072429 
Car -1 -1 0 777.2973633514051 184.56205393210539 1070.3664151084733 366.6172057453902 1.4886444 1.6128024 3.8164344 3.120545 1.6503212 8.054613 1.5719264 101.61992629532847 
Car -1 -1 0 712.6903450473363 179.50650468690674 843.5615491759876 273.26266504492355 1.5226171 1.6125554 3.7430897 3.0694406 1.667743 13.862467 1.5626538 55.197192118689166 
Car -1 -1 0 636.424321618664 178.11784552925687 689.5638043877118 212.044944866887 1.54533 1.6266612 3.871932 2.5697138 1.8197898 35.562614 1.3712407 13.679563407539854 
Car -1 -1 0 588.5953151080215 179.01563445403363 624.9007324050707 202.17761059029726 1.506295 1.6175747 3.8573647 -0.23704925 1.9517617 50.095028 1.3172047 4.796353723039558 
Car -1 -1 0 781.5796649908559 177.86959675922586 840.8683985882049 223.23946891351963 1.5726761 1.6331029 3.889772 7.6007953 1.7779267 27.493835 1.6989503 1.7285989670571462 
Car -1 -1 0 597.3010385916583 166.5879310198945 639.0205118562263 181.40742011864262 1.4935112 1.6272355 3.969972 0.88412225 0.86201507 74.20934 -0.3805004 0.399629682302475 
Car -1 -1 0 554.1396237092894 178.15486971645743 573.1052156177126 196.71082371998986 1.5950673 1.6520294 4.050886 -4.182905 2.0900986 65.29808 1.492146 0.7814052963248976 

