Car -1 -1 0 728.7059935102802 181.59727411993444 858.5571667069311 229.09806833914584 1.568081 1.6630493 4.0657816 6.30389 1.881353 24.994022 -0.013417793 22.35185402366143 
Car -1 -1 0 777.3078380982919 193.26893149565595 1120.8108453187406 375.0 1.5017922 1.6166445 3.817284 3.0520535 1.7670467 7.4339156 1.5284612 78.36629387254301 
Car -1 -1 0 63.12669951747347 181.47923877964482 363.0938953756408 285.9344600966674 1.5594788 1.6501371 4.030223 -6.3558807 1.7144148 11.950155 -0.094176896 54.51420907389377 
Car -1 -1 0 836.5063269982405 192.63037606294756 1069.9300632612678 274.8920998091609 1.5081594 1.6240158 3.9569373 6.819393 1.935642 14.642029 0.073239945 23.297707727892202 
Car -1 -1 0 787.2609301386161 185.10244996653495 976.5329505557785 255.58892456507277 1.5390804 1.6358941 3.989263 6.3696985 1.8512039 17.265614 0.15773846 24.519908754669146 
Car -1 -1 0 488.9056928205859 177.73337860135575 523.2461243186087 212.06628719489396 1.6244357 1.6409883 3.927507 -5.248596 1.8870265 36.776726 1.4401438 5.719926004327019 
Car -1 -1 0 285.2754415019313 168.43908162338374 438.93249496554733 223.8432537523003 1.5553119 1.6420375 3.9320817 -7.1711698 1.4313757 21.143566 0.03457022 16.97913521264985 
Car -1 -1 0 317.85555576591014 183.5720165747034 454.4545515008058 233.62877800047565 1.5549587 1.6353066 3.969049 -7.2318115 1.9182066 23.613726 -0.011367243 3.0905259762935806 
Car -1 -1 0 410.67643358273995 180.5848243480595 513.1072563684371 219.62952964138955 1.5969973 1.6661673 4.060768 -6.2342453 1.9364419 30.775959 -0.035838004 9.683853125636382 
Car -1 -1 0 487.14162215147957 182.4782394064986 542.540516507481 203.56727082896936 1.5174655 1.6148189 3.8394742 -7.030747 2.2471657 53.749146 0.079406686 1.3939222173923755 
Car -1 -1 0 623.2384826872504 183.46414897041734 673.6744999605829 219.37289081583486 1.5368731 1.6208723 3.8963747 1.7774436 2.0690253 34.140327 1.4188299 1.3889002874363254 
Car -1 -1 0 522.4151609962698 169.65601657014716 562.6930111869873 184.8685739370841 1.5295558 1.6370214 4.0414886 -6.809046 1.2080122 73.516716 -0.07584231 0.35483673214912415 
Car -1 -1 0 317.46546706257095 146.6716677108314 390.59783812774674 179.29518125533332 1.576463 1.6210669 3.9034214 -13.00373 0.3112564 36.95985 1.8257915 0.27145907282829285 

