Car -1 -1 0 105.05474210068299 173.98742903572364 321.1275827502688 244.09271360508558 1.5301027 1.6533761 4.1320934 -9.135893 1.5585313 16.941553 -0.16564856 58.06003500558635 
Car -1 -1 0 616.4606169260957 164.42210017324277 729.3566909069502 208.00370573783928 1.5934374 1.6626515 4.008129 2.373655 1.2851489 27.501778 -0.14963871 27.952685574076327 
Car -1 -1 0 291.9341124620629 168.4792234955717 411.03176470544844 210.4427384046511 1.5400058 1.6424118 4.0014043 -9.754143 1.3794571 27.50832 -0.10629456 17.582020860909232 
Car -1 -1 0 667.3395939767904 165.44622336827396 857.8691182234076 237.27263043880723 1.5558555 1.648546 3.993029 3.4661584 1.3953931 16.695793 -0.124770954 71.16902406915081 
Car -1 -1 0 181.54140851311027 175.6474550687114 357.23827877509717 235.7210766053166 1.5465043 1.6430953 4.0040226 -9.141619 1.6263337 19.642696 -0.07898226 11.439527646620073 
Car -1 -1 0 0.0 180.3972139130986 248.39843106241372 291.4413766754474 1.542144 1.6278284 3.9429846 -7.9762025 1.669544 11.172277 -0.10392296 16.41299029774568 
Car -1 -1 0 231.5681114832847 174.85621744860848 381.5647791180625 224.97798855976038 1.4868224 1.619164 3.9739127 -9.3137245 1.5513299 22.360594 0.038760055 8.303202196350432 
Car -1 -1 0 608.1853359157029 166.88499744546243 655.9833024026678 206.44718139840543 1.5545678 1.6164553 3.8644714 0.8852138 1.32002 30.338184 1.4980425 2.431735948680011 
Car -1 -1 0 120.31818151010337 149.53949751724386 167.29046502802558 180.75311445031326 1.5179477 1.6302767 3.9943833 -23.967936 0.3841412 37.23903 1.1017604 0.6442276239395142 
Car -1 -1 0 430.6236115363722 167.81269198852397 454.2395539414699 184.86725443829104 1.4799132 1.6174202 3.928171 -15.019797 1.0424523 64.73338 1.2264073 1.2508687025037435 
Car -1 -1 0 733.3232088737695 156.15893839174797 773.993976899698 178.53581485160043 1.5819694 1.6246585 3.811023 10.542773 0.4016848 53.03313 1.3848207 0.33181294798851013 
Car -1 -1 0 363.1566172203104 165.80060160224386 413.2470618481109 207.22239497086366 1.8086255 1.6738621 4.2674 -10.274792 1.5006484 33.745224 1.4097868 0.31313398480415344 

