Car -1 -1 0 605.1132013805624 178.85745095451225 678.6289364033137 248.03187499237617 1.5175385 1.6140463 3.615005 0.82729894 1.3780522 17.606178 1.6076612 40.85568407291447 
Car -1 -1 0 54.661835557372484 182.9430075561265 210.03451064448805 246.5931072809715 1.5046324 1.6231346 3.8989344 -12.316601 1.450908 18.969084 1.5367539 56.427732539360775 
Car -1 -1 0 140.9280426748338 185.74115103370667 390.92187633287836 323.84635831496087 1.510019 1.6231077 3.9430718 -4.336527 1.5186809 9.862587 1.5504843 83.9074225978872 
Car -1 -1 0 221.93586222807838 183.06325895453372 338.7558001935922 249.55390463349633 1.4906583 1.609093 3.8662071 -8.08146 1.4424026 18.134855 1.4449946 6.83674526152986 
Car -1 -1 0 656.1186330750031 178.036248631905 692.0399078019678 205.02103398864884 1.4776549 1.5956249 3.6427789 3.8842897 1.0845168 41.316498 1.7939622 5.346572151659729 
Car -1 -1 0 197.01927568591378 158.67051374115508 334.202497131833 205.8742714662479 1.5759556 1.6586992 3.9549987 -11.736419 0.6897119 24.87489 -0.023197435 3.9109295812183813 
Car -1 -1 0 453.6021316878628 174.68086704959995 523.3895798030024 225.7507494552126 1.5455012 1.6214472 3.8645391 -3.8192854 1.2266911 23.695751 1.5821965 1.7589919585500797 
Car -1 -1 0 155.84490694634084 175.05479780920984 223.05716661512818 204.96301350496879 1.5579083 1.6408664 4.0738244 -22.884813 1.0286306 39.549847 1.4768509 1.297843013150214 
Car -1 -1 0 493.7252586232933 172.6192391834112 534.8919656833599 200.87475748601304 1.5748332 1.6233134 3.9738317 -5.5000143 0.8727642 42.208847 1.2375838 0.5695315599441528 
Car -1 -1 0 132.24090945633745 148.68606888091634 174.848928044317 167.1144053093078 1.5553069 1.6277725 3.9649706 -42.017857 -1.7300054 66.67718 1.5126017 0.5621182918548584 
Car -1 -1 0 480.7872265742202 164.14927406482562 499.5784542468791 181.70507553636054 1.5030663 1.6120615 3.8399353 -10.467054 -0.32426566 64.37659 1.4146018 0.7547889305380165 
Car -1 -1 0 396.09089605578095 177.76045072099348 490.2545203083075 245.39001642463734 1.5609136 1.6205977 3.8884654 -4.104721 1.3888439 18.552933 1.548924 1.7399546579971843 
Car -1 -1 0 718.5233386565981 181.69551097001408 746.5953877735179 199.29869537212545 1.5140768 1.6271658 3.9667058 11.186462 1.2113001 63.97361 1.9655885 0.5675317045433371 
Car -1 -1 0 507.1218063714437 149.26625683890583 566.8457606300075 172.76635760882374 1.6376286 1.6937952 4.11095 -5.0451775 -0.91621184 51.985867 0.0350926 0.3011343777179718 

