Car -1 -1 0 822.3447684781005 184.29259983662365 1148.128046129894 375.0 1.5304492 1.6111755 3.6862874 3.1398656 1.6700727 6.870384 1.7097516 72.73517165417248 
Car -1 -1 0 565.8993529690017 180.62540395184848 623.4863262729456 225.69797994853732 1.4987198 1.6279002 4.047799 -0.47581536 1.8101856 26.8173 1.6804522 37.28529550127086 
Car -1 -1 0 726.9093468928161 180.86535383905357 769.9481546935917 213.96951722074388 1.5349491 1.6209916 3.7124023 6.9235306 1.9586576 36.266815 1.6206124 14.943257721718407 
Car -1 -1 0 798.8538490047423 181.83884996386212 913.2199594293653 293.4240662339575 1.5831614 1.6207231 3.8198156 4.1933546 1.7660465 12.627747 1.8490883 7.5431238043315565 
Car -1 -1 0 620.9089838350933 181.07144624242943 655.036770338472 208.5337813794222 1.5290747 1.6284539 3.9963536 1.757904 2.0486724 43.526543 1.7201102 5.880946749168777 
Car -1 -1 0 831.867373571501 184.2050927679186 907.6948786320124 232.89009241736787 1.5471649 1.6268694 3.8993297 9.229495 1.9860883 25.884995 1.661596 1.2489841635137682 
Car -1 -1 0 774.1864691315981 183.4679258389167 812.4438699912048 213.07385334170888 1.5051903 1.6111261 3.8082364 10.1602745 2.1244001 40.10274 1.6987389 0.43121135234832764 
Car -1 -1 0 774.3945393744365 182.33749982386882 820.3237972430335 207.52127605533119 1.4890568 1.6075116 3.9084277 11.966883 2.122929 46.206116 1.4766546 0.4008902311325073 
Car -1 -1 0 788.7768794882475 181.9851830398889 833.0700692456892 216.44189758655074 1.5234908 1.6167647 3.8298955 9.701636 1.9917268 34.984947 1.7215731 0.8065886977392459 
Car -1 -1 0 761.2778130831583 180.52622200728302 796.4934270209766 202.8993199999447 1.5946717 1.6301851 3.9305563 12.809927 2.1984181 54.787308 1.5361459 0.5640612067443292 
Car -1 -1 0 874.3563024276998 178.51048797533858 1041.0375425594118 270.54481068117224 1.5332977 1.612994 3.8520508 6.639583 1.6603124 14.232441 1.6287214 0.7933787634356328 
Car -1 -1 0 987.0996704543688 142.50452361617099 1183.5441785706919 209.0831641857262 1.5944345 1.6373727 3.8738437 12.028809 0.86762094 18.493412 0.21549627 0.26277920603752136 

