Car -1 -1 0 653.2877836320303 173.18376847357806 728.2063906671849 216.24964987800047 1.5400132 1.6154488 3.8173976 3.4017668 1.2421926 27.733025 1.3315463 3.5161055302625286 
Car -1 -1 0 704.1094538436972 138.89405018846415 768.6173951881533 179.1873190077808 1.4987862 1.6118033 3.84627 5.392026 -0.10002047 28.92603 1.496098 1.222710174373277 
Car -1 -1 0 9.657383698820539 183.84638039995156 322.6318500586975 331.04643255958797 1.5673888 1.6295269 3.8868334 -5.4741673 1.6055266 9.724726 1.6660035 0.7578496043034119 
Car -1 -1 0 461.67297873929925 171.47726691197224 530.3352110850916 216.85806718009906 1.52393 1.6213262 3.9287748 -3.8871653 1.1869472 26.247227 1.1940387 1.2596886919848003 
Car -1 -1 0 116.09497044949006 152.73112050402793 383.3193613421372 250.90117574938913 1.594992 1.6456945 3.900081 -5.9955225 1.127379 12.656816 -0.085227214 0.9273102487225716 
Car -1 -1 0 742.7034783406481 169.95041980321895 859.6496535549917 255.1444456555166 1.5872443 1.6312683 3.8616445 4.1324263 1.3718374 15.359703 1.6310729 1.7918703508065106 
Car -1 -1 0 812.3795694876355 186.5148663266441 1094.4489416298338 345.33629698948283 1.4911776 1.6209176 3.890131 3.9541907 1.5663306 8.829653 1.5917432 0.7686855209260661 
Car -1 -1 0 581.9369305873546 171.46436644790316 603.8742881489468 190.54109803701593 1.5160697 1.6268011 3.9241767 -0.58595103 0.71754575 59.077164 1.6059995 0.6286661430305747 
Car -1 -1 0 340.7765339535939 186.03812846812218 465.4391316577126 258.61163515044024 1.4726032 1.6165918 3.9391556 -4.460739 1.5914639 16.846367 1.6369517 0.3266443610191345 

