Car -1 -1 0 82.2216070004618 189.1811167359718 282.28838813479416 296.5809212197428 1.505947 1.61908 3.8346457 -6.958284 1.5846281 12.246046 1.4196367 84.2973049920408 
Car -1 -1 0 542.9436467965834 180.43822082560726 615.0342053594369 241.87996941202286 1.5255256 1.6086104 3.5904279 -0.8577732 1.4069065 19.740847 1.4259536 66.8862914530374 
Car -1 -1 0 255.32102855923299 183.57643579739226 347.924488660582 241.87398820979107 1.5110713 1.6188738 3.8279183 -8.65044 1.4685817 20.656952 1.3988733 43.353017317917 
Car -1 -1 0 347.1838057436279 182.45932801635593 397.159243316393 218.3468955007786 1.5124966 1.6267402 4.0777283 -10.534367 1.3963282 32.450302 1.3855052 14.584370332765227 
Car -1 -1 0 445.49649442794623 180.3847734322613 498.0632830566276 230.47775508376898 1.5499086 1.6081716 3.4313786 -4.4900265 1.4004368 24.065872 1.406674 44.12634881306166 
Car -1 -1 0 381.0532809139306 180.48795616518345 411.90652726094237 208.27467788339894 1.5148689 1.6232721 3.9407868 -12.079233 1.2571231 41.306763 1.297353 6.010530531779836 
Car -1 -1 0 229.26209556706357 171.45051102714365 300.47555760318096 214.35477738583083 1.7219929 1.6547787 4.021063 -14.639136 1.1695174 30.96048 1.426355 7.3855985884211615 
Car -1 -1 0 142.6733125950237 188.22789147568085 257.5572699860006 246.48527823095975 1.5577996 1.623255 3.9381247 -12.006081 1.6564741 21.49171 1.4422884 3.918245197662761 
Car -1 -1 0 341.9102528210369 181.73581867991618 374.312135851017 203.3762915270981 1.5819776 1.6203187 3.7699041 -18.849472 1.3275889 54.528748 1.4329216 1.6835668041763976 
Car -1 -1 0 413.20063685140263 178.5664031110426 436.51407908428104 199.77782700806173 1.595216 1.6202949 3.5792613 -14.168216 1.0951524 55.980743 1.3617251 1.8924720437031923 
Car -1 -1 0 463.11628712315854 165.75913452822704 496.7296369610449 191.2439203186061 1.6406064 1.6315727 3.7507741 -8.482843 0.3880723 48.16248 1.5582612 0.2723276913166046 

