Car -1 -1 0 100.50716696138123 182.41560447124297 407.45217870607604 375.0 1.4885993 1.6159146 3.869487 -3.343368 1.6163645 7.6456976 1.4867795 61.15416036847264 
Car -1 -1 0 511.61028405873105 177.0354109927817 554.5331631527417 216.7338350493836 1.535977 1.6293315 4.058185 -3.1641164 1.7243619 30.430983 1.5076624 31.77854164535924 
Car -1 -1 0 665.0553509130663 176.28126360745935 766.4501567542388 250.51288559869937 1.4980991 1.6135358 3.846187 2.325758 1.5867348 16.701462 1.5237263 75.99146172248545 
Car -1 -1 0 639.437473548432 175.04083248012853 697.2173578529681 216.24573231891563 1.5377481 1.6130432 3.798881 2.2997181 1.631996 29.117208 1.4554807 32.19388574633388 
Car -1 -1 0 539.6033592609309 177.6753822459369 568.729508224437 204.90524607759764 1.5736166 1.6249577 3.9644654 -3.3695111 1.8838563 44.41897 1.5356126 3.3436733252979964 
Car -1 -1 0 204.3472013683774 182.76162128151108 371.9271949703688 240.5739650498574 1.5355442 1.6325003 4.0224276 -9.000744 1.8281012 20.39192 0.04911188 12.64272131684311 
Car -1 -1 0 636.5691197721433 174.6130172076453 671.5749779695129 208.68977867615243 1.565414 1.6171236 3.8563135 2.1677382 1.6563237 35.320015 1.6271814 2.113536160984576 
Car -1 -1 0 624.9565849244188 171.9302471921116 653.4129468183007 197.91918957221452 1.5856072 1.6248809 3.7422156 1.8478265 1.529248 45.899677 1.5621582 0.40302497148513794 
Car -1 -1 0 510.94676790074067 164.09557114061693 552.8009115547144 182.35322726819118 1.5174663 1.6313465 3.8906431 -6.6988316 0.7895182 61.96965 0.84995884 0.36372482776641846 

