Car -1 -1 0 0.0 184.79420993016322 230.66501690395881 350.6924095145321 1.5004797 1.6200824 3.9428225 -6.2011237 1.6769049 8.732447 0.7414408 24.55235128828155 
Car -1 -1 0 210.6807982762687 182.83679436671108 427.78205990965836 256.65045720864487 1.5221056 1.6466198 4.142701 -6.2964563 1.7549202 15.969166 -0.016926004 23.949140150619957 
Car -1 -1 0 754.2790729827863 187.27558844564234 1005.6642420861034 354.5822999269694 1.5010539 1.6081283 3.6391177 2.9134684 1.7097895 8.615999 1.5609137 46.997520199182034 
Car -1 -1 0 703.9073345915101 180.1263153573886 821.9549506703293 222.4316655853402 1.5130758 1.6307739 4.0430202 5.6925383 1.7950523 27.050758 -0.055430733 16.97432195811859 
Car -1 -1 0 817.2077314565346 177.16218524309022 1068.784221175522 264.5413591258423 1.5428493 1.6546636 4.0387216 6.205197 1.6308615 13.787248 0.06314483 40.746414197917886 
Car -1 -1 0 42.01341202052044 187.56881960231965 368.3489885197445 296.4657506043437 1.5033401 1.6349018 4.128237 -6.0487185 1.7477278 11.092603 0.035841078 45.377321488343696 
Car -1 -1 0 633.3374291567976 178.87513005228135 671.1964799092904 206.857909847854 1.5319011 1.6365988 4.086416 2.4650846 1.9042908 42.516357 1.4804318 11.606017383253798 
Car -1 -1 0 724.3979977540068 182.57004677574662 861.1377946767511 230.36205304854425 1.5026476 1.636222 4.1154976 6.0576353 1.8405263 24.09215 -0.0899105 10.875580864431113 
Car -1 -1 0 333.1498069905186 177.55330003457019 471.4179564718478 228.36119125325024 1.5506301 1.6429753 3.9645047 -6.5411143 1.7065692 23.063417 -0.029567787 19.925723968604654 
Car -1 -1 0 275.2613474913517 181.20143564879547 450.8498804822612 244.49876673249082 1.5188102 1.6231813 3.9609303 -6.2710915 1.7452679 18.575645 0.09667903 8.973089795965876 
Car -1 -1 0 771.1400203050309 181.01296918758334 866.2282189250005 245.56786308648324 1.509567 1.6161654 3.8700807 5.4774733 1.7506926 19.348003 1.6249266 15.63397558707344 
Car -1 -1 0 111.1015433447641 180.48673830744698 364.9005642308387 267.37393963716886 1.5225132 1.627429 3.9528198 -6.873761 1.6757097 13.63693 -0.015907235 17.231872992038408 
Car -1 -1 0 360.0554184547962 173.00269411990027 486.10918736091907 217.9267676452216 1.5370438 1.6398677 4.02624 -6.562604 1.5425184 25.629547 0.058621984 12.119191451939047 
Car -1 -1 0 450.35035286269607 177.5615697985891 534.9065291374062 208.44752590587382 1.5319544 1.650155 4.0429115 -5.93414 1.7783146 36.904694 0.015050891 2.2658102099253474 
Car -1 -1 0 467.13526374367024 179.38116595669356 546.4122743275124 208.34243785036188 1.5284284 1.6333358 4.039901 -5.5851974 1.8941032 39.466652 0.07025412 3.249649862048289 
Car -1 -1 0 694.657375253915 149.16133629942635 743.2506969668502 172.03951034078614 1.51806 1.621863 3.9381862 7.5520525 -0.059021592 50.157074 1.2106013 0.49360978603363037 
Car -1 -1 0 712.0113327443961 172.2008453266611 763.7083389654429 211.0281066391952 1.5216575 1.6143591 3.8205676 5.303351 1.4960599 30.215511 1.6068399 0.7952728786635604 
Car -1 -1 0 759.0774273422245 176.3248595614831 904.5449201852358 229.96983543896715 1.5190654 1.6183329 3.8479125 6.614084 1.6283545 21.64518 -0.14259094 0.33410814933215816 
Car -1 -1 0 538.1588031323382 174.3665553915486 558.56642730467 190.06094343942277 1.5134027 1.6063306 3.8856165 -6.1345196 1.6687367 72.037285 1.3742843 0.7563313147843038 

