Car -1 -1 0 788.0606103684986 185.6386236355275 1057.5991221941447 279.7082327172431 1.5043329 1.6316161 4.022237 5.350559 1.7439405 12.649496 -0.028841263 47.06504709118192 
Car -1 -1 0 873.7053063697639 187.2347065892407 1242.0 312.1658111768475 1.4940469 1.6286829 4.0565343 5.8684716 1.7037554 9.673089 -0.017062172 54.84415452956132 
Car -1 -1 0 0.0 167.05957442520443 305.5794496055101 275.26657675024416 1.5234915 1.6278956 3.9960291 -6.977134 1.4419093 11.004324 -0.015840333 53.66604995618297 
Car -1 -1 0 630.9961550407783 179.031765992736 684.7391444131487 221.49631386076476 1.5001159 1.619441 3.9508355 1.8090882 1.7579165 28.093098 1.5157559 37.591786897428925 
Car -1 -1 0 352.1164642487277 178.38104088706453 482.5858545398499 224.74168408119607 1.509142 1.6239175 4.0246077 -6.5683465 1.7076986 24.833899 0.14118762 12.989982542972948 
Car -1 -1 0 309.16191670280944 180.0436903077682 454.60148633967157 232.20401760116832 1.5358154 1.6407164 3.9803932 -6.954501 1.7663513 22.305046 -0.005317471 16.524994107135203 
Car -1 -1 0 750.3689042643285 178.38091586082749 970.4104823783888 259.19447261488085 1.5564525 1.63841 3.9903579 5.1008153 1.6784155 14.974296 -0.06546078 11.00367167864713 
Car -1 -1 0 309.94156412893847 154.95077288630665 388.12509849041874 180.50741869247358 1.5048685 1.6477476 4.164991 -15.722315 0.45066097 43.618202 0.1528966 0.4352073073387146 
Car -1 -1 0 612.5723377372444 171.3766240071627 640.3621912705091 195.90618590255806 1.5679319 1.6118901 3.9825082 1.0903759 1.4734976 48.14125 1.5327182 0.7067074438152126 
Car -1 -1 0 750.2659346135969 170.74990473826347 794.435425087996 196.706889653521 1.5531311 1.619767 3.9292004 10.13819 1.4272327 45.192883 1.4957162 0.6093727978879777 
Car -1 -1 0 419.9426977836585 169.467577563262 509.67226441739547 200.95535224994217 1.5230591 1.6428437 4.0846725 -7.1503773 1.3592582 35.85458 0.065785505 0.28678566217422485 
Car -1 -1 0 444.41144107777114 178.11932765604695 524.8303259537693 207.99470215037397 1.5678234 1.6390877 4.012518 -6.804683 1.8641511 39.44189 0.18006784 0.26602938771247864 
Car -1 -1 0 466.9747871691267 183.40238363324855 519.3731938118339 210.36269627623065 1.5580697 1.6328521 3.9781375 -7.2827854 2.2548754 45.519707 1.8830252 0.262912392616272 

