Car -1 -1 0 622.7906332260542 179.87614897739968 703.2552369184436 239.67007683313443 1.5512273 1.6195443 3.760444 1.4692467 1.7762525 21.15162 1.4393978 74.46950598359692 
Car -1 -1 0 343.5122696922936 182.4704655487159 464.2936125718339 224.3939199131817 1.5105264 1.6385016 4.089031 -7.7207437 1.8863963 27.305431 0.03816077 5.145624643532819 
Car -1 -1 0 409.50733579581487 173.20379132617336 449.73683471189446 204.33628887597945 1.5463138 1.616718 3.7170181 -9.379 1.5655943 37.826668 1.4453427 2.5110819734888774 
Car -1 -1 0 317.31026862345834 177.15126222580642 401.7501414388196 234.18540040845406 1.5640504 1.6187866 3.8489895 -7.536969 1.7075104 22.087994 1.463906 1.720842431563038 
Car -1 -1 0 360.2313307923416 171.6425848281276 446.76781700582933 235.41121789314474 1.6439965 1.6504369 4.0986953 -5.789543 1.6127653 20.716747 1.4810834 1.3346053657383965 
Car -1 -1 0 278.79115164891886 160.20108241889352 381.0102490466437 197.4475028241578 1.6152109 1.664242 3.9253376 -12.415068 1.0665102 32.197586 -0.038847055 0.3823378086090088 
Car -1 -1 0 0.0 148.521257488715 115.84804020824988 201.22400918535544 1.6058016 1.6362767 4.0103827 -18.511051 0.86440647 24.055202 1.4807315 0.6534009552307628 
Car -1 -1 0 414.3278887908045 167.26866290689705 487.3327964035833 194.73644540127754 1.5375795 1.6365819 3.9607837 -9.064179 1.2249258 41.446125 -0.12359974 0.2994092132594449 
Car -1 -1 0 560.4790566631543 176.6786585722929 594.500639973788 196.82549250162947 1.5590265 1.6273996 3.8955135 -2.647113 1.8816034 58.745735 1.2073102 0.2859880030155182 
Car -1 -1 0 289.0736064217428 171.25432919635017 438.6878851704697 263.49029073905126 1.5965313 1.6339923 4.0011263 -4.727172 1.5688422 14.491845 1.573297 0.2652549743652344 

