Car -1 -1 0 179.7388967243765 191.89566588893356 315.3428606668353 259.0236459122581 1.5155437 1.6265419 3.9839492 -9.558093 2.0808353 19.422071 1.5786345 61.99737674592849 
Car -1 -1 0 263.90442588945996 186.87923688362366 345.9683544851683 229.5673054205315 1.5219682 1.6226225 3.9025345 -12.119614 2.1231117 28.968815 1.5784547 17.9720721478891 
Car -1 -1 0 468.9373409681644 182.93165510872728 490.0034260559916 202.66872192908542 1.4896877 1.6252753 4.032151 -10.560669 2.3398194 58.746445 1.4080125 4.92361097318479 
Car -1 -1 0 122.16585153980093 147.6494017153136 234.38903009819066 194.63103232312406 1.5460851 1.6337717 3.9838142 -15.230091 0.71664476 25.739616 1.5669382 2.229182121409357 
Car -1 -1 0 600.1274613737263 178.16225357429042 628.3452728209654 204.37987091802293 1.5830522 1.6245856 3.9356756 0.26284477 1.938961 46.377583 1.5287237 0.8673296276438203 
Car -1 -1 0 402.4909726092358 177.89464451488453 476.2096479110679 226.2042233150391 1.490571 1.612913 3.83219 -5.7004733 1.6756828 24.580252 1.5691803 1.225471955470133 
Car -1 -1 0 250.62889293562813 174.61012000257446 388.35588234823126 253.13311651808036 1.5177183 1.6122904 3.886147 -6.246212 1.56147 16.005302 1.5345336 0.7284266313512805 
Car -1 -1 0 669.631868162503 185.53312743726087 723.5048473832957 212.5878594636451 1.5204823 1.6205379 3.9359474 5.4166775 2.3400745 44.56751 2.1887574 0.46928083896636963 
Car -1 -1 0 638.3361973001755 150.9626980605162 654.0671513294399 165.26506264483234 1.5303268 1.6155579 3.7593262 4.09771 -0.87279034 81.09476 1.5812242 0.4528069496154785 
Car -1 -1 0 0.0 186.67340323681063 134.79261790115436 252.70170164922735 1.5186734 1.6185434 3.8802247 -14.820193 1.9264576 19.349749 1.5724635 0.5482686158643505 
Car -1 -1 0 692.4490772407097 164.3878862176181 781.2838393055166 198.05856696496917 1.5308127 1.6273785 3.938272 6.0454655 1.1459069 34.222977 0.33685255 0.4895216890383514 
Car -1 -1 0 454.70807258219014 176.26221285259612 497.1801781435109 214.97437400594018 1.5272729 1.6240294 3.9418988 -5.78052 1.683347 30.939075 1.3450115 0.2812882363796234 
Car -1 -1 0 737.9853073144806 168.31471456531239 767.7693995307211 190.34786913619942 1.4982084 1.6198975 4.0117354 10.112836 1.1895462 51.127842 1.651737 0.25003787875175476 

