Car -1 -1 0 805.9498004693966 180.25125170884596 924.2208151231837 263.821744420841 1.5072328 1.6079214 3.7423189 5.542932 1.6855769 15.382793 2.1284251 62.24540217126517 
Car -1 -1 0 604.5589376340318 179.27434777501253 826.0988970069078 323.31774456380464 1.5062953 1.6127323 3.8580031 1.6262236 1.6118882 9.798267 2.112539 110.00052778035545 
Car -1 -1 0 221.05835858540138 175.54172828956717 677.4227000114528 375.0 1.5208185 1.6101865 3.759056 -0.99271977 1.5511751 6.128929 2.129454 79.85549263614196 
Car -1 -1 0 1118.9081835617087 191.75282151320118 1223.2550346284413 261.24317925146875 1.5440726 1.6051714 3.3029974 14.549206 2.0862775 18.865757 2.0579967 13.94961211810118 
Car -1 -1 0 961.7556205834192 180.89009853807545 1005.5042705407124 218.7790266623693 1.5134923 1.6202551 3.8847535 16.514797 1.8910329 31.804348 2.066444 7.065080156954133 
Car -1 -1 0 832.9942877519269 168.10057066346658 926.15028824406 208.9749346337764 1.5133443 1.6318536 4.0374537 10.677798 1.3373518 28.849594 1.3839163 3.5245363269109693 
Car -1 -1 0 1105.1149871049681 185.1384622455204 1145.8833226449185 209.51945320165675 1.5180393 1.6306812 3.951312 35.12603 2.3921356 49.207745 2.0254304 1.4456492796982199 
Car -1 -1 0 991.2021111112914 181.72300575875602 1033.056339970019 214.12591619357949 1.568524 1.6265682 3.8255858 21.220804 2.0629067 38.142677 1.9983331 1.7404224748399684 
Car -1 -1 0 1023.2938945647023 181.38217534556475 1059.9601176459105 198.85348073794802 1.5398924 1.6134868 3.8985832 40.457844 2.3637326 67.65023 1.7287052 0.3836970627307892 

