Car -1 -1 0 662.1799127050575 178.62841422437668 760.8585580446739 249.36660691896665 1.4804904 1.6157233 3.925733 2.3331199 1.636091 17.435907 1.5118377 64.84884646788807 
Car -1 -1 0 180.51441529175077 186.0848938405333 414.0352243954694 268.16986868343554 1.4967663 1.6230757 3.9774716 -6.1258764 1.7782571 14.406128 0.067995995 35.30893436870691 
Car -1 -1 0 51.63228705756049 184.45605090713136 352.61331108089536 284.0581593955957 1.4973372 1.6323404 4.025271 -6.5291834 1.7015069 11.868745 -0.0062222383 40.9730036801917 
Car -1 -1 0 260.01243951350733 183.03582075709542 427.8426263881675 242.1467691174604 1.5072516 1.6236361 3.956984 -7.128563 1.7963164 19.594753 0.039808102 25.580491774739343 
Car -1 -1 0 634.0651425973185 174.66002081499877 682.8731926628726 211.51471814598565 1.5524244 1.6319515 4.0039263 2.1483266 1.6393213 32.65607 1.4906358 10.541839150375335 
Car -1 -1 0 421.94381070661547 176.18562908657847 507.5964155119347 207.82616460719643 1.516884 1.6273909 4.000862 -7.120062 1.6865422 35.76981 -0.08129443 5.35776073146065 
Car -1 -1 0 447.224597012469 179.02515901211862 498.66391162887214 219.50532702060815 1.5159312 1.6267143 4.0630174 -5.556804 1.7881286 29.740938 1.4989501 3.986907277996859 
Car -1 -1 0 501.58170800647497 178.53997941600676 530.6235282254357 204.3870186971856 1.4911361 1.6100738 3.8395336 -5.8054223 1.8581913 44.54879 1.3977687 0.78617087849142 
Car -1 -1 0 631.419142046056 174.2755524338696 673.9548994884445 206.05636253971144 1.5272837 1.6148825 3.9532938 2.1493225 1.6039908 36.89576 1.4849453 0.9241585693283022 
Car -1 -1 0 361.3169104502557 173.52478808903294 486.7404827204674 220.35407178145226 1.5934429 1.6556805 3.9820287 -6.51905 1.6181428 25.574392 0.08527194 1.9080264647483984 
Car -1 -1 0 41.575779215957 164.7206202006661 125.04917956178124 205.33219780284355 1.5258429 1.6180763 3.8821087 -21.179947 1.2202585 29.20615 1.2521031 0.32212311029434204 
Car -1 -1 0 180.68454328202972 152.64300704341417 256.8860307653486 196.40574462350767 1.5792019 1.6460371 3.942359 -15.229652 0.84987724 28.035763 0.8146359 0.3509492576122284 
Car -1 -1 0 501.4184793263497 163.4947451417289 520.1927041221197 180.6965859788001 1.525706 1.6261582 3.9064968 -9.010882 0.6955927 66.030815 1.4543312 0.2849598526954651 
Car -1 -1 0 505.2940468767709 180.13642407332455 537.5858595410486 204.12845457632278 1.5299416 1.6150931 3.8417797 -6.061651 2.048763 49.335922 1.293459 0.26995477080345154 

