Car -1 -1 0 300.9331668029596 186.6474722286596 399.5824276312384 242.71445115159185 1.4986033 1.6130025 3.813551 -7.4576654 1.5447237 21.234077 1.5517838 74.61988982419017 
Car -1 -1 0 395.33874774346594 182.6773852528393 454.58576387891 219.9667384100078 1.4983611 1.6119939 3.6916108 -7.715001 1.3963666 30.734476 1.5663168 19.533238764401634 
Car -1 -1 0 424.6636455836212 183.94571090045457 516.3716109517901 252.81605181818628 1.5308218 1.6193612 3.818221 -3.2809062 1.502593 17.901373 1.5533632 54.077397991224395 
Car -1 -1 0 581.6234567538871 180.76966028372073 617.2135964384827 213.2754297186165 1.5097322 1.5955338 3.2918327 -0.41893488 1.3032358 35.073933 1.516726 11.09028646881778 
Car -1 -1 0 57.79403915642484 188.73312113794697 214.7567781312905 254.2497597942542 1.5187114 1.6213114 3.9236233 -12.137396 1.6206822 18.858023 1.5454102 10.127762774856183 
Car -1 -1 0 0.0 186.09083455570055 185.082256551275 321.0545695509731 1.4885643 1.6107453 3.8690157 -7.5108366 1.5032415 10.00568 1.3836772 11.274527285373376 
Car -1 -1 0 267.41186456106215 186.3109790256048 346.14643345996785 225.219896368458 1.5064089 1.6184964 3.9352171 -12.393351 1.5549891 29.913298 1.574882 9.805481978195445 
Car -1 -1 0 469.74380749171587 179.61698365920515 500.6850714570917 202.2083706179274 1.4855542 1.5969646 3.7387052 -8.301706 1.1173965 49.1648 1.5379193 3.1688979606472283 
Car -1 -1 0 480.5031036650544 186.0312390534012 533.87570968798 220.68352095488945 1.4944606 1.6121703 3.8283634 -4.5328803 1.5342265 33.073517 1.6594999 1.019656960897257 
Car -1 -1 0 431.81607273973344 176.96356638249352 478.5431393638247 205.949585877566 1.5256821 1.6244471 4.0337896 -8.368231 1.0913303 39.87848 1.6022217 1.3168351581619824 
Car -1 -1 0 505.02244542659224 184.8905771635992 576.0596941364083 252.5551060459916 1.5486872 1.6243849 3.895674 -1.6226109 1.5412459 18.438251 1.5218087 0.3591680353029041 
Car -1 -1 0 524.7838784348862 177.87306435315023 553.4509766226151 202.35548916935332 1.5910352 1.6230638 3.6917243 -4.562605 1.1138607 48.57012 1.5607195 0.512978025078878 
Car -1 -1 0 616.6604473509079 194.59144856040615 673.3550664080111 233.9607633218083 1.5338126 1.6232371 4.040342 1.7095034 1.9689637 31.200325 1.8409771 0.3270683288574219 
Car -1 -1 0 648.2306844183981 178.2916906892369 701.0543975972795 227.89192137816806 1.5305762 1.6294127 3.907148 2.2945132 1.3169135 24.211905 1.6775609 0.2949562966823578 
Car -1 -1 0 711.6893945093786 142.62199719306355 772.1375291796213 178.2014214836747 1.4895077 1.600258 3.8086157 6.0863466 -0.34024513 32.875374 1.4360317 0.29492366313934326 

