Car -1 -1 0 195.16335002589506 180.72939021718688 423.60269528318025 261.24933830615845 1.5313843 1.6307147 3.9803483 -5.9904366 1.7010559 14.715136 -0.007398422 39.13749616831863 
Car -1 -1 0 111.9740761739521 184.81517217031052 392.91489782579765 281.44793614459627 1.5056529 1.6364375 4.0743966 -6.0276732 1.7278596 12.442391 0.071600184 32.40133134094241 
Car -1 -1 0 697.8494179052004 186.49900952784586 820.4765446722282 271.74524873892454 1.4965926 1.6121641 3.7571082 2.9970562 1.8204668 15.204424 1.5132618 69.65470074207559 
Car -1 -1 0 766.8715446653493 187.22244896384726 911.1563063079353 239.31076170095304 1.5206788 1.6414564 3.9694204 7.0398855 1.9842095 22.410053 0.023425547 19.784456274026343 
Car -1 -1 0 0.0 179.82343985719308 319.72108410119563 301.53603445293356 1.5289273 1.6306729 3.9960637 -6.3418207 1.633616 9.999102 -0.011969931 23.469568626701502 
Car -1 -1 0 302.24661731673854 177.25889760190267 465.83694855189697 238.19683438977438 1.5821764 1.6425438 3.9971366 -6.0797234 1.7085686 19.785044 -0.049139388 9.711861307595099 
Car -1 -1 0 693.1498833203577 181.97418411128484 790.0685396307965 216.97725416924453 1.5225055 1.6486049 4.0625978 5.953827 1.948777 32.796066 -0.051688276 11.078525746230142 
Car -1 -1 0 462.57263786155266 178.1731008117736 541.056518675107 208.7886429058102 1.5873008 1.6578592 3.9653645 -5.712535 1.8779707 38.568794 -0.016079547 5.360028107773685 
Car -1 -1 0 487.95093977434794 177.20416485371112 554.6818287424991 204.40627043871933 1.5994252 1.6388215 3.942003 -5.3143063 1.8690931 43.7354 -0.08984491 4.533342295535598 
Car -1 -1 0 733.6629545345186 177.6188080183156 858.921333452133 223.67828175900826 1.5193421 1.6323388 4.0141134 6.391344 1.6914864 25.040741 0.10770558 4.415509318608124 
Car -1 -1 0 775.4391869821208 157.36452757468635 807.9949883188171 186.48245490729505 1.5123763 1.616607 3.817978 10.017032 0.7078576 39.53373 1.8478473 0.641147255897522 
Car -1 -1 0 372.7523927490583 154.7607096014877 479.7311965400383 194.5648807645963 1.5553601 1.6466309 3.9214916 -7.3242307 0.8483591 29.089321 -0.036861375 1.9420985016327956 
Car -1 -1 0 685.7485440206067 182.3067686631921 722.6074334875773 206.83396257470744 1.4924872 1.609424 3.7378397 6.161416 2.1379514 47.33328 1.4778163 0.53687584400177 
Car -1 -1 0 427.9486696740554 176.24094356830187 505.91227259453103 214.13691799514493 1.5442883 1.6145196 3.918281 -6.329604 1.7027981 31.764746 0.84826624 0.7012049453589753 
Car -1 -1 0 826.0354142513356 119.97774948359255 1153.935324144838 253.51422855962446 1.5274594 1.6054604 3.8665628 5.02076 0.9226334 9.601406 -0.30615535 0.4273609220981598 
Car -1 -1 0 446.7953013833697 192.690477159464 514.3948416417874 251.038057860377 1.6100774 1.6428053 4.011475 -4.285198 2.3166847 23.541174 1.2580338 0.26644769310951233 
Car -1 -1 0 248.8077415736301 167.02392800968036 317.703531666254 202.15951756818603 1.559308 1.6113931 3.7042232 -15.235846 1.3005708 33.887142 1.5538592 0.25357168912887573 

