Car -1 -1 0 736.5688221474231 180.15496363836635 964.4551599939447 325.98839146706825 1.5026524 1.6155491 3.8856897 2.9048703 1.619764 9.602936 1.534414 98.46016379091336 
Car -1 -1 0 644.617892266591 178.87371088330764 742.9549548381383 245.1124188661554 1.5035508 1.6078111 3.6911883 2.0642986 1.6756138 18.677895 1.4188268 64.44765364739717 
Car -1 -1 0 368.7254378581751 183.04297276120653 431.7348848567809 241.65081253717477 1.4956194 1.6236944 3.9315162 -6.113141 1.8255388 21.254797 1.3099604 38.10510571505896 
Car -1 -1 0 390.437090798646 185.5283790140086 444.8872881014268 232.4001853508244 1.4979677 1.6131859 3.8768811 -6.896323 1.9946164 26.221483 1.389375 7.037820831949913 
Car -1 -1 0 599.8723478804906 174.97098542639287 671.7185085738473 223.4777940191051 1.5651255 1.620915 3.8933249 0.84254867 1.6461401 25.537407 1.3549373 27.10740411264127 
Car -1 -1 0 560.9439835354283 179.44515774989685 600.6394715613136 211.17751866346867 1.5300715 1.6041194 3.4149847 -1.5322907 1.8880806 37.3697 1.394331 22.187036434790397 
Car -1 -1 0 535.3728430830462 178.90304381306004 566.2240732512583 204.2765295962002 1.5693018 1.6250017 3.792825 -3.9132223 1.985283 47.602867 1.3803394 8.908857985780081 
Car -1 -1 0 520.216860075216 178.16820809910394 541.8638181535989 196.5811745389861 1.5228314 1.6106058 3.7213855 -6.858103 1.9998237 62.78897 1.390806 2.1599884900716835 
Car -1 -1 0 419.69079432173567 180.42883088490711 521.432364022611 231.49158780569422 1.5611776 1.6151668 3.6503127 -4.653803 1.8408898 24.648058 1.9894117 0.34981506707005106 

