Car -1 -1 0 273.2973600711593 190.84371115691056 410.99972612905293 273.9778379512707 1.5243695 1.6213027 3.8803582 -5.7488265 1.971971 16.011477 1.5696718 87.88634002287876 
Car -1 -1 0 750.8352121275867 177.6620151218155 968.1201767684107 316.0240339997016 1.5033699 1.6122322 3.728065 3.133647 1.5815339 9.850279 1.5507959 60.575206236376474 
Car -1 -1 0 366.75686616142775 188.4006043251067 455.74203039419604 247.49875257391736 1.4956939 1.6144676 3.8702676 -5.716175 1.995225 21.23515 1.5536004 51.638022859447005 
Car -1 -1 0 704.1086346778453 178.26866096422555 837.6791404111965 263.17621250040946 1.5204209 1.608019 3.7240276 3.214809 1.648342 15.107032 1.460373 49.84973144403017 
Car -1 -1 0 689.673989308175 178.07737567854576 769.2292776321164 236.65493400322808 1.4960821 1.6163391 3.915062 3.338535 1.6604264 20.740015 1.5653359 8.880970711274571 
Car -1 -1 0 37.830350096714085 199.72876080618573 170.6730460694978 258.42156325276386 1.4853966 1.6101192 3.926855 -15.325434 2.3860424 22.150341 1.4767734 1.9766166053164458 
Car -1 -1 0 732.0118591246459 150.50822572942948 856.9081129231072 197.65636422162308 1.5688702 1.6285498 3.8698516 6.3226156 0.8253069 24.91595 -0.048191354 0.5772639513015747 
Car -1 -1 0 346.7561557687896 187.3131291132055 376.7079610905041 208.6739863915748 1.4973183 1.6014135 3.8753405 -19.087227 2.6511428 55.490585 1.0854912 0.6356341469245068 
Car -1 -1 0 361.343213835572 160.88912015825053 412.669263765384 177.92282873005598 1.4788089 1.6172239 4.0565357 -19.576927 0.4400582 63.57823 -0.06404768 0.38249218463897705 
Car -1 -1 0 374.84734809508177 178.18520604412973 447.5738026057918 203.01068530760116 1.5174091 1.648945 4.1117606 -12.499437 1.8618283 45.580593 0.10425077 0.3176814019680023 
Car -1 -1 0 845.9067551215139 165.8736476674434 938.147672820636 196.79813426772498 1.5213336 1.633083 4.0488477 14.22189 1.1779342 36.49091 0.08978989 0.2642774283885956 
Car -1 -1 0 691.9429465992016 154.09438907853414 722.3395296753446 172.87214425497518 1.478339 1.6141045 3.8114276 7.911505 0.0014281571 58.781895 1.4711857 0.26380661129951477 

