Car -1 -1 0 385.93408538436483 185.9175638778848 469.80887354350426 239.8907630961086 1.4977227 1.6200923 3.9109523 -5.665001 1.9488142 22.945383 1.5887241 54.955299137694524 
Car -1 -1 0 305.54198650988775 188.44896575195315 436.26162863299817 262.57860994982434 1.4979668 1.6236933 4.016217 -5.6122327 1.920692 17.501997 1.6354748 49.006093595253546 
Car -1 -1 0 429.53838187129423 183.91042000426202 495.0386078446349 227.8239878170758 1.5070295 1.6197631 3.9310365 -5.5755887 1.9626838 27.74904 1.597963 15.680437937012718 
Car -1 -1 0 494.398668174066 180.6406347395402 538.5521566905834 209.13751673082075 1.4973862 1.6161023 3.8628557 -5.236159 1.9617695 41.0217 1.6829846 5.201728046696264 
Car -1 -1 0 464.9070203777999 181.94664941056905 513.5689460563223 217.1686991663208 1.4924661 1.622743 4.0110407 -5.538991 1.9415078 33.62257 1.5643821 9.537429132707592 
Car -1 -1 0 730.0141757099292 164.38700389105801 773.6423106571011 194.45571266788767 1.5085261 1.6189296 3.957889 7.471107 1.0837426 38.197193 1.5952568 3.328049994748668 
Car -1 -1 0 649.731753566198 173.3114322236756 696.5872016462729 205.95562194495741 1.5183572 1.6167548 3.92202 3.0812073 1.5422423 35.646584 1.4750406 1.443197050352234 
Car -1 -1 0 786.5400461428752 158.48168321330206 897.8448244389399 197.16180535354857 1.537663 1.6396002 4.029864 9.500432 0.9663156 29.631336 -0.06442511 1.7157029380776496 
Car -1 -1 0 761.5273978794521 162.04048852004152 852.2375418474385 194.69115794571564 1.5150915 1.6318135 4.005096 9.381668 1.0133111 34.55113 0.13049857 1.8737779096644878 
Car -1 -1 0 1038.375846132325 139.63583672459316 1113.687746006371 172.76697484499266 1.5220902 1.6202598 3.9598858 22.674566 -0.0045017004 35.240963 1.7264326 0.8838702763802035 
Car -1 -1 0 926.3563919458595 149.73055579497608 1010.5593960238871 178.29578550867717 1.5425446 1.6264131 3.84367 19.758474 0.29386044 39.81389 -0.019377012 0.42821547389030457 
Car -1 -1 0 1114.3182382806194 136.80103559248147 1241.040366216465 177.4231793220186 1.5645046 1.6293869 3.9626079 22.629663 0.17597535 28.807774 -0.10547943 1.2589329606156447 
Car -1 -1 0 746.7198029760746 148.51230823528152 785.808632628886 174.75438935863403 1.5035617 1.6225293 4.010094 9.365374 0.108884156 43.376072 1.609548 0.3168667256832123 

