Car -1 -1 0 559.6903507385398 168.97811095466483 587.22590635595 194.97314387531912 1.5498012 1.6297853 3.9278574 -1.6418145 0.80252934 44.802734 1.555425 8.543601126074629 
Car -1 -1 0 768.1826478869363 185.81409002260608 1218.3260461646566 362.61718296147717 1.5146239 1.6118852 3.8199856 3.8203754 1.5686147 7.618615 0.340062 1.6354552362398134 
Car -1 -1 0 627.2022705359379 180.3335561958088 900.7055849480445 314.0663706392582 1.5053673 1.6087673 3.8110416 2.069951 1.4920998 10.139331 1.0509636 3.3248690232328264 
Car -1 -1 0 687.695593589512 161.1623077122931 809.677510296739 244.25895550272674 1.5592823 1.6158369 3.909305 3.0337138 1.1774229 15.477983 1.5121405 3.072798001483591 
Car -1 -1 0 745.7781716291087 171.6353831205761 815.8916874207586 212.48542367545366 1.4746366 1.6239679 3.9253488 6.9189653 1.1180953 27.919514 1.5376644 0.8200307612915706 
Car -1 -1 0 612.8844757606756 168.35498020981507 678.3051516122288 215.9180199853948 1.5476408 1.6145569 3.8104258 1.5149246 1.1195214 25.365986 1.4435132 2.1155347007282557 
Car -1 -1 0 69.33350624087748 169.61253411082575 495.19365303600415 340.8123178153854 1.5675268 1.630543 3.858965 -3.0951068 1.4585719 7.7015343 -0.16683611 0.6626066266799973 
Car -1 -1 0 357.4815760451878 169.6995455425536 425.10506839342327 209.60922217025922 1.5848339 1.6220335 3.8761609 -8.785736 1.115747 30.491331 1.6066062 0.3148764669895172 
Car -1 -1 0 1001.5340826458631 168.40303459114452 1242.0 354.4291457486564 1.6319923 1.6509895 4.079289 6.4432487 1.5169866 8.434379 1.7063338 0.2966461479663849 
Car -1 -1 0 549.0642945629218 167.66237305454788 678.8102387619942 237.72358926276962 1.532207 1.6241277 3.7814908 0.4486381 1.2293174 17.756962 2.0773292 0.29008764028549194 

