Car -1 -1 0 562.5678480627007 180.27301690718622 618.6241685454 233.40935489716026 1.5258541 1.6104568 3.481773 -0.46454692 1.3839209 22.389126 1.5779192 37.78990737115333 
Car -1 -1 0 93.5436521367055 185.45136400149065 293.1046218117933 280.72548757301485 1.5624597 1.6225295 3.7930484 -7.621854 1.5675719 13.696057 1.5693426 25.35452227182116 
Car -1 -1 0 20.16489966377346 194.79755823954028 415.95815905499273 375.0 1.4885235 1.6125257 3.8412032 -3.1131015 1.6038194 6.7260904 1.5746651 53.67072568340978 
Car -1 -1 0 492.06372893191514 180.20297081031632 540.8022532759178 225.23411771782906 1.5454943 1.632407 4.03327 -3.3068345 1.3734547 26.749445 1.4869566 30.918757271060944 
Car -1 -1 0 377.5764591247061 181.68296919442892 511.45634584317605 271.6578401332436 1.5493455 1.6246431 3.859489 -3.0710833 1.4885128 14.347 1.6215547 53.0481551076531 
Car -1 -1 0 298.40231464506485 183.44944832291964 364.3036460164368 219.07873283709645 1.5304667 1.6188729 3.6397552 -12.465255 1.4545969 32.70319 1.5650328 26.64596761836155 
Car -1 -1 0 343.67327452196224 180.77874452109188 426.5035946083543 228.236895904675 1.5671141 1.6329032 3.9440968 -7.8395596 1.4206016 25.735674 1.6043818 21.779168220887886 
Car -1 -1 0 679.2571746720209 190.16617964973537 719.5903761697995 222.05902913588687 1.4999111 1.6174458 3.9115856 4.6138563 1.7641103 36.392014 1.591583 0.6631887555122375 
Car -1 -1 0 459.65660354018905 179.15877111658654 516.7970052461183 200.59257527298564 1.5197097 1.6408916 4.019883 -8.577915 1.0902586 52.049496 -0.13357985 0.4845305462471846 

