Car -1 -1 0 303.6765215965592 185.66275496341285 449.486579255521 274.8228000936364 1.5111394 1.6155751 3.8051968 -4.3347864 1.5211027 14.111727 1.5787569 92.69130929981637 
Car -1 -1 0 0.0 188.29143344225577 212.6610015392866 300.6313002263623 1.5148251 1.6216805 3.9008582 -8.285717 1.5737225 11.783598 1.5300981 53.032122937916455 
Car -1 -1 0 422.46138039375995 180.7327953464291 493.11640760941395 230.14521045255447 1.5090193 1.6205977 3.875562 -4.872875 1.3721147 23.908 1.549417 44.12846240165293 
Car -1 -1 0 577.1901429703827 177.69891049484573 609.266161696911 208.19532215561128 1.5261843 1.6052849 3.4419067 -0.7082898 1.1500088 37.70028 1.565308 17.407647322387646 
Car -1 -1 0 278.5592630646735 180.11416731181535 377.69356508038607 235.40407435639042 1.5663307 1.6377685 3.991493 -8.550382 1.4218073 22.38382 1.5412726 25.673218114121607 
Car -1 -1 0 480.14566583983407 179.8091270424107 523.6201250875555 214.65273033001435 1.5247316 1.6167445 3.7540112 -4.8302402 1.2881439 33.365772 1.5290086 20.480823762708358 
Car -1 -1 0 70.8660764124799 171.91204955712652 219.10958938599052 236.6600490876898 1.5575571 1.6262857 3.892555 -12.190762 1.2375288 19.27846 1.5188262 14.702425830038914 
Car -1 -1 0 419.8258909543766 180.80408926306123 469.51391367677235 208.37916710827574 1.516685 1.6072333 3.7665255 -9.323356 1.2740376 41.508244 1.6974905 1.225848522850939 
Car -1 -1 0 465.02083696749145 176.73098506208015 493.47126780694543 198.34280480856245 1.522701 1.6186632 3.7498283 -9.318292 0.92489475 52.56723 1.5124904 0.5797354578971863 
Car -1 -1 0 364.7651196673728 180.6645414736516 423.0202302819284 220.11485404287555 1.5374277 1.6067065 3.8752947 -8.825814 1.3600634 30.017984 1.4787714 1.001252635344555 
Car -1 -1 0 163.29180782310897 184.86766157526446 248.7928060009293 224.45492526219675 1.495792 1.6098487 3.8422656 -16.148045 1.4826416 29.14883 1.4785883 0.5941870126133355 

