Car -1 -1 0 558.8221147805734 180.85459104424885 607.6604772906663 226.76127369624868 1.4990312 1.5959 3.2483945 -0.84237415 1.3566241 25.126131 1.5336719 30.231826680937665 
Car -1 -1 0 199.09638059805263 181.06692410845068 339.20308009428936 255.46218117517094 1.5583581 1.6294116 3.891409 -7.8188396 1.4714537 17.037088 1.5274156 74.34835550203363 
Car -1 -1 0 431.41379517799936 180.62174949654295 517.0429754800433 246.43168929424732 1.5486057 1.62827 3.954118 -3.379633 1.4405032 18.915493 1.5419176 69.9024073468213 
Car -1 -1 0 326.64599604958414 181.60538055660723 386.77024045630526 212.08747992912927 1.4832203 1.6233588 3.9928668 -12.807683 1.3075469 36.993515 1.594214 10.781619412789434 
Car -1 -1 0 365.39453550428 182.60555469745256 430.6304325748851 223.3854187623563 1.5322208 1.618788 3.7819095 -8.329404 1.43415 28.922615 1.5425558 48.270131625464 
Car -1 -1 0 172.99214179131363 185.28089430132553 280.29151679017207 234.58188096668266 1.5163693 1.6086433 3.6668613 -12.545549 1.518709 23.9558 1.5800569 13.555562224669096 
Car -1 -1 0 487.77972867333216 179.0741306554956 536.6068680238691 215.25574690147346 1.5347317 1.6164426 3.792074 -4.218919 1.2742221 32.40656 1.5943198 8.15055195362894 
Car -1 -1 0 378.9723231488646 183.82637707227417 439.44249600816 218.80206270732518 1.5485494 1.617116 3.883698 -9.230394 1.4870372 33.8047 1.6172897 1.5842327544322878 
Car -1 -1 0 520.4857457080279 158.8351829278895 550.1648410758371 184.4758742514136 1.562986 1.625521 3.8791058 -4.548006 -0.049257398 45.897095 1.5392041 1.8538980457617118 
Car -1 -1 0 275.9811083803941 180.46033154876955 346.65780404111104 217.03182011730465 1.495199 1.6109567 3.9396663 -12.822548 1.3007792 31.392998 1.5271707 0.6911203855863192 
Car -1 -1 0 601.1816909501802 185.70061408906255 772.5383209431712 338.5278483735412 1.5503454 1.627949 3.8400912 0.80144477 1.5579076 9.257593 1.5284061 0.4679166173089823 
Car -1 -1 0 603.5316274549665 177.45764279313866 677.9611612559647 242.36972803035573 1.5621482 1.6259109 3.9190512 0.80150586 1.375446 19.297287 1.520966 0.3158147931098938 
Car -1 -1 0 650.4401296319518 188.1160669521178 688.1867249924476 213.20827194109225 1.5080981 1.608058 3.9217467 3.9027405 1.70083 45.723145 1.4465077 0.49817612251151144 
Car -1 -1 0 0.0 207.3657879175575 141.86712760294137 270.5073048490538 1.556505 1.6232152 3.89218 -15.669601 2.2663245 21.06873 1.5433122 0.47714145309513356 
Car -1 -1 0 662.1986545381084 136.75442312698542 702.2812013847004 163.2677449290176 1.4924566 1.6128232 3.9489913 4.8591557 -1.4734223 46.12668 1.9301927 0.2640565037727356 

