Car -1 -1 0 448.0487677507779 178.5491584392249 515.0167066577932 224.1100996471241 1.5381858 1.6199887 3.795245 -4.666763 1.7649127 26.78482 1.6267473 37.97047912674906 
Car -1 -1 0 143.5895321416993 190.35241153882595 375.4085106548651 321.0224202226334 1.4914149 1.6177547 3.8953876 -4.887665 1.7991112 10.724427 1.5510685 107.35163149434484 
Car -1 -1 0 765.2392273989891 181.13572344322077 960.4472035006257 307.7465179463641 1.5187924 1.614688 3.8064466 3.537989 1.6648364 10.81457 1.5785038 48.94135792641139 
Car -1 -1 0 700.1172755162057 178.4125356934535 778.8617886193193 233.86220132103375 1.4966513 1.6112356 3.826688 3.8209553 1.6794131 21.793026 1.548566 33.29584402313496 
Car -1 -1 0 729.3617795661341 179.26188773257925 840.3523749293489 258.0097463925495 1.5262249 1.6155028 3.8165255 3.7920592 1.6872833 16.21602 1.5848292 32.11713334729734 
Car -1 -1 0 479.09077869574116 177.87129279728964 532.0889524055281 215.95877106927583 1.5189605 1.62003 3.92038 -4.436604 1.750285 31.282578 1.6016849 15.485809175731962 
Car -1 -1 0 690.1269323068321 177.1792563310656 751.6476016145856 222.28675909400323 1.5505054 1.6177009 3.8877156 4.1061244 1.7249951 27.143486 1.5439677 6.787723362896782 
Car -1 -1 0 948.2154714026591 168.26206640852675 1112.579096936781 225.78723315800335 1.5724934 1.6554451 4.0508533 12.169178 1.4469694 20.942932 -0.20304924 1.5881811896073514 
Car -1 -1 0 32.246432297539066 180.34211057933663 255.87023956704448 249.9913183636701 1.471475 1.6427814 4.1283836 -10.500192 1.6521869 16.43373 0.077767916 1.3773890217312852 
Car -1 -1 0 1069.3846628148845 158.87523107293512 1242.0 233.67593050851005 1.6099185 1.6341089 3.9329906 13.517429 1.3090565 17.610107 1.391649 6.236318179385091 
Car -1 -1 0 8.40975886299718 171.08566658992692 158.15596936386513 221.23599218577363 1.4966033 1.6258135 4.0120916 -16.60088 1.4438319 22.803833 0.24285534 3.730680633673125 
Car -1 -1 0 644.4214112973458 174.01596557847517 666.737604154963 190.92274366522926 1.498441 1.6156615 3.7822433 4.250761 1.6083276 66.23051 1.7509688 2.691269667555369 
Car -1 -1 0 1075.2910036430587 120.54370418970632 1242.0 182.55029421880724 1.5859823 1.6297469 3.914516 15.504076 0.24800824 20.51057 1.4241173 1.2455621658419098 
Car -1 -1 0 1023.0042782952206 156.74760315742648 1217.7312206173112 229.72436579279204 1.5399826 1.6144445 3.9352615 11.96958 1.2000993 17.26514 1.4698108 0.36354293230496126 
Car -1 -1 0 884.0246936611759 133.04522027192385 1005.4339315002053 173.8594452628837 1.489193 1.6191546 3.9856188 12.724914 0.036685646 27.474411 -0.17687383 0.7797702472125643 
Car -1 -1 0 822.3710046921608 166.01466249274637 916.8533269760762 209.21713336962338 1.6471992 1.6510732 3.9818344 10.575213 1.3864326 29.64988 1.2988287 0.33182936906814575 
Car -1 -1 0 284.5940377344932 184.41115558679033 371.0509302347639 241.16602512939437 1.6189395 1.6419181 4.0997963 -9.079584 2.0307534 23.580008 1.4560503 0.3157498240470886 
Car -1 -1 0 427.0967228014217 169.1209522666329 481.6356199755452 201.8417445206034 1.5478308 1.6321623 3.995423 -7.708745 1.3712418 36.18058 1.6391975 0.2827714681625366 
Car -1 -1 0 1078.206775952361 121.71952328013072 1232.3441730555107 175.54856740415485 1.5783509 1.6210217 3.9589612 17.37486 0.07900877 23.23276 1.425144 0.2738807201385498 

