Car -1 -1 0 675.669293963282 166.73731984359966 741.3781406316314 219.9334624442306 1.6587878 1.6419528 3.8690028 3.5747085 1.1980702 24.334332 1.5703598 24.137737029176417 
Car -1 -1 0 758.1331318793234 172.06094953411787 884.1998742319576 286.2077397576201 1.545105 1.6100206 3.576617 3.4084928 1.4171716 11.636172 1.7710457 10.254841576950508 
Car -1 -1 0 650.6272581325319 174.32926789349548 692.6880393386582 205.43669888264765 1.4970905 1.6158074 3.8768423 3.5692956 1.151401 36.538486 1.5330023 1.604027625372586 
Car -1 -1 0 689.9392433019226 170.34120222385104 1073.8216803607368 311.49027884155197 1.498775 1.6157799 3.9505982 3.104455 1.380157 8.553825 0.06072028 2.0945837696837586 
Car -1 -1 0 527.5421903295152 144.37067734623426 555.4102811164979 168.41823194318377 1.5674404 1.6174362 3.9181566 -4.2293587 -0.9700483 51.146538 1.3950864 0.5027967095375061 
Car -1 -1 0 515.0129001547381 173.7222471062916 620.3940033030435 216.98811152438174 1.6258403 1.6643897 3.905234 -1.228532 1.33311 28.017815 0.10070843 0.4428630769252777 
Car -1 -1 0 746.2476896660803 169.09062422086626 820.5443429214257 211.53936820640632 1.5241163 1.6231927 3.8853216 6.9834013 1.0781211 27.79148 1.4931568 1.009837007922417 
Car -1 -1 0 814.8368398949326 151.15702219329765 947.0231246358102 226.9872952378763 1.5312383 1.6127895 3.8959167 6.2536335 0.918277 16.477219 1.601641 0.31004226207733154 
Car -1 -1 0 0.0 185.60194283725153 485.97114399398134 375.0 1.522104 1.6311505 3.9527314 -3.0275633 1.5650358 6.414105 -0.16360174 0.2845732271671295 
Car -1 -1 0 785.8964994528308 149.70086460579617 863.7900837032133 199.19872482710912 1.5215048 1.6108491 3.683652 7.384967 0.5436623 23.960802 1.6211698 0.3611258617208977 
Car -1 -1 0 661.6207050714329 169.1357076054965 875.1858710889187 247.37071400426538 1.4867828 1.6186044 4.044519 3.2928646 1.251579 14.662203 0.101953685 0.4843023224877005 
Car -1 -1 0 1001.1327466025588 185.11979941013405 1242.0 334.01367093467115 1.4969167 1.6179298 3.9536834 6.9557843 1.5543444 9.378191 1.685929 0.27264973521232605 
Car -1 -1 0 565.0738414575443 178.05142694567004 606.3115590492914 200.63772814364515 1.5297513 1.6049683 3.6477716 -0.9961472 1.2953556 50.643833 1.9532471 0.26991140842437744 
Car -1 -1 0 654.0683963347253 171.83881989790547 834.1081678190841 237.79349618678043 1.5144348 1.6284434 4.009848 3.4561524 1.2923169 17.595772 -0.14830796 0.266078382730484 
Car -1 -1 0 740.4469873300757 161.39781084328305 812.3634891818069 212.0129863646153 1.5635526 1.6316609 3.9531908 5.830026 0.9421991 24.204248 1.6197791 0.26202455163002014 

