Car -1 -1 0 235.1955152504029 180.83704462236597 410.10515416049896 289.8782398343034 1.4934629 1.6130362 3.984006 -4.4226885 1.4999132 11.749173 1.4866202 13.232728801659421 
Car -1 -1 0 526.2546146965861 153.16076054575663 686.8345722866505 216.14047739500828 1.5666685 1.6548551 4.0206294 0.033874407 0.8864197 18.507952 -0.04628749 7.703573673798514 
Car -1 -1 0 609.2827438826916 121.05904218246421 816.8236856521113 201.6982415854494 1.5978929 1.675627 4.1328716 2.2503881 0.41991937 15.064075 0.10697268 2.5084334664424808 
Car -1 -1 0 875.5479254009035 175.2559262364283 1242.0 361.6389747274893 1.5732996 1.6288506 3.9141605 5.2606244 1.5289775 7.8155036 0.6636793 1.254789761404354 
Car -1 -1 0 775.1361013456188 178.36966607453098 1015.1750547359933 293.81358016918574 1.4916422 1.6096464 3.9948783 4.322991 1.464031 11.248242 1.3831569 1.2520100282931412 
Car -1 -1 0 784.6428064869095 183.7917949923093 1010.0210545341729 265.13576290907105 1.5493946 1.6444373 3.978797 5.8768787 1.6217151 14.556981 0.095449254 1.2119994929725937 
Car -1 -1 0 24.812783732593065 203.22889008869578 139.45302000390737 253.93929714534062 1.5215087 1.621598 3.9373925 -18.385773 2.395617 25.132957 1.422919 0.6464937318323881 
Car -1 -1 0 277.5629764668394 169.29918073636367 488.536109055797 245.80961108808054 1.6028405 1.6904484 4.220203 -4.8995986 1.3680527 15.936049 0.13617525 0.3808456361293793 
Car -1 -1 0 823.254777731847 182.44775153903367 1083.2621165196326 281.4296301759577 1.6512115 1.6556121 3.8560221 6.119761 1.6886048 12.725177 0.035177317 0.29508477449417114 

