Car -1 -1 0 779.3076918135621 184.03572529068524 962.2662883215726 303.30165109366953 1.4912843 1.6131328 3.762188 3.8447998 1.695785 11.287947 1.60577 86.24697289432616 
Car -1 -1 0 420.29524121678304 185.11472491861403 508.89272394864184 244.2644396677852 1.5337806 1.6203688 3.864907 -4.2083845 1.9331551 21.51789 1.6418736 76.77787788013026 
Car -1 -1 0 470.52678725063873 182.65294848146877 534.4972336027304 229.12343351896521 1.5377779 1.6254649 3.9168177 -3.8775375 1.9275753 26.709778 1.61534 30.047341089257586 
Car -1 -1 0 499.23655942532963 185.93215087840272 550.9558421202801 224.8043322598883 1.5176556 1.6217424 3.9545827 -3.6225123 2.1258025 31.53874 1.6181874 5.696546509156031 
Car -1 -1 0 522.5824151335961 182.17652933818007 561.3297126409044 215.21444483055961 1.5082729 1.6232314 3.996751 -3.3269987 2.000492 36.085686 1.5552878 4.13484698881413 
Car -1 -1 0 690.0443775851487 174.1576051372987 732.3530640216482 203.77044872977314 1.5351968 1.63235 3.9218047 5.5176315 1.610285 39.571186 1.5336684 6.485198601679341 
Car -1 -1 0 146.76099723862302 183.28893362614306 284.94595297639637 227.3136664859402 1.4991732 1.648453 4.088543 -14.195213 1.8943232 26.210573 -0.1458767 3.0461388335473485 
Car -1 -1 0 946.7533440956728 145.74271405775298 1242.0 247.33045261112915 1.6144856 1.6877406 4.3034697 8.467125 1.1836188 12.703002 0.19045441 0.2891060709953308 
Car -1 -1 0 433.8142880016121 174.10091053725932 488.51973450732515 193.00392816280984 1.4778116 1.6335903 4.117808 -11.946438 1.5807217 58.076714 -0.3501431 0.2571497857570648 

