Car -1 -1 0 398.4252235821094 179.6850289568122 482.0492534700174 236.4395274708002 1.5243385 1.6248382 3.9325304 -4.8288646 1.3757932 21.28738 1.5535108 66.48989345148568 
Car -1 -1 0 220.3781772672284 186.82735370533888 420.5976913224592 302.3758914901825 1.5178992 1.6180592 3.8159752 -4.2882733 1.5477904 11.414648 1.5832571 75.32506275835013 
Car -1 -1 0 469.6048099434737 178.44447555241723 517.8244187368463 216.73795039763797 1.5326428 1.6144953 3.6148221 -4.7702274 1.2616341 30.608568 1.5320017 33.429391687371194 
Car -1 -1 0 346.53994074490436 178.52898816527525 415.5344682234763 218.38776322100452 1.4611199 1.607075 3.78049 -8.799521 1.2160023 28.261423 1.5454326 13.425803563656881 
Car -1 -1 0 575.9809333478889 176.55290725547184 608.8349307955034 208.22997094053497 1.5614544 1.6203766 3.5915978 -0.78487265 1.1344403 37.25475 1.5395288 17.662001414532984 
Car -1 -1 0 229.8881700427721 178.33619839457953 348.4120206733154 242.67318211780747 1.5778024 1.627327 3.8919568 -8.51037 1.4090893 19.603416 1.5345763 23.492883650075903 
Car -1 -1 0 0.0 172.6807024873469 166.60995242442553 251.76586642391877 1.6028862 1.6361363 3.9521284 -12.131691 1.3488288 16.57468 1.5337408 21.49380958056143 
Car -1 -1 0 459.1706399669272 172.62478604451087 490.6099784424382 197.719422225861 1.6743076 1.638819 3.7806883 -9.139229 0.8342452 49.885944 1.5274738 2.860398746928249 
Car -1 -1 0 672.056163966595 146.7940498202824 717.824909786847 176.8472040822177 1.6911461 1.6589782 4.074066 5.2868047 -0.53488195 43.79737 1.3983802 0.6791079640388489 
Car -1 -1 0 354.648656501471 159.86865049590455 395.8440580803492 182.76439657360135 1.5439357 1.6239583 3.7745228 -16.333288 -0.17967585 50.786682 1.592094 0.6835196541968023 
Car -1 -1 0 302.10746611957023 169.36937212203608 367.3994234972492 194.33773905936013 1.4831811 1.6048352 3.9293952 -16.820822 0.5418712 44.353683 0.504335 0.3561687171459198 
Car -1 -1 0 620.3435948906468 177.93878341386846 652.9262206979114 201.96126676089068 1.496002 1.6068289 3.9185638 1.8739884 1.0428315 46.792816 1.4768587 0.2632645070552826 
Car -1 -1 0 102.45859598328629 182.98852530205428 179.161583066969 231.78790568693591 1.5791087 1.6329448 3.9623122 -16.3675 1.5070392 25.404125 1.1636885 0.2540178596973419 

