Car -1 -1 0 168.2227786622308 179.08121136671093 243.98709037468666 213.03105201723045 1.5693866 1.6293392 3.89784 -20.042477 1.8972015 36.027603 1.5622015 7.7880314242903825 
Car -1 -1 0 735.2793069548203 177.3468583488944 774.2701214599924 204.19670244048456 1.5048152 1.6166556 3.8554265 8.608015 1.7848612 43.031807 1.5897176 1.3739084420172667 
Car -1 -1 0 80.08343800251231 152.6075903316254 139.865786192745 180.9554871249173 1.4997308 1.5965372 3.505854 -27.663452 0.42860478 40.06698 1.3252417 0.3682818114757538 
Car -1 -1 0 937.8680935220483 167.1447910227071 1101.2774647246185 246.94748867591 1.6095593 1.6366972 3.9066305 9.171515 1.4944088 16.534914 1.6075287 0.3668353259563446 
Car -1 -1 0 767.8920468291102 175.24649474470004 821.755006787616 207.7013867907393 1.4975095 1.6247162 3.907693 9.052966 1.6218557 35.54123 1.5635875 0.32788851857185364 
Car -1 -1 0 329.2389802764649 176.54154476200608 364.5450473122771 198.70852758188215 1.6343461 1.6421189 4.053724 -20.334291 1.9312775 55.998806 1.4662387 0.779214188759371 
Car -1 -1 0 277.8083742142542 179.74766149085124 341.85714300125045 202.1086671517739 1.503786 1.6196764 3.8746812 -20.909996 1.9961586 50.38421 0.1841562 0.5495081136041261 
Car -1 -1 0 779.1806326779305 173.76492778319823 840.9122994453071 215.52850432629893 1.603225 1.6291575 3.868433 8.183148 1.6432745 29.753704 1.6163764 0.4869761517911031 
Car -1 -1 0 932.7311964803694 132.82283311543202 1009.9031004097051 165.11069494718595 1.5201273 1.6175913 3.9807582 18.467989 -0.41968763 37.035683 1.4529133 0.2674294412136078 
Car -1 -1 0 808.1844421649874 169.91539111309103 896.0758817828905 223.41000757098092 1.654733 1.6365874 3.8772407 8.038523 1.5638337 24.26147 1.5662004 0.25516900420188904 
Car -1 -1 0 0.0 178.75471050719815 103.41924809994241 228.91731280798365 1.6554904 1.6410729 3.85288 -20.532299 1.8857198 26.210867 1.5519581 0.25372883677482605 

