Car -1 -1 0 346.0498338708114 183.02849627232285 421.5891523597219 226.11707270928835 1.531682 1.6257179 3.9570773 -8.847708 1.9633758 28.605682 1.609432 18.53746628870644 
Car -1 -1 0 585.0422049752433 175.21225656766015 610.38095772038 200.32342946900977 1.6116738 1.6397618 3.9421444 -0.8064049 1.7772403 48.66992 1.5505581 2.2107459361731534 
Car -1 -1 0 355.4000938125671 172.24204800641678 398.8304020282185 203.44911547787683 1.6123307 1.6232729 3.9727776 -12.617845 1.5807136 39.36213 1.4245166 1.354681688529662 
Car -1 -1 0 475.58872103919975 179.1355613124841 504.04018222610534 198.95814000113887 1.5743785 1.6384938 3.9465191 -10.012703 2.1189997 60.56461 1.5967859 1.7168670965747628 
Car -1 -1 0 408.55787671915624 178.02428067417893 472.6126153647352 218.30001985863962 1.4634356 1.6167362 3.9194736 -6.630438 1.6830341 28.683628 1.574126 0.5756516258668158 
Car -1 -1 0 692.6961421441416 154.80442268894615 734.7536935099391 182.61750879058425 1.6664464 1.6312461 3.9194286 6.4828587 0.5849893 45.277695 1.4458106 0.3438672721385956 
Car -1 -1 0 311.2795531041411 175.3812741708694 409.8854165345157 237.08414145865677 1.5491796 1.6161926 3.875131 -6.8545914 1.627061 20.256512 1.5162975 0.8331452964386907 
Car -1 -1 0 451.50344915788554 177.96356618481033 498.11556696887396 211.79537178555523 1.5245271 1.6187099 3.8414073 -6.480496 1.7863481 35.03576 1.550374 0.6825179506155946 
Car -1 -1 0 657.1686035887774 171.11295023673867 705.1814315450456 197.45054913262814 1.5431038 1.6193085 3.828359 4.34731 1.4410965 44.339108 1.2855918 0.2629093527793884 

