Car -1 -1 0 722.962189079896 180.65788953945486 919.7437352728986 320.32415485689233 1.5084894 1.6168799 3.8372746 2.6535132 1.6367803 9.935005 1.5807812 85.05655630315792 
Car -1 -1 0 694.5686879708122 180.3340374121146 807.7182230947864 262.7782215051668 1.5038055 1.6133689 3.7829614 2.8771348 1.6833363 15.412344 1.5530217 52.07521691931503 
Car -1 -1 0 671.6959376319022 178.09713157993033 743.4058595953185 235.33080692369006 1.5027597 1.6173329 3.9146578 2.7910247 1.6715984 21.27 1.58026 38.20031162571998 
Car -1 -1 0 503.8271828147202 178.9557008508558 557.9041839823025 222.04471536223576 1.5607457 1.6259457 3.8062766 -3.0494695 1.8189373 28.606073 1.5993751 45.75948043370935 
Car -1 -1 0 645.0895538983557 177.55081387801025 683.6816561187865 208.6055452329522 1.5176069 1.6002176 3.6318748 2.8143568 1.7748076 37.66555 1.5309372 12.906129878492369 
Car -1 -1 0 632.309292366406 176.56395782977953 661.7705984717724 200.85643243953996 1.5304846 1.6199642 3.8695977 2.535787 1.7882838 48.108627 1.7128273 4.456889162462415 
Car -1 -1 0 634.0028978561731 161.49405092148228 659.147841071583 183.57004721184006 1.594591 1.6218817 3.8907814 2.7405603 0.7740401 54.076637 1.5541737 0.6906158814140977 
Car -1 -1 0 620.2886693346372 178.46231555389048 685.7786226772575 222.87919384578527 1.5407739 1.6209093 3.9179685 1.5835074 1.7715967 27.624563 1.391845 0.38879135251045227 
Car -1 -1 0 764.6505638051871 163.67103359167837 847.2548270489482 211.69505416171788 1.5129433 1.6206532 3.92971 6.620071 1.223644 24.72764 1.5298233 0.2615779936313629 

