Car -1 -1 0 0.0 193.99953450596232 306.16196621188783 355.632316954683 1.503746 1.6189774 3.913422 -5.6142707 1.8332319 9.23988 1.632629 125.84222708959443 
Car -1 -1 0 763.5797243208937 176.31293467483562 1007.3874796775888 320.5268166172007 1.4828126 1.6155286 3.9543555 3.3073092 1.5379902 9.512412 1.5445372 67.33770868171715 
Car -1 -1 0 691.689676715555 170.86229342396726 786.7152388571301 237.78940313483847 1.5060812 1.6048851 3.627221 3.1311278 1.4612612 18.079597 1.5330327 53.68073777314437 
Car -1 -1 0 397.9317068587661 177.16691765607817 476.0794712427668 227.799214863698 1.5422996 1.6258043 3.8680387 -5.6986494 1.6989937 24.262775 1.5931119 37.58473461621026 
Car -1 -1 0 672.4498109928021 170.87692087601343 751.2056503165851 223.28081958782454 1.5407813 1.6129773 3.8175015 3.1895294 1.482651 23.199938 1.4616208 16.474247453235584 
Car -1 -1 0 442.5087089380211 176.98618282535367 499.2644046306369 217.64883544540245 1.5209293 1.6166816 3.9359572 -5.5671716 1.700491 29.37244 1.553592 9.197748585750187 
Car -1 -1 0 127.83356237432908 173.19338262902184 267.9748582482666 216.97311276790106 1.5048552 1.6387446 4.0418997 -14.644078 1.517492 25.84214 -0.10392456 6.759131631402573 
Car -1 -1 0 257.72464513227203 174.50946182436903 337.22067119623136 207.8771562188935 1.6105416 1.621757 3.7462473 -15.950037 1.7002566 37.065434 1.9174373 0.38502541184425354 
Car -1 -1 0 398.8917154912579 174.0513624454968 461.85307005146467 196.22951879369393 1.4881423 1.6037096 3.9397893 -12.367803 1.5730048 49.846596 0.26646373 0.3337598145008087 

