Car -1 -1 0 210.65855378726278 174.57819989506112 525.2675542271481 310.8274259561688 1.5213006 1.6167512 3.8839254 -3.148644 1.4551065 9.408367 0.40883157 8.708980791862936 
Car -1 -1 0 298.46379749607445 170.27494652060733 379.5309673037991 243.1740154026493 1.5212224 1.6137689 3.8462305 -6.278948 1.307713 16.837563 1.2207959 1.9191016755493349 
Car -1 -1 0 1072.2755479742264 117.11690987659095 1242.0 170.85455917895013 1.5082786 1.627917 4.0374355 16.543972 -0.30347508 21.219513 -0.09987886 0.7308044027401572 
Car -1 -1 0 111.58876931963549 153.4510170185181 180.02189457492148 208.8970736761289 1.5480571 1.6421306 4.006815 -14.217319 0.79266346 21.855047 0.9644905 0.4942797124385834 
Car -1 -1 0 0.0 169.27328865706667 83.84644062713008 204.7116669737253 1.5601518 1.6222911 3.8723228 -26.358019 1.0656122 33.181667 1.3813406 0.3847979009151459 
Car -1 -1 0 116.57653953740689 163.57787412145942 234.70351138518214 215.8805864483887 1.5994188 1.6384417 3.871288 -14.119673 1.0817375 23.570057 1.5548458 0.3479221963080117 
Car -1 -1 0 705.3577658070147 151.39221725259077 1155.0628236337182 318.4975823120842 1.5661292 1.659531 4.031397 3.188552 1.293266 7.548346 0.046115242 0.6928746384971447 
Car -1 -1 0 189.61501815523093 155.870919172904 464.85980621937205 259.5726034338498 1.5372226 1.6171751 3.9814541 -4.4856925 1.1720353 11.659273 0.19462349 0.7173445603347798 
Car -1 -1 0 348.6938547099376 152.58762904875582 430.3427060125138 181.36292440066958 1.5562373 1.6574086 4.094261 -11.856154 0.046311706 39.26473 -0.09839426 0.28548726439476013 
Car -1 -1 0 516.6715929843855 148.4426304245723 587.9193487685008 176.25908472353498 1.5738714 1.6606385 4.01485 -3.0659902 -0.25676608 41.554726 -0.1858541 0.2670210599899292 

