Car -1 -1 0 715.5259878380905 163.37936027473484 854.15718882701 281.02631221082663 1.6848159 1.6481543 3.8660405 2.9605699 1.4251363 12.27769 1.6474497 14.702923621263116 
Car -1 -1 0 907.6333146287059 168.31395668958478 1231.9350035608193 343.72297541978696 1.521204 1.6281109 4.140584 5.000125 1.4067445 8.402516 1.7294049 1.1607756676716556 
Car -1 -1 0 477.6297755561812 187.49655382090143 587.0607732037181 231.2280934329771 1.5618804 1.6368212 3.9715314 -2.64759 1.8070979 27.772629 0.49407944 1.1431526274998174 
Car -1 -1 0 556.7687859298503 194.6077965931157 599.8423192056179 232.68180554301478 1.5408797 1.6220267 3.846736 -1.0522037 2.1690924 32.454945 1.4544063 0.5710599946109368 
Car -1 -1 0 191.18175197574692 193.51893436677958 359.71229669553213 302.0978577267143 1.5116175 1.616008 3.8769028 -5.4060698 1.7540574 12.476818 1.4390337 0.466409503166116 
Car -1 -1 0 0.0 132.43863670560117 206.32216091715122 258.74036123664916 1.5699146 1.6213784 3.9773228 -7.590618 0.95993626 11.043947 1.3576932 0.32630839943885803 
Car -1 -1 0 508.07356117842926 144.98729738448247 556.242036582456 179.4331226799209 1.5722337 1.6072942 3.6619575 -3.2597942 -0.106624365 34.928696 1.6849618 0.30023401975631714 
Car -1 -1 0 687.9674571538717 181.74828777506792 746.701229845933 236.56950532550945 1.5185165 1.6175575 3.9534955 3.5715368 1.5264289 21.995424 1.7301433 0.28349003195762634 
Car -1 -1 0 360.6388089729958 191.9477842369456 506.918845962245 302.31736208555407 1.5512688 1.6168258 3.7896726 -2.6732116 1.7583541 12.3551655 1.5767177 0.2697847783565521 

