Car -1 -1 0 295.96066254534315 193.47883482600528 421.3329934247364 275.39254089896167 1.5015115 1.6205114 3.9376287 -5.4738655 2.0231216 16.242085 1.5221438 80.99891849468176 
Car -1 -1 0 475.39621932809905 187.23128518655292 525.0763195821869 221.9037247518507 1.498671 1.6217806 3.9347858 -5.214971 2.2331762 34.856308 1.6209095 13.05196425502865 
Car -1 -1 0 641.5305443990773 179.7642760518042 676.2537600466994 212.74316754861428 1.5747571 1.6210173 3.4937491 2.5725384 1.9470689 37.047356 1.6846967 14.22829798498543 
Car -1 -1 0 1000.9706225662242 157.3632083838182 1242.0 251.43109256062277 1.5595078 1.6627069 4.0958333 9.704534 1.3026931 13.314636 0.27292505 2.12713393527211 
Car -1 -1 0 29.486948495226883 179.63546377653026 316.8308949480551 375.0 1.5796411 1.610537 3.553275 -3.511569 1.6585422 6.4472127 1.1994679 3.558669720230079 
Car -1 -1 0 532.5959035962773 151.40156768809246 575.1240898467046 167.84706250802475 1.5453386 1.6466513 4.0305715 -5.3608646 -0.48851728 69.40316 -0.08726622 0.797643322257811 
Car -1 -1 0 659.3459266936804 176.92983489317197 699.2187727136253 201.30707315479668 1.4940579 1.6073462 3.8899179 4.5867467 1.7716033 47.02964 1.9371812 1.0992863437145304 
Car -1 -1 0 94.92968497579382 144.95749570262626 273.9441732629556 226.38860738696195 1.5364158 1.6192147 3.9413087 -8.946188 1.0100735 15.602644 1.5475978 0.36570677161216736 
Car -1 -1 0 291.0725264458313 186.14804934380027 381.5775509880929 239.4304524039591 1.5490446 1.6202495 3.8677444 -8.930406 2.025521 23.906467 1.5446208 0.33029311895370483 
Car -1 -1 0 1007.7126037056273 188.18371886227953 1155.9748022066617 254.41972677285875 1.517416 1.6163815 3.8888958 12.518407 1.972596 19.437069 1.6277604 0.5402273032773278 

