Car -1 -1 0 99.06681588472823 184.51905273602114 377.50606051025306 280.1876502298403 1.5128686 1.6373222 4.0134325 -6.3044133 1.7299498 12.528434 0.040404398 52.91207014451092 
Car -1 -1 0 654.6666874690482 175.0580194588529 694.3348839483162 206.14536761387117 1.5362338 1.6347067 4.120905 3.366554 1.6587411 38.028164 1.5492673 16.320919619363213 
Car -1 -1 0 355.28718714536643 179.73119192177853 499.1149083726722 230.5618592362444 1.4952087 1.6246123 4.046919 -5.6468782 1.7203103 22.563318 0.122665495 14.802307179143149 
Car -1 -1 0 387.8836478222854 183.2586587332165 517.0069067389638 229.57229271004988 1.4985561 1.6324437 4.033881 -5.355941 1.8716159 24.840212 0.108891845 11.069134698844897 
Car -1 -1 0 312.596359203142 181.26012295947203 478.35200398736345 240.94027123238448 1.5319948 1.6402785 4.0961695 -5.874909 1.7781255 19.98505 0.16294968 13.790969686376659 
Car -1 -1 0 405.861092572093 179.97331213214594 521.7722593414344 222.1758265818615 1.5439386 1.648313 4.068158 -5.5712833 1.8287995 27.812157 0.11822544 5.178339615047205 
Car -1 -1 0 189.28253824828292 184.70001268318128 409.6151702430945 265.52737529059755 1.5264312 1.6289868 3.9422255 -6.3761683 1.7908498 15.024451 0.13980767 5.606029592551589 
Car -1 -1 0 459.83662855686464 177.98254473183707 556.3666208086206 213.4580999351224 1.5369698 1.6578686 4.145611 -4.4988136 1.7738409 32.423416 -0.0355754 3.3971931043092334 
Car -1 -1 0 427.0479781592204 151.72405119908964 514.8868294950538 184.93619425121193 1.5609212 1.639071 3.9973264 -6.638464 0.5678449 34.862732 -0.06701454 2.2370284377546032 
Car -1 -1 0 1076.3003372955297 157.5718261596324 1211.1099316897134 199.5544474202941 1.568333 1.6646084 4.1071153 20.62022 0.997441 27.939455 -0.075672776 0.5768881440162659 
Car -1 -1 0 1032.4467806044013 157.95397215426118 1216.4662181505657 237.33622202681997 1.7728137 1.6762311 4.0585284 12.702883 1.4400569 18.160248 1.5497917 0.7801358604044875 
Car -1 -1 0 530.9515868672884 173.05908352865993 574.0818935444855 189.4983427935543 1.4878883 1.6082953 3.8278308 -5.315485 1.5074488 67.084274 0.5924828 0.49731049711280884 
Car -1 -1 0 0.0 175.85579336066414 163.96211256003414 283.99696773986403 1.4982753 1.6212091 3.964019 -9.166009 1.5579945 12.234562 1.3236314 0.3462311625480652 
Car -1 -1 0 914.0644575419861 136.20917878838762 1013.9872009574074 170.67886006458198 1.5252287 1.6275057 3.9483411 16.69585 -0.10851732 34.082912 0.7209307 0.41562960941109983 
Car -1 -1 0 1005.7835543914381 150.11332385328586 1242.0 231.99095644946897 1.5673602 1.6528436 4.0304737 10.56529 1.1320418 14.725562 0.043548636 0.597455127321002 
Car -1 -1 0 520.2148178464126 186.0808131324558 555.8576762374762 213.9416294292112 1.5395737 1.6219697 3.8765595 -4.2860985 2.377016 43.713055 1.6124858 0.2931325137615204 
Car -1 -1 0 505.9132019902649 171.55900249712775 544.1294177514275 203.8176744635599 1.5022805 1.6218787 3.856151 -4.115285 1.4419725 35.568825 1.5197457 0.26720288395881653 

