Car -1 -1 0 479.06844312267907 175.12423610453598 529.6622570878436 217.5012656742497 1.5820355 1.6295474 3.9158115 -3.7801368 1.3435574 28.80114 1.5374544 38.371815806107264 
Car -1 -1 0 508.63940835764834 170.6346620493537 562.4592963295052 200.777536743164 1.5945545 1.6264482 4.0004144 -3.560958 1.0191337 40.149178 1.86131 1.7347737945312134 
Car -1 -1 0 0.0 183.0177510310446 301.14932530934516 322.2650004164289 1.5541022 1.6358968 4.0426407 -6.172846 1.5764002 9.342076 0.25243893 3.476888521286693 
Car -1 -1 0 43.39391004153302 158.063573739878 150.45850680812518 199.27000896810972 1.5357639 1.6353886 4.022233 -19.872112 0.6618333 28.344633 0.4237353 1.438768653955681 
Car -1 -1 0 93.75312213401948 187.87348939436953 244.14795852406004 300.9778073222374 1.5801644 1.6236336 3.81736 -7.196027 1.707829 12.342638 1.1911275 1.2379078266424104 
Car -1 -1 0 24.70782618866988 141.29518470711045 168.22696726904428 189.3791609556443 1.5687238 1.624819 3.9331539 -17.780502 0.25665677 25.563074 1.9508022 2.155193049286825 
Car -1 -1 0 0.0 197.7850784342728 157.83286957346263 307.1134906880581 1.5132256 1.6195085 3.8975472 -9.43024 1.8466785 12.640558 1.3492149 3.226663997091698 
Car -1 -1 0 557.2073676504313 147.70769090782449 1041.1299655045489 348.2819919519819 1.6230774 1.6563461 3.9742901 1.6945114 1.3495262 6.8759465 0.12158483 1.6737530519880883 
Car -1 -1 0 1042.0465054713625 111.48753414961068 1160.2175637054931 159.07277367803056 1.4798908 1.6344525 4.085615 17.775908 -0.84658563 25.483387 -0.44545668 0.951293887353696 
Car -1 -1 0 0.0 163.41054859709766 79.40171205145127 201.96278085727727 1.5277317 1.5997071 3.7745311 -23.778845 0.81040674 29.881674 0.36160284 0.4564888087043177 
Car -1 -1 0 211.1553094260507 165.1820288056195 275.45563254766455 212.87257811270123 1.6117862 1.640626 4.0574765 -13.057149 1.0598791 26.463528 1.231207 0.5189332962036133 
Car -1 -1 0 1067.2429313505002 145.22963755556873 1242.0 213.7658804974245 1.5537732 1.6374263 3.9708734 14.462467 0.7312174 18.330667 0.8699448 0.4545673058865706 
Car -1 -1 0 106.9797207442514 196.0426616915299 230.51155871083944 243.01550782814778 1.5297263 1.6105555 3.8273222 -15.933406 2.1124911 26.741478 1.8823779 0.3430272936820984 
Car -1 -1 0 71.75810410421784 142.78158935610097 208.91272971460208 190.95219550465637 1.5420594 1.618793 3.9308772 -15.9247265 0.30219722 25.110937 1.8629185 0.30414989590644836 
Car -1 -1 0 388.3409416319185 189.91977624742117 465.2862797500312 235.99180399333372 1.5747819 1.623745 3.914915 -6.5035787 1.9184122 27.327244 1.6765466 0.39040710263797546 
Car -1 -1 0 233.57105910065468 164.06504058219477 371.4249927467444 212.72515635634483 1.5918144 1.6572967 4.0823183 -10.148322 1.0210667 24.5974 0.13643157 0.47762232634933366 

