Car -1 -1 0 335.1100041384867 192.95912689119558 405.10453437955584 231.49000724646243 1.468691 1.6245464 4.0347986 -10.415651 2.40823 31.676289 1.6024909 12.12526384737262 
Car -1 -1 0 400.59571665826127 189.8168161698407 436.29777237015065 213.10269923330588 1.5032136 1.6260699 4.031162 -13.617647 2.7644677 51.603916 1.5323424 7.3880381996323985 
Car -1 -1 0 499.52360317563137 185.26683900302757 549.4842109700403 230.77857741315444 1.5898992 1.6449904 4.0689774 -3.2761798 2.1140006 28.399105 1.5303978 16.339689182822088 
Car -1 -1 0 579.0369182533105 183.10819115790065 606.5614541305026 208.65902961303516 1.5328184 1.6252968 3.992417 -1.0518589 2.2280598 46.91016 1.5889361 3.417018381567447 
Car -1 -1 0 181.16958584169177 190.70460393775892 292.47030689864124 228.69152759196314 1.5410435 1.629807 3.9189842 -15.890913 2.325725 30.885395 -0.008821587 3.4806788086011045 
Car -1 -1 0 262.14813698238464 183.868700028936 384.62410896031145 259.156010148065 1.5071794 1.6140121 3.858102 -6.578253 1.7971675 17.010813 1.4938325 1.3305780334153647 
Car -1 -1 0 278.09142255800975 194.1561440910833 355.14747430338497 226.430220327204 1.4870348 1.6045293 3.7253027 -15.331697 2.6673012 37.9497 1.9615417 0.44299063086509705 
Car -1 -1 0 616.6986581564004 188.35888923570496 660.6308343187603 222.54732806115106 1.5255113 1.6166399 3.9636 1.39991 2.3460002 36.12294 1.4592553 0.41524070501327515 
Car -1 -1 0 451.0885096535393 187.28725203321432 487.0979232479709 223.070514579522 1.5428536 1.6129159 3.8780658 -6.7787595 2.2807057 34.828316 1.3773153 0.3532731533050537 
Car -1 -1 0 147.77727148713197 193.02025719190829 190.3599448640015 218.03948629846806 1.5154204 1.6153966 3.8871598 -29.963943 2.9486752 49.183285 1.2580972 0.529841817697059 
Car -1 -1 0 690.4784020778088 179.9237370970262 733.6563756071394 207.62706055733733 1.5209831 1.617934 3.9415061 6.010618 1.959425 42.702656 1.4656568 0.3058866858482361 
Car -1 -1 0 831.3997896190897 155.04364278546743 944.5667048962067 201.1785167432566 1.4985163 1.6156932 3.8883724 9.730535 0.9200143 25.537434 1.2411003 0.52838980854118 
Car -1 -1 0 611.5476536648217 144.6363237074319 650.9581754957665 175.5098447485105 1.5219188 1.602037 3.694211 1.1744478 0.13092041 37.51678 1.7253152 0.2893153727054596 
Car -1 -1 0 231.31049841296803 196.18483003043065 304.1017622511996 232.79701522012186 1.4985335 1.6181914 3.866421 -15.984528 2.6588478 33.94451 1.5625755 0.27599648503891205 
Car -1 -1 0 599.6226098432068 192.57515570319705 666.0261693396097 243.91447996321136 1.5266559 1.6287761 3.9291239 0.7256266 2.269228 25.104946 1.422096 0.26613521575927734 

