Car -1 -1 0 129.94842253045385 179.82555738000562 397.48075940601547 273.81418574180816 1.5147307 1.6261301 3.9863157 -5.9898863 1.6473024 12.746847 0.08220372 30.618074830771075 
Car -1 -1 0 0.0 178.37018292892483 323.7109256242718 295.0383740255229 1.5184674 1.6436973 4.0962315 -6.4565372 1.6036456 10.305836 0.006819538 69.38347724984762 
Car -1 -1 0 655.9057222777631 177.32275961980076 717.1393321105409 222.97808967997918 1.4985098 1.6235927 3.9960845 2.7020698 1.6728153 26.112043 1.5267955 40.61536677690569 
Car -1 -1 0 276.9623441857431 180.62644598035624 458.56794443256274 243.86320903413383 1.5128477 1.6386534 4.05552 -6.0255003 1.7187773 18.290922 -0.0033459372 28.19864977702534 
Car -1 -1 0 432.30083711865194 172.66285642580107 527.2250651576156 212.92598371291893 1.5855794 1.6332433 3.815106 -5.4441366 1.5780519 30.135967 0.5739659 3.455016432421899 
Car -1 -1 0 393.74400138692505 176.3598978742523 510.8813382214133 217.87395592546184 1.534503 1.6542808 4.1370597 -5.9592733 1.6730118 27.659779 -0.009284251 17.70863331806634 
Car -1 -1 0 334.8868032884364 183.02773922357676 473.8083372070256 234.94408314235346 1.5012262 1.6185176 3.9498901 -6.4381123 1.8402152 22.71323 0.28292271 4.7487154540044605 
Car -1 -1 0 691.2810321717866 174.84010333569043 776.3585975380088 206.32399061095396 1.5147785 1.6231209 3.9334412 6.0906396 1.6151962 35.650574 0.009686006 1.975943714421031 
Car -1 -1 0 465.52724667157554 175.40178615682515 543.8044178387034 202.8031748044991 1.4891806 1.6446356 4.113866 -5.8020616 1.6341367 40.210823 0.009136828 3.6248687647226934 
Car -1 -1 0 751.5738643792741 161.14612844570433 1081.3055473545878 375.0 1.6792119 1.6476403 3.8759363 2.680626 1.5918596 7.3357577 1.5529308 9.034660238826584 
Car -1 -1 0 336.00292746745805 167.33875730356485 463.9701885647987 212.39729857354632 1.5256519 1.632096 4.0031905 -7.2633314 1.3389094 25.253895 0.0035319459 1.499613535863938 
Car -1 -1 0 121.67198080205767 148.02136455752313 214.22136446846008 188.87962702772091 1.5004573 1.6105138 3.9020555 -17.328098 0.58851653 28.52425 1.4620837 0.36358436942100525 
Car -1 -1 0 490.3129399421732 177.65420793896374 556.3037091418535 203.12251501158022 1.5082374 1.6427778 4.118962 -5.445196 1.8223988 45.332504 0.64137965 0.4108234388844676 
Car -1 -1 0 650.4484429826362 173.7676994968802 704.9324258996413 193.50745371454164 1.4781854 1.6045328 3.8841524 5.191532 1.5494199 55.191475 -0.1379925 0.5224595174267838 
Car -1 -1 0 706.1884188832349 172.57764137119926 757.7650986753356 208.18702893038173 1.5071993 1.6039487 3.5892189 5.426674 1.495502 32.357956 1.5403055 0.2692924439907074 

