Car -1 -1 0 566.4004825659296 185.8767832178838 605.1197404847576 221.88985806622463 1.4809623 1.6006801 3.6174946 -1.0337257 2.1058383 32.804054 1.5821431 33.86444436861275 
Car -1 -1 0 110.9346220911091 180.5245253826827 202.3569813999052 218.81677662037205 1.5199803 1.6203661 3.9202046 -19.598427 1.875144 31.422764 1.5372441 1.0024950795565648 
Car -1 -1 0 892.8649771255637 195.85158223971766 953.2133189917997 226.30697871119537 1.4958403 1.6178783 3.8716629 17.448292 2.844061 40.34523 1.547004 1.36792003815326 
Car -1 -1 0 863.9576215171049 189.80542833734145 896.3199947579967 214.54762636786475 1.491416 1.6182187 3.854202 18.100891 2.6768746 48.392143 1.8193687 0.3879646062850952 
Car -1 -1 0 522.4668236002288 184.0700984013941 551.2813821456009 210.41406603782045 1.4830742 1.6139929 3.9030695 -4.4247017 2.2030683 44.319546 1.5083663 1.744489293212534 
Car -1 -1 0 797.856525276298 171.3271557022881 838.550290289468 192.4737538151599 1.525584 1.6177279 3.9459064 15.587496 1.4154322 54.08985 1.483776 0.33060532808303833 
Car -1 -1 0 863.6280557503605 204.2822395835937 927.423774356989 233.27952341769367 1.508514 1.6163638 3.8628862 17.412916 3.520709 44.118546 1.2972531 0.26998528838157654 
Car -1 -1 0 51.94928602964726 188.8165953472334 152.5025135771206 233.99289798818293 1.4981056 1.6244433 3.9508374 -19.18462 2.1525092 27.49165 1.3915837 0.2559601664543152 
Car -1 -1 0 831.2692446040609 197.0513142689763 880.9779210418932 223.09526093628747 1.5245821 1.6060046 3.582259 16.23039 3.186567 47.661175 1.4083415 0.2555237412452698 
Car -1 -1 0 579.9585724387138 183.8336209959895 604.638613242555 204.82968262004556 1.5260993 1.6002125 3.4833243 -1.3135953 2.4072638 56.11355 1.6404883 0.2501941919326782 

