Car -1 -1 0 365.4590799173804 181.46681496570446 449.10227974212995 258.21005114230763 1.5087597 1.6149518 3.864706 -4.4029827 1.5078673 16.205494 1.2781584 6.060534293595128 
Car -1 -1 0 291.41108577110305 169.91848061072116 585.6494267726359 289.1151203208834 1.5596395 1.6442224 3.8721988 -2.229249 1.4079403 10.464577 -0.12961188 0.6040756106376648 
Car -1 -1 0 152.1853526735573 176.5180505841526 283.15316204313655 218.40397948820447 1.5281098 1.6544856 4.12526 -14.418755 1.3459097 27.178902 0.071325295 1.0997254198304287 
Car -1 -1 0 723.9644813809097 153.84881088726758 802.5817090387819 229.31071626506719 1.5912827 1.6383792 3.876877 3.9390988 1.0079383 17.226944 1.8157781 0.4372096061706543 
Car -1 -1 0 463.3908017792551 164.2702013744767 482.6731131782319 181.75047015036466 1.5178914 1.6224355 3.9959326 -11.458647 0.020689473 64.49406 1.3746662 1.18663675516173 
Car -1 -1 0 514.796453267827 160.76730806491497 625.1938446193114 203.20744515270206 1.636874 1.6918132 4.170695 -1.2433822 0.8367638 29.19659 -0.33893183 0.3894433379173279 
Car -1 -1 0 189.67277759507866 184.92599079731565 297.07595388378974 237.46739044989923 1.5039003 1.6183695 3.8929904 -11.183441 1.6216688 22.79978 1.5252703 0.7637199131181049 
Car -1 -1 0 345.00259114955617 191.63926554506256 829.0865815386353 375.0 1.5365617 1.6320791 4.0002 -0.11902726 1.6448995 6.745739 -0.062259085 0.31997236609458923 
Car -1 -1 0 831.5035168429563 157.9502939676875 1055.3235424094642 241.2399343092042 1.5312406 1.6388383 3.9889607 7.106751 1.098066 15.059728 0.64463806 0.2691689729690552 

