Car -1 -1 0 725.9792096436815 167.67401613199715 1010.3007848331981 331.99270092304806 1.5310686 1.6200302 3.9037485 2.784326 1.4828031 8.769292 1.4299896 49.1042268979025 
Car -1 -1 0 601.4310784268205 165.1320964917579 674.8174646290847 216.3593450333059 1.5221968 1.6126649 3.7944496 0.8404344 1.2927434 23.44876 1.3959606 48.30230429861733 
Car -1 -1 0 732.4371907287403 157.06543469435542 774.4683836525443 188.07276956110826 1.5447364 1.6213226 3.845374 7.502503 0.75817484 37.906868 1.621076 8.507602932105694 
Car -1 -1 0 545.4835429931046 161.5162314389925 605.1119735394537 192.11832114846837 1.5545958 1.6286819 3.9109163 -1.7806444 0.9786334 38.77218 1.9851215 9.620862871442606 
Car -1 -1 0 779.4645097932181 159.11518036120717 845.1114210642929 186.93204026394298 1.5153441 1.6065075 3.7849002 11.561741 0.7669115 41.073368 -0.63292944 8.309075112183113 
Car -1 -1 0 666.3935475548665 160.2629898099626 726.6780765110931 193.6668655660463 1.52232 1.6224567 3.9692767 4.1465564 0.9485078 35.00199 1.3349917 4.0744520137537705 
Car -1 -1 0 816.5870371992148 157.0229248179431 888.6062943691202 183.42624280673687 1.5590918 1.6236982 3.7998524 14.671982 0.62428105 43.643734 -0.122313134 1.6960153579711914 
Car -1 -1 0 52.37261043025011 183.40070978220874 463.1222808376064 375.0 1.540899 1.6265638 3.871537 -2.9303389 1.6504613 5.564263 0.769833 0.8330595412581521 
Car -1 -1 0 415.98534378980816 141.74724462708977 458.5634862929962 166.9580721828518 1.5571389 1.6143887 3.6523314 -11.254422 -0.40239984 47.348896 1.6687596 0.4563068151473999 
Car -1 -1 0 696.296128660495 140.73863112169892 757.015454043474 162.83813027094055 1.4782581 1.6207873 4.01731 8.314105 -0.7324047 51.214542 -0.4123528 0.32702162861824036 
Car -1 -1 0 751.5703190653913 139.16281529784646 799.9668748260344 160.38580961707768 1.5280359 1.6272388 3.9622457 12.990001 -1.015119 56.604977 1.1441865 0.27189818024635315 

