Car -1 -1 0 422.07395070645987 187.1542169675998 497.2307535793775 243.47920777620632 1.5293599 1.6166064 3.8624258 -4.334128 1.5929482 21.617046 1.529099 39.2612843919377 
Car -1 -1 0 478.4857095144492 185.0624651573761 528.2996185750964 219.6205131949587 1.52133 1.6146288 3.8099034 -4.785044 1.5145843 33.585953 1.6169194 14.09141370471973 
Car -1 -1 0 0.0 191.46254196986953 201.83061723102045 311.00521985522414 1.5347495 1.6027626 3.6548245 -8.085833 1.6495277 11.317374 1.4828595 17.06586711515 
Car -1 -1 0 37.885086490767485 176.29073477264524 366.19378326704924 354.7754795773889 1.6172476 1.6295346 3.9041228 -4.3345165 1.5363786 8.476849 1.5848327 5.59231536962629 
Car -1 -1 0 380.6910017582259 188.26211442022404 439.3072391680973 224.16824814680126 1.4732933 1.6071007 3.7993433 -8.627311 1.6158922 31.734737 1.5525731 2.360706604284034 
Car -1 -1 0 575.0870306167511 181.8661283802914 608.191891161934 210.29293657071224 1.5351262 1.6110966 3.4950705 -0.91749406 1.3542402 40.6378 1.4734001 3.132300120363653 
Car -1 -1 0 521.8649813965955 182.15314054492018 544.6902093402281 203.19404417454777 1.4863993 1.6070718 3.8986773 -5.455064 1.27005 52.811543 1.4549235 0.9366789619095367 
Car -1 -1 0 488.6817454669422 183.14433780226022 529.4069620562118 209.34205573039412 1.5024016 1.6033994 3.729329 -5.9466267 1.383612 43.253803 1.2000252 0.4936503767967224 
Car -1 -1 0 469.99847944779134 185.83384756514485 541.1331137794174 239.48488176215912 1.5154445 1.6264634 4.0082417 -3.062101 1.5363986 22.359612 1.5759602 0.5537990137922799 
Car -1 -1 0 416.8657521165851 184.2822827316639 492.8366635362116 211.04402427400115 1.4892442 1.6121414 3.9378397 -8.699121 1.4373013 41.156273 0.18427141 0.6133397125822466 

