Car -1 -1 0 318.7071611014261 192.03540287891602 427.8330286685405 258.57159887341646 1.5031111 1.6194837 3.8773308 -6.1980834 2.0698924 19.371952 1.5829897 73.33288319312155 
Car -1 -1 0 673.1745445835147 175.85302870802116 740.5404044101932 228.86377804248954 1.516417 1.6125761 3.733334 2.9765866 1.6186123 22.719387 1.5693253 38.666697735108876 
Car -1 -1 0 387.76042975682003 188.7313071228407 467.94352071034353 239.39812786222515 1.5153635 1.6224513 3.905656 -6.1420026 2.1050558 24.811724 1.6147826 39.16205067001419 
Car -1 -1 0 450.00843138509714 182.3609747994448 494.9893333189171 219.6758299399888 1.5464017 1.6219443 3.9297814 -6.1979227 2.007389 32.960686 1.4864194 14.84366061522924 
Car -1 -1 0 1119.9151033876008 141.69303413633793 1223.6552167481611 179.0272881477355 1.551723 1.6302276 3.9360945 24.77958 0.2565801 31.985249 1.6066324 9.109101118087999 
Car -1 -1 0 625.8869507916208 175.3034062929416 648.0637673056425 190.92287017215142 1.4999301 1.6178802 3.950077 2.7067118 1.7512964 71.99032 1.4530177 1.8383246499992048 
Car -1 -1 0 448.79781916818405 176.78008136038443 474.63670917644544 195.6960192007784 1.568171 1.6179837 3.9769316 -12.807843 1.9202876 62.685333 1.5200522 0.41736578941345215 
Car -1 -1 0 529.0887749797738 181.20174756757905 551.7218276794216 198.77097994286265 1.4932238 1.62385 4.0958037 -6.2294946 2.2728355 65.33116 1.5791624 0.9200934693879105 
Car -1 -1 0 1013.7947715125704 160.59675784414637 1083.9668075489349 181.4888166355862 1.4624963 1.6088845 4.0042863 31.216372 0.60445845 51.335464 0.010802239 0.3148348033428192 
Car -1 -1 0 138.20427288980488 188.90091891743182 337.86555042209307 284.0297719690324 1.5068784 1.6148239 4.0278378 -7.0424595 1.8687396 14.199531 1.6496975 0.45491471095361646 
Car -1 -1 0 257.955801303225 134.48587910190275 328.0002957600578 169.00322805147138 1.5549577 1.6331544 3.9928427 -15.237138 -0.19718122 34.94844 1.5731275 0.2772698998451233 
Car -1 -1 0 794.5999146835577 155.9551941724473 822.4957274157904 171.1633800442764 1.5302312 1.6233203 3.9374804 20.662945 -0.18058243 75.05897 1.5143139 0.27055513858795166 
Car -1 -1 0 473.9378246197805 182.5732010767144 535.1928841549579 206.10065318525884 1.4904294 1.5920646 3.7805836 -7.0377626 2.161592 48.369072 0.39141655 0.4801996293977282 
Car -1 -1 0 735.3165408702187 166.0493388722302 777.0313160413044 199.6263053025407 1.5528164 1.6228349 3.722034 7.116897 1.2381246 35.299194 1.6674209 0.27019286155700684 

