Car -1 -1 0 347.2674323365421 185.6379222794771 480.8031723231138 273.5853368089219 1.5145344 1.6075239 3.7393951 -3.5756655 1.6083716 14.443168 1.6035181 4.486652399745056 
Car -1 -1 0 449.2317928055945 182.8667365922898 524.3648747402802 247.17507727237023 1.5529292 1.6223435 3.7457001 -3.1593313 1.5934143 19.450829 1.3079867 0.8984998228133767 
Car -1 -1 0 661.5827086840105 180.87274021030237 708.9463995150995 217.88428651831842 1.5372845 1.6174186 3.8452342 3.823915 1.5107241 31.897228 1.8146316 1.1773422534246574 
Car -1 -1 0 625.6848934890729 187.2309505191396 693.2830801506974 229.42735080068465 1.5498691 1.6231406 3.9088821 2.3074086 1.7976261 29.035305 1.3475385 0.8317972505989166 
Car -1 -1 0 470.99651313764446 163.18238057772274 567.3039738723057 199.15687824103654 1.5621917 1.6431158 4.0037827 -3.6409307 0.76621944 32.419464 0.21277696 0.640938927600823 
Car -1 -1 0 671.0964075642596 177.19158792811675 792.6283378020307 241.73032781534903 1.538259 1.6186786 3.9151344 3.3791275 1.4352785 19.226974 1.28778 1.3026649671485837 
Car -1 -1 0 441.6764102159205 146.86192561268504 488.8009441629178 187.07235931557602 1.5035806 1.6064738 3.8369534 -5.4952874 0.20790964 28.919386 1.3165582 0.41268742084503174 
Car -1 -1 0 58.53819634839777 175.3827015016985 297.38847383496704 315.527009940007 1.503892 1.6207641 3.921296 -5.4116488 1.4381161 9.791372 1.3699602 0.7799876047841126 
Car -1 -1 0 718.1111599968538 171.14109800907752 780.0987722490845 209.52855545137976 1.6105056 1.6405337 3.9928756 6.583155 1.1753966 32.197754 1.4828668 0.5765593755395086 
Car -1 -1 0 856.7211025940614 113.55888213007779 981.9315747443512 208.81309598747853 1.5427551 1.6336647 4.0147505 5.933934 0.44217032 13.787532 1.8436807 0.37565550208091736 
Car -1 -1 0 685.6912182503329 182.17704723946187 868.6993305414604 298.2666713699081 1.5333896 1.6176723 3.6965005 2.595952 1.5457717 11.4444275 1.446925 0.31709229946136475 
Car -1 -1 0 666.6543501887719 137.0103005072922 705.947468467311 162.77642668694494 1.5001119 1.6201282 3.7726755 5.643852 -1.2757105 46.858753 1.952772 0.2613435387611389 
Car -1 -1 0 277.14273730038946 188.25556452996054 362.84675816799233 258.3879055072999 1.5283048 1.6266922 3.885611 -6.9579687 1.7182505 18.14473 1.3013928 0.25067704916000366 

