Car -1 -1 0 955.2099424170706 182.07715960029483 1242.0 332.8402824254997 1.5345216 1.644008 4.0991144 6.4228954 1.6518798 8.315518 -0.021336824 72.73799524226672 
Car -1 -1 0 162.00604741057109 176.27642804242905 404.10298622717187 260.07510555143904 1.5498071 1.6475221 4.0381536 -6.313884 1.621392 14.252495 0.007811567 80.12904017838501 
Car -1 -1 0 310.5858503433899 169.59465106080432 477.15773589855183 232.1761570322833 1.6053627 1.6562146 3.9944062 -5.694292 1.5217526 19.388706 -0.025908725 34.99865753986402 
Car -1 -1 0 442.5631228267511 176.89658067986684 525.7555723875518 207.37702379437297 1.52263 1.622211 3.9633238 -6.4255342 1.7362186 37.20479 0.054313716 7.235563897013502 
Car -1 -1 0 1018.6745130395334 182.7355112848414 1242.0 300.7038464472993 1.4913077 1.6120685 3.8687375 8.056405 1.6775881 11.534849 1.8007044 4.845240635077381 
Car -1 -1 0 642.6337138586031 165.52517138266828 684.3943622120904 202.26673120142502 1.6486838 1.6431966 3.8370745 2.5102923 1.3198211 34.307816 1.5557891 2.6592879373601055 
Car -1 -1 0 680.761254853364 140.68202829913938 774.1656254208583 216.57838359073318 1.6615255 1.6499931 3.9837384 2.7778087 0.95721555 17.788185 1.570325 3.1063237201630534 
Car -1 -1 0 659.4232069328241 178.45037505927064 722.9154216703903 227.62573549931756 1.5328617 1.6191901 3.887806 2.7335315 1.7413803 24.912182 1.5344554 3.6309440730126665 
Car -1 -1 0 527.1245796945782 175.38497416214597 556.4186839187042 196.74902001092082 1.5633055 1.6465137 4.0977187 -5.2508197 1.7656704 55.503677 1.3262907 0.5303714871406555 
Car -1 -1 0 471.36794321895417 158.60384731408567 526.0127593657642 178.09307521239296 1.5175794 1.6396053 4.0380716 -8.741189 0.40795392 57.072754 0.034190588 1.3193862601134616 
Car -1 -1 0 626.4024126498468 175.24624536773257 657.2714334370285 196.74921320465285 1.5016445 1.6104002 3.9193578 2.4054427 1.684087 52.94005 1.7889473 0.6934641219464225 
Car -1 -1 0 221.0352178467114 149.00028911261015 288.49506027898497 181.72034565337773 1.5639191 1.5973885 3.6120636 -17.76479 0.42378414 36.299038 1.5779918 0.3932948410511017 
Car -1 -1 0 419.8921811500033 176.8172662668264 508.66296412180867 209.60432079472372 1.5169891 1.6099714 3.8774228 -6.9817204 1.714479 34.807777 0.18424247 0.8789192929373817 
Car -1 -1 0 184.1167268804631 138.50991213404012 276.91732982929375 176.25021922761962 1.5428853 1.6193262 3.8413723 -16.444221 0.13884282 31.519989 1.72519 0.3224383294582367 
Car -1 -1 0 186.1526689621673 150.13601444060262 356.01312140560447 206.2084498132403 1.5460672 1.6618762 4.137532 -9.689071 0.9196714 20.908876 -0.09032033 0.2976367771625519 

