Car -1 -1 0 714.914391650861 177.66510694204905 840.1553762516878 267.05728442012315 1.4926941 1.6103318 3.7683616 3.1285372 1.5996175 14.143862 1.5803673 53.31225756876188 
Car -1 -1 0 50.5569365193427 199.053872126236 312.1281792633482 333.078585816304 1.508411 1.6162719 3.870295 -6.0682964 1.9714729 10.815359 1.5734006 91.56546771445865 
Car -1 -1 0 261.7143259176955 191.77452065160756 406.6444712980615 273.55666585978867 1.5105233 1.6207017 3.950786 -6.0124516 1.9896554 16.26387 1.6131426 70.36695392674515 
Car -1 -1 0 394.6633468644505 182.74006730265913 466.39567523388075 233.24893551792584 1.5249474 1.6259921 3.938688 -5.9973826 1.889077 24.572453 1.5261501 44.66875842972277 
Car -1 -1 0 522.9916894296404 180.27592672786295 547.9045504064023 200.71175649479372 1.5090026 1.628692 4.0582986 -5.7999473 2.1144276 56.811497 1.5493339 4.787942894990281 
Car -1 -1 0 437.25665921288095 182.45950756445077 506.1561974419525 222.8303303210469 1.5330429 1.6167183 3.8774195 -5.7261033 1.9651747 30.41644 1.7335081 1.5737485895474275 
Car -1 -1 0 792.4626058058558 154.28730002768714 845.7022520233425 201.9211690751067 1.5468633 1.6242516 3.9947498 7.489186 0.94392776 25.584034 1.9011042 0.6617067650574809 
Car -1 -1 0 882.0024447928049 158.57178246931088 941.8282385889355 177.41539784849962 1.5032313 1.6517147 4.154921 24.450672 0.3638808 58.42637 -0.019588843 0.3458091616630554 
Car -1 -1 0 557.7316013806404 181.05100770470997 584.1709056304968 202.0823526309455 1.539828 1.6340854 4.0380917 -2.9869695 2.2050877 56.49725 1.6272786 0.5762128010932015 
Car -1 -1 0 686.7226006443639 174.88495700694452 731.8328762251316 202.09126919255698 1.5189267 1.6143432 3.861621 5.833646 1.6445911 42.615604 1.4218122 0.3064226806163788 
Car -1 -1 0 638.9043248656844 175.93408709729144 658.3495100761612 193.52076399342974 1.4816389 1.5870849 3.6212566 3.4003546 1.759466 63.25586 1.5928613 0.26975253224372864 

