Car -1 -1 0 458.2089474881015 184.0997712362418 487.5589145580526 207.19460434690734 1.5342991 1.6301216 4.079845 -9.820528 2.3784904 52.069492 1.4969167 6.571533748807738 
Car -1 -1 0 242.39222545253847 182.2011007048915 360.7215594184374 246.1795431419393 1.602824 1.6386083 3.9297357 -8.649851 1.8958448 20.637436 1.5921971 62.8761216983529 
Car -1 -1 0 593.0593668863867 179.77430411923064 618.5974749220876 204.18383518351843 1.5186166 1.6300322 4.01805 -0.2729057 1.998962 48.059776 1.5533552 2.761410901730382 
Car -1 -1 0 1155.306931535364 122.28877303857946 1242.0 181.36886118665015 1.5049973 1.6070547 3.7760153 16.796684 0.21690619 20.422897 2.0685701 0.7898910316922941 
Car -1 -1 0 382.50017983253224 181.73317732867145 456.21435327577314 230.55998713734832 1.5106425 1.614396 3.8989797 -6.4918513 1.8426259 25.008595 1.5459101 1.1922066466397856 
Car -1 -1 0 786.1737530958928 136.95103688780821 894.7164309914671 188.67059493481173 1.5575697 1.6327493 4.0154552 7.501812 0.47632742 23.864515 1.3578395 0.7239283780537112 
Car -1 -1 0 417.60134864592993 180.61370727853173 478.2612726474317 220.9840075728176 1.4998261 1.6212819 3.9060194 -6.5292373 1.8382806 29.514862 1.5665898 0.8304448672819491 
Car -1 -1 0 288.8874707651094 180.6426329886896 403.6382176054642 247.19851527838537 1.5499518 1.6295089 3.875033 -6.8513165 1.7781138 19.19704 1.57369 1.2791204972209467 
Car -1 -1 0 858.8640890836348 128.2758403297439 1048.8354150955781 195.8509565911651 1.5003896 1.6320581 3.98202 8.133918 0.5106079 17.437332 0.329786 0.3884093165397644 
Car -1 -1 0 732.2708733058438 156.80738360546533 789.3391266810322 188.72173219174363 1.5149934 1.6059293 3.90689 7.666679 0.75325066 36.338425 2.1161723 0.3447154462337494 
Car -1 -1 0 492.7193936270433 184.28061256929047 514.104956277595 201.25424778949656 1.5625252 1.617379 3.9027183 -10.422185 2.7187948 71.04346 1.5475252 0.2709304094314575 
Car -1 -1 0 772.2789258779937 141.848583591418 804.5305592540154 169.93799646249698 1.5267811 1.6150194 3.8139954 10.372975 -0.17687029 41.705544 1.865322 0.2602805197238922 

