Car -1 -1 0 153.16197524317806 192.20639824418328 292.60531575337137 260.992755037379 1.4984511 1.6224841 3.9685833 -9.912474 2.0581841 18.85913 1.5377073 79.6987986112811 
Car -1 -1 0 469.70169557026213 179.93031162937254 542.9853195373307 239.2209923473736 1.5708363 1.6265535 3.8847923 -2.9803154 1.8009794 21.523369 1.5718284 62.22819394478301 
Car -1 -1 0 338.8445118452423 187.1771062328229 388.651093812678 219.37437570055624 1.5362597 1.6315386 3.9540772 -12.974855 2.3370037 38.292694 1.4759215 12.35947315679936 
Car -1 -1 0 945.4096510189687 140.12420077436698 1100.719658916861 209.59282866298798 1.5569804 1.6213787 3.8153348 10.172651 0.8234167 18.103848 1.5393274 1.2325745304665772 
Car -1 -1 0 558.7027193776897 178.84036140545462 621.7313041672166 204.50705645414928 1.5466851 1.6383984 3.9662118 -1.269855 1.9465461 46.283646 0.7077678 0.6740540862083435 
Car -1 -1 0 71.53515393838461 183.54480748977724 219.69936536926755 230.86084958106272 1.5108049 1.6245286 3.9378133 -15.501171 1.8821124 24.235683 0.006168288 2.16210297906906 
Car -1 -1 0 411.24244063259783 180.86017944354904 473.47890320760933 223.72291947967304 1.5043763 1.6055745 3.6932127 -6.3800526 1.8343592 27.878975 1.553837 0.3875110447406769 
Car -1 -1 0 363.710092210789 179.40644013723056 435.2981559712744 233.639986557437 1.5103533 1.6111339 3.8252556 -6.475043 1.7336429 22.58333 1.4337353 0.35245293378829956 
Car -1 -1 0 645.3266483733307 178.97413859295287 750.2412358415651 219.3000052006647 1.5345876 1.6235073 3.8743122 3.4955032 1.7889376 28.88894 -0.1531842 0.35083091259002686 
Car -1 -1 0 694.1586323509848 174.3913227352207 740.3876508002794 199.48805626896151 1.5210496 1.6194662 3.8589766 6.819343 1.6235468 46.04503 1.3448476 0.2935340702533722 
Car -1 -1 0 977.155950741358 137.8425997299064 1041.5616918205135 172.55355842765624 1.5657198 1.6240801 3.8973455 19.110033 -0.015293837 34.655807 1.7759929 0.2886922359466553 
Car -1 -1 0 241.37304203237937 178.32123711203369 336.7605341015751 247.321054626189 1.5589846 1.6159605 3.9023252 -8.17808 1.7166777 18.722513 1.325355 0.30726952501918725 

