Car -1 -1 0 688.3101725109789 178.2104019490101 739.4341041973053 227.71900968992261 1.5698141 1.6455133 4.232335 3.6660175 1.7759479 25.561584 1.7023988 30.721517273308226 
Car -1 -1 0 425.43127763865346 179.70919346686338 513.9280515050767 231.5429334907256 1.5171635 1.6229516 3.9258876 -4.488989 1.7622261 23.729582 1.725008 50.651148846871045 
Car -1 -1 0 0.0 183.22035527206063 235.66510447775167 341.85097334090625 1.5218618 1.616549 3.8978775 -6.790451 1.6837674 9.2290745 1.7061421 74.19721450471235 
Car -1 -1 0 521.6352486616047 180.05254292269896 574.1323673753932 216.49095893996184 1.5286684 1.6221406 3.9143622 -2.7640107 1.8794713 33.119717 1.6950828 19.07872000935213 
Car -1 -1 0 559.9968589566012 181.89930505369938 593.5457219163804 210.89631506236358 1.5179666 1.6237247 3.9370337 -1.8180149 2.0569296 41.00296 1.5978537 0.7416361641428071 
Car -1 -1 0 572.3754535397792 176.41059285214442 625.231515967299 216.5263075160039 1.5398823 1.6252178 3.938238 -0.38172776 1.6985384 30.124876 1.7089208 0.7866346886337193 
Car -1 -1 0 586.6007709187123 179.19234487002598 615.8320378229425 201.89428103678088 1.4908875 1.609005 3.8837352 -0.5467805 1.9524263 50.52519 1.6749802 0.571241893386463 
Car -1 -1 0 394.586113158827 167.36029160407426 512.8677644003803 239.28639273464523 1.5312878 1.6149297 3.8318858 -3.6016014 1.4143281 17.360909 1.6920782 0.3484026789665222 
Car -1 -1 0 594.3923847903719 176.81430920401587 631.8847183314325 208.15797362047792 1.508836 1.6225986 3.9711602 0.23461398 1.7247992 37.29903 1.6566279 0.6810460307972838 
Car -1 -1 0 965.9131299056976 182.140591305879 1124.91431775391 270.6027582160287 1.6107448 1.6249537 3.7208593 9.15351 1.8356215 15.5109625 1.7213092 0.28267809748649597 

