Car -1 -1 0 192.0313280145056 184.347652450915 454.37508622298174 345.34919441553205 1.548085 1.6221685 3.8462029 -3.1527898 1.5397384 8.857693 1.5995777 83.77595333489073 
Car -1 -1 0 561.246100319266 181.13044485651403 613.0519901457036 229.98394720077212 1.5084851 1.6006048 3.365088 -0.66477853 1.3823417 23.900457 1.5434229 27.31865901262215 
Car -1 -1 0 466.8947061115493 179.98554621725174 535.5321974278608 232.78271674811737 1.5309445 1.6264691 3.9742415 -3.2718234 1.3792872 22.838406 1.5623193 30.521178039434975 
Car -1 -1 0 373.4618445515582 179.92914683607185 416.761648638986 205.2074251542227 1.4515564 1.6001663 3.7194788 -12.677089 1.1479864 43.161617 1.5410738 5.147353183273782 
Car -1 -1 0 406.0561844449427 179.7703064983038 457.61894756260443 214.1370921761869 1.5561914 1.6203221 3.6492028 -8.32229 1.3096141 34.38646 1.557346 30.680047245177732 
Car -1 -1 0 456.17444451085623 175.19214361494437 490.54247795736944 199.89363340397387 1.5655422 1.6247928 3.8836143 -8.800024 0.93026483 47.518482 1.5497167 4.129148648527848 
Car -1 -1 0 533.8201682750116 179.03473452406442 558.9198471605762 201.8078991301081 1.4829466 1.6090556 3.8409839 -4.1613626 1.0804536 48.806427 1.4630976 3.1718736432963652 
Car -1 -1 0 44.09791243146689 187.08258526039137 204.92203951868322 253.51740500790925 1.5028865 1.6146634 3.9080927 -12.106898 1.5557365 18.361948 1.5259662 4.136046266651624 
Car -1 -1 0 244.4910643347952 184.3514747825655 327.1026637212882 226.54330760820184 1.538177 1.6175678 3.9350793 -12.49602 1.5066702 28.20639 1.5295203 5.475870807295499 
Car -1 -1 0 278.96429576677855 170.36766766094888 389.82773893966134 229.83815012994947 1.5469884 1.6198418 4.033289 -7.7109327 1.1607509 20.726845 1.5843704 1.4655793885807036 
Car -1 -1 0 592.0180967084932 181.1099218700128 649.6115060197246 225.05961595316663 1.5250242 1.6252418 3.895771 0.43776184 1.3825566 26.976822 1.4475453 0.5090593099594116 
Car -1 -1 0 504.5575296276876 181.17393320645965 547.4538291053225 214.49622800328842 1.5521901 1.6092036 3.7505753 -3.9401283 1.3639201 35.37772 1.592878 0.47070807218551636 
Car -1 -1 0 529.054733314295 155.64321599220278 557.0863217802338 179.1621295522827 1.5335352 1.6197431 3.8402078 -4.4035807 -0.43547738 49.78793 1.5651698 1.4016360652486781 
Car -1 -1 0 699.4737972455777 160.9189453462817 749.507865049164 198.55420203965429 1.5023965 1.5975031 3.6592925 5.0588107 0.532472 30.681993 1.8770089 0.4237508475780487 
Car -1 -1 0 658.9738258303164 182.4577936758653 706.6354169483276 209.50448380858649 1.4999311 1.6131266 3.9553702 4.356014 1.3469857 41.96906 1.3580858 0.3126241862773895 
Car -1 -1 0 613.9716799417896 184.70894853348142 688.5081105797277 248.8040772776475 1.4861407 1.618172 3.8736606 1.0413897 1.474391 18.62038 1.5507798 0.2764500081539154 
Car -1 -1 0 420.66160165925794 158.25164775860543 438.90183339737393 175.03516622891993 1.5058583 1.6225424 3.963799 -17.099823 -1.0101027 69.19961 1.3080127 0.26545485854148865 

