Car -1 -1 0 585.0972462012784 180.07610023835554 611.553874378392 205.2113273718092 1.58342 1.6342309 3.9566154 -0.72068137 2.0898166 48.596737 1.5927954 2.0574813789952775 
Car -1 -1 0 412.3277076447964 179.27176052511473 472.88761826704285 221.29385606690775 1.5209727 1.6125374 3.8306324 -6.5464153 1.7929704 28.643755 1.5436519 2.1957726305148375 
Car -1 -1 0 429.6927271316922 183.86463481383691 458.8418052206743 203.2341770234029 1.484213 1.6174212 3.9241016 -13.733482 2.4294508 59.821262 1.148181 0.44827738404273987 
Car -1 -1 0 610.3136762362652 203.8759982964594 655.4522913206039 248.8489136500463 1.5153632 1.6231693 3.8811884 0.9982112 2.8514342 29.074324 1.6538451 0.3069532811641693 
Car -1 -1 0 366.78127988349314 180.00274566189697 446.1534058281509 232.2962835956189 1.5142286 1.6190239 3.8506908 -6.473894 1.7652571 23.382174 1.5328487 0.2993924021720886 
Car -1 -1 0 268.9638325159272 177.55833197244746 394.14337759757115 246.8339360447879 1.5312257 1.6245981 3.8673215 -6.8279324 1.662255 18.154589 1.5816437 0.2935965657234192 
Car -1 -1 0 462.73898540792703 179.46130539260005 510.7654161957573 210.61673374082417 1.5623199 1.6233374 3.9445534 -6.5884027 1.9388167 39.079926 1.656767 0.2906090021133423 
Car -1 -1 0 73.1352291121575 194.5732080551697 172.462588173374 241.4478422377311 1.5500914 1.6140149 3.8790998 -18.594868 2.4471173 27.770731 1.4376156 0.40064072663197015 
Car -1 -1 0 670.892240176253 182.11037685244335 702.0369306759846 206.22263840307556 1.4998517 1.6214743 3.9582222 5.115952 2.14624 48.397427 1.558689 0.25813770294189453 
Car -1 -1 0 745.6291625779538 172.97061293585836 1214.5301137268605 375.0 1.5286393 1.6113323 3.8081605 2.519185 1.5299366 6.0347233 1.441373 0.25425446033477783 

