Car -1 -1 0 742.5048447312516 173.35023147834306 862.1738462927879 223.90125023895325 1.5039935 1.6039869 3.7552524 6.185431 1.5215764 23.536684 1.0582829 53.68902315318989 
Car -1 -1 0 622.5295659893461 174.64194958364004 670.46865285482 207.28383486849856 1.5215224 1.6130662 3.7003396 1.7769586 1.6151011 35.805805 1.4037502 34.31218262085503 
Car -1 -1 0 268.1458246403423 176.26967523967937 386.4411155248047 252.4319668707587 1.5213621 1.6267005 3.9379702 -6.345951 1.6099212 16.652386 1.4455899 9.840398056602577 
Car -1 -1 0 135.47853838389045 173.41619050530923 372.6466671355545 256.3590635063004 1.5902996 1.6591163 4.0067663 -7.094964 1.6023846 14.678034 -0.0014163908 27.73851149088173 
Car -1 -1 0 611.242389630593 172.4427214161491 639.030814606397 197.87197798121147 1.5221345 1.6213117 3.938898 1.012851 1.4975162 45.19844 1.6227885 4.506321763176947 
Car -1 -1 0 401.4001053537119 174.07291012315486 498.423486492671 211.31682852439926 1.5681053 1.6437402 3.912397 -6.8803325 1.6227095 31.3821 -0.061800353 5.733974287769714 
Car -1 -1 0 437.22973821337416 174.8853830154211 506.8781038340944 205.08605891048458 1.5134585 1.6142867 3.8742685 -7.3338842 1.626642 38.307938 0.73122656 1.0273294513501676 
Car -1 -1 0 354.3401921042979 166.59194141739243 455.9467372673888 234.9277061976881 1.6879588 1.6716027 3.978584 -5.7409887 1.5332799 19.953686 1.0154799 0.9948603001577364 
Car -1 -1 0 439.9678042516378 172.31942819929688 480.40079240128017 199.15879700299567 1.5218136 1.6038868 3.936078 -8.822592 1.4915028 42.88327 1.5664504 0.7042383947280055 
Car -1 -1 0 281.7505453410471 156.88938757228982 398.0218815438045 232.1875794187281 1.8869536 1.6912185 4.4782734 -7.419815 1.4868844 20.339157 1.5482835 0.4268706420263936 

