Car -1 -1 0 746.1918748919929 176.50189312512333 847.5954411985717 239.76169303886277 1.4781034 1.6220585 4.0640244 4.8236966 1.5850961 19.128263 1.5677621 30.45744425106983 
Car -1 -1 0 669.8479694828517 179.64908497678346 732.8923265409945 239.3028022578894 1.4926848 1.6116651 3.8708677 2.5256958 1.7046127 20.506626 1.656017 30.30506145713469 
Car -1 -1 0 281.17635371083543 193.55319140607602 407.7978077270446 268.24734868983614 1.4786984 1.6021025 3.7749004 -6.437741 2.0311732 17.310867 0.8511853 56.78615671774888 
Car -1 -1 0 346.56149536069603 180.72481979711765 442.18617603264704 215.4991324480893 1.5453727 1.6420896 3.948962 -9.888517 1.9188952 33.354332 -0.03386542 10.258796680053385 
Car -1 -1 0 148.09034467730748 188.49072539182333 216.9411048660982 231.4418532467278 1.4987928 1.6219081 3.9039564 -16.986023 2.1623993 28.62616 0.8405112 28.075837130226265 
Car -1 -1 0 440.65051908561594 179.61420471675052 669.757742695185 303.68091462701955 1.5920756 1.6223189 3.893183 -1.0123578 1.7183287 11.47617 0.8521398 57.62300000614431 
Car -1 -1 0 292.9770554286899 183.61024435626086 381.02357356680864 213.90699039545441 1.5137281 1.6425525 4.041102 -14.230554 2.0934541 37.841286 -0.11474964 4.4732845041373475 
Car -1 -1 0 845.172886566998 172.92258446613124 996.8834824997429 227.71116192119635 1.5089827 1.6258625 3.9736972 9.064602 1.5111428 21.301765 0.33792862 1.061072500764952 
Car -1 -1 0 827.5824137728947 139.76198495346995 951.9239497664136 186.47756250918536 1.5985827 1.6376426 3.9763997 10.254168 0.46619108 26.51577 0.62306225 2.00037645105063 
Car -1 -1 0 132.61316096773737 185.50764484773669 176.73878661696557 223.04706050128482 1.531615 1.6182 3.8969333 -20.764454 2.145208 32.91314 0.9960212 0.35500505566596985 
Car -1 -1 0 540.7900433829338 153.23648707381565 600.0210431150924 184.48138906388292 1.564677 1.6194487 3.7968643 -2.1237402 0.58227426 38.184803 1.0590925 0.3279076814651489 
Car -1 -1 0 808.7130641312813 127.34831232630793 878.1365936239088 159.99204002095436 1.5145152 1.619483 3.9036744 11.976123 -0.7003619 37.20418 1.3405768 0.3060615658760071 
Car -1 -1 0 694.8970430225169 163.868320251846 782.5186580083613 201.02894152693318 1.5321357 1.6235876 3.9856806 5.6262245 1.1616552 31.880798 1.0471523 0.38567015528678894 
Car -1 -1 0 87.59734452719981 185.4830838976273 115.25304645636753 207.87940667618523 1.5687549 1.6201183 3.7033403 -38.536522 2.5623183 54.775055 0.98341686 0.26523563265800476 
Car -1 -1 0 720.3102694270714 158.69719931282978 795.0511516154143 190.1349915648814 1.5626285 1.6051594 3.7493756 7.7165127 0.85895866 37.85598 0.949774 0.2607400119304657 

