Car -1 -1 0 644.4550687876878 174.12113917081862 725.7876191033001 232.7788874082581 1.4815282 1.6167248 3.9156394 2.0213761 1.5207477 20.321705 1.498894 56.67928181935619 
Car -1 -1 0 242.0150003491544 180.71417517051333 434.79422498360594 248.23021214514037 1.4997376 1.6236396 3.9984145 -6.3881426 1.6980176 17.227848 0.08239181 28.21694402895205 
Car -1 -1 0 155.29259086624438 178.95017858562545 390.1652733306069 257.37964823330833 1.4925383 1.6281598 4.018925 -6.7210884 1.6235927 14.685492 -0.0059335884 41.53808967331613 
Car -1 -1 0 297.77521281969774 177.88038255536793 443.3183168536651 229.375201237441 1.5222871 1.6261377 3.963463 -7.3228936 1.6838424 22.343437 0.01761998 13.662163831688188 
Car -1 -1 0 624.7660466849924 171.12782912791258 663.8800823879105 204.70799077426173 1.5657783 1.6208266 3.8131056 1.6631677 1.48529 35.57653 1.5373104 6.731985027707806 
Car -1 -1 0 467.15541938237806 171.6395248297015 498.2017034309885 200.24093763206236 1.4919534 1.6007271 3.7389393 -6.952832 1.4286017 39.61525 1.4022764 2.3061442769323435 
Car -1 -1 0 492.34327895837725 170.2461952423632 517.993997929213 193.836624099116 1.5578036 1.6182079 3.9009025 -7.1507936 1.3855959 49.674664 1.4605594 0.48712432384490967 
Car -1 -1 0 184.46811051729983 184.11459192348917 441.2667995349491 375.0 1.5661157 1.620677 3.8803947 -2.546288 1.7088566 7.0846534 1.372862 0.44746673107147217 
Car -1 -1 0 399.0879506225596 174.58263138589152 499.1767167211132 210.8897201458414 1.5356008 1.6298597 3.9943483 -7.0517645 1.6147645 31.8377 0.20566258 1.0504542909835026 
Car -1 -1 0 476.5050115538496 173.2976403913707 519.0388239082758 199.2900357742673 1.5531809 1.606298 3.7535324 -6.9443464 1.5821563 45.154476 1.7127969 0.3776377737522125 
Car -1 -1 0 595.6381957152008 174.36023859843948 658.4271635860034 234.45793801069541 1.5466707 1.6245295 3.9360147 0.452747 1.5938587 20.636396 1.5711367 0.280876483763436 

