Car -1 -1 0 444.6216727890487 181.54988023258244 486.82851514499566 211.0783031949695 1.5212338 1.6236857 3.981829 -7.985937 2.0317295 40.354996 1.555335 3.0818461497412346 
Car -1 -1 0 305.6469457383025 193.36968048264475 342.4934754180521 213.2145134785605 1.5194213 1.6272148 3.9480011 -24.220186 3.3200808 61.34173 1.5537474 0.5862216353416443 
Car -1 -1 0 636.328567318826 187.30732223270715 685.8088861330518 229.25278143240305 1.4935849 1.6120574 3.8387747 2.0031075 2.1127698 28.970318 1.5435966 0.6109130382537842 
Car -1 -1 0 307.6413502183787 181.79334374368162 367.1564975588601 212.68381559159448 1.516274 1.6230783 3.9060156 -14.454259 2.018095 38.53163 1.5959386 1.2343961040911506 
Car -1 -1 0 231.73816990850875 183.26385139331842 312.45537508894074 222.7377140359881 1.5136867 1.6223449 3.8937502 -14.224952 1.9839988 30.648043 1.5660547 0.4762619137763977 
Car -1 -1 0 151.21300487276855 183.49654305458048 256.1798681223922 229.18407804548448 1.51079 1.6087142 3.8048272 -14.884465 1.933241 26.702106 1.6190865 0.30804829269813305 
Car -1 -1 0 500.9898940723853 180.9319766991929 521.0467469781869 199.03248665996057 1.4876817 1.6360662 4.19432 -8.630748 2.2220078 63.41736 1.4615638 0.2745544910430908 
Car -1 -1 0 7.442156232165999 195.22280736021352 86.58330652486613 220.58050090544407 1.5030708 1.6177335 3.9719007 -37.870716 3.0788398 48.687565 1.9025793 0.2708917558193207 
Car -1 -1 0 627.5498090210626 181.78046470199925 672.7869205030312 215.5254436679612 1.5105572 1.6209172 3.8544068 1.9325211 1.9727359 35.357903 1.4673043 0.25211063027381897 

