Car -1 -1 0 791.8189920160512 176.51724340287223 1229.2058769304779 375.0 1.4959742 1.6099737 3.7456427 2.9099553 1.5373087 6.2429256 1.5374568 63.85988177426245 
Car -1 -1 0 41.106475578733075 188.09209398869112 316.9133609600429 348.9687985458548 1.4885373 1.6131195 3.905977 -5.0459485 1.7242334 9.112284 1.4275174 37.793326154396055 
Car -1 -1 0 229.5738026480692 183.90926791745392 369.95940488840273 275.29809207107536 1.4946305 1.6179452 3.9323485 -5.9662094 1.7463248 14.363483 1.4233103 45.85414423769406 
Car -1 -1 0 402.6182977533993 179.48871694940505 452.61436991848433 218.63226459852814 1.511408 1.6174765 3.873345 -7.6389923 1.8111582 30.572561 1.4395665 16.331175226706772 
Car -1 -1 0 588.1190973825087 173.85979576247118 651.9032009159406 222.8873258667239 1.5721679 1.6143898 3.5694745 0.29164138 1.6098038 25.107286 1.4077893 53.17399468693949 
Car -1 -1 0 657.8175772201186 164.8170736126305 812.3991432525225 266.707872458703 1.57054 1.6219602 3.8525646 2.097777 1.4466591 13.150342 1.4153883 35.8177854810668 
Car -1 -1 0 561.9864871428907 174.5307513694763 607.421917751588 208.95409074176231 1.5813458 1.6259087 3.8353426 -1.2730973 1.6683152 35.384754 1.3733302 8.864494863168618 
Car -1 -1 0 195.23241190832218 185.14616325725532 403.53174552603434 343.6821270922638 1.5360694 1.6037719 3.8244984 -3.715972 1.7292467 9.321626 1.4064125 0.8532364536523472 
Car -1 -1 0 718.9926696661696 144.03198335380975 782.342563851102 182.8875624844251 1.6451356 1.6473582 3.9942057 6.2995095 0.4248184 32.63357 1.4464471 0.8075020171830213 
Car -1 -1 0 512.5898103243185 174.9238705396151 528.6722617382346 189.90045596755542 1.5674822 1.6074034 3.6995573 -9.587344 1.7966244 77.96202 1.480087 0.33280149102211 
Car -1 -1 0 673.1946272102462 176.6968031978377 795.3448169518604 226.9126923013502 1.5793774 1.6213669 3.8440757 4.240183 1.7214526 24.826647 0.69125545 0.42050909996032715 
Car -1 -1 0 642.6041759184066 181.38019256477503 756.6482071902954 252.3469360915255 1.4798115 1.6223693 3.9488368 2.0610385 1.7129966 17.64099 1.3797187 0.30944356322288513 
Car -1 -1 0 429.4899709569046 175.97463162792175 461.6472433436513 205.84212632319935 1.5224851 1.6094146 3.7206733 -8.859906 1.7004974 39.176796 1.372498 0.27285194396972656 

