Car -1 -1 0 760.3387092080159 174.92967941185242 928.1326613626168 233.50056779110437 1.5545243 1.6589947 4.1235595 6.434331 1.6147271 20.069275 -0.013954064 72.38135452567231 
Car -1 -1 0 209.1668322735566 170.34067826029286 414.176129357437 242.9642846523151 1.5439157 1.6309805 3.959545 -6.6204443 1.4904846 16.274324 0.06119985 22.422093177302372 
Car -1 -1 0 920.4346448761524 190.93481947765474 1242.0 320.4550273730509 1.5046116 1.640438 4.096352 6.5731983 1.7733848 9.697403 0.103957124 86.40538710387601 
Car -1 -1 0 854.0956096573191 181.97156246307776 1145.0844032470584 283.5944640603354 1.5472975 1.6391256 4.035123 6.4135933 1.7161324 12.271353 0.13823989 37.73510599467062 
Car -1 -1 0 368.7138460847673 173.12665833559666 492.00032010871803 218.08725804649632 1.5603639 1.6474133 4.005776 -6.3723335 1.5704896 25.923946 0.024386011 26.781800322326067 
Car -1 -1 0 248.6566798061356 176.27807518729298 425.3922365573341 237.61222070752842 1.507999 1.6214088 3.97445 -6.985587 1.6011147 18.73075 0.040800683 8.37338478669431 
Car -1 -1 0 474.89387806383115 169.69455141707513 514.7328888494272 209.2427443761506 1.6449485 1.6429188 3.687676 -5.029772 1.5135357 31.947266 1.4386957 5.52966876651227 
Car -1 -1 0 427.1728712259966 168.09046896590152 476.5678836514252 206.5182117502697 1.4990371 1.6087339 3.8922026 -6.5238633 1.3132153 30.167818 1.4632833 1.3905694067246983 
Car -1 -1 0 648.8370095000199 170.24241396778808 699.9645589418548 215.26990544063412 1.6713213 1.6376001 3.9330873 2.5150857 1.5743848 28.758427 1.5584078 2.4756027648433205 
Car -1 -1 0 641.897726378211 174.0699959800315 691.2668471116555 212.6223379546482 1.5537741 1.614651 3.8381114 2.399211 1.6096078 31.167103 1.5120506 1.5699649345661095 
Car -1 -1 0 511.2369041110825 160.38025899543896 554.9160510512593 176.51016658800987 1.5149992 1.6353661 4.0520916 -7.2533283 0.34340453 68.69052 -0.05114923 1.053307856840752 
Car -1 -1 0 286.21696690387483 133.58805701851819 328.92114973629975 173.05392167315435 1.6365198 1.6401018 3.9874349 -13.360824 0.008289933 32.075066 1.2024319 0.2637571394443512 

