Car -1 -1 0 425.1915323168718 180.2594936156738 499.94187391228326 233.67248514114988 1.5214105 1.611261 3.5794287 -4.3871117 1.3802384 22.269402 1.5659765 82.27615332267632 
Car -1 -1 0 52.95961473103403 184.9513054385681 261.5466847655036 279.67455767391584 1.5141968 1.6209029 3.7968924 -8.118916 1.5099703 13.417964 1.5343664 65.52177469933063 
Car -1 -1 0 677.5375586857681 182.38056620767594 763.786083145343 244.97647321506497 1.4914173 1.6088476 3.610391 2.885136 1.4238671 18.955101 1.5420712 69.30966140804202 
Car -1 -1 0 199.925024328808 182.16560440841283 431.70957176653786 320.91109361618265 1.5344946 1.6223081 3.8770442 -3.6960695 1.5007613 9.890136 1.5692847 86.70822891156426 
Car -1 -1 0 491.3273089573652 179.64238121875007 531.3150389503567 211.4771739363447 1.4716018 1.6180011 4.017502 -4.647793 1.2139685 35.276443 1.5211073 12.57094725553766 
Car -1 -1 0 627.4588959584887 177.0242946690718 657.761430080711 202.12981384765362 1.547168 1.6292036 3.9106262 2.2396913 1.0423596 46.282524 1.5368083 9.791724638162659 
Car -1 -1 0 519.1664973572985 176.23183165444485 546.6183981395282 200.99148638534635 1.5130907 1.6200569 3.9600096 -4.7118464 0.9640764 45.962585 1.4998045 5.175753517374168 
Car -1 -1 0 379.609963851539 172.51250587633274 440.52449312945373 211.224732086895 1.627198 1.6431515 3.9875836 -8.748462 1.0932424 32.211243 1.5687876 11.37014288437119 
Car -1 -1 0 582.7861751329466 177.93704570039156 613.3973384170276 204.60503853359697 1.4995277 1.6065972 3.5726538 -0.49748158 1.0902528 42.239212 1.6125532 7.746002673221313 
Car -1 -1 0 283.2776982336586 181.9177838777708 376.54743457086767 234.99053139230378 1.5274296 1.6253232 3.8740053 -8.614687 1.4325159 22.666435 1.5171175 6.412317466536415 
Car -1 -1 0 571.1372075479311 179.2766772393819 607.1014892616837 201.8715668816891 1.5175924 1.6125907 3.7017643 -1.2236011 1.1186963 50.270344 1.8069825 1.6627096100836312 

