Car -1 -1 0 222.01249710183768 185.72863539421104 344.8869146255578 250.6999674624995 1.5141737 1.6228523 3.95536 -8.689343 1.899533 19.6016 1.548561 49.977983334690684 
Car -1 -1 0 583.7277709301285 177.3005725276322 609.3400033304945 201.61364394559791 1.5443249 1.6238252 3.9296768 -0.84116876 1.8554927 48.52217 1.577887 2.540323831905264 
Car -1 -1 0 285.9020526735549 174.2966364811057 360.6342623529758 214.86575167938554 1.6159366 1.6328707 3.9367886 -12.138111 1.6815504 30.848505 1.5708517 7.8722780702714354 
Car -1 -1 0 459.21846106211535 179.45474965318016 490.1400558918761 203.1371896241766 1.609313 1.6303456 3.798775 -9.684553 2.1028736 52.027832 1.5394077 2.1627306498644945 
Car -1 -1 0 409.05502304067636 176.6530990717131 471.2041402817149 216.2168366226654 1.4913708 1.6163119 3.8935962 -6.848728 1.6570812 29.522697 1.5743064 1.190189161967301 
Car -1 -1 0 386.6758207216065 178.43876789847346 459.6029222788949 226.1595052799559 1.5207427 1.6206273 3.8885486 -6.4658875 1.7325603 25.409035 1.554425 1.0463480521247284 
Car -1 -1 0 683.2411832201092 166.84145610425168 707.6555789378859 190.3943524491572 1.6326296 1.6132784 3.3850017 6.132546 1.2158544 51.767387 1.6516842 0.2904088497161865 
Car -1 -1 0 1040.5264542802147 129.25995261603614 1174.6605260576416 177.23751890961626 1.6361378 1.6611205 3.9530761 18.2062 0.14948726 26.466732 0.65316486 0.27002787590026855 
Car -1 -1 0 177.5296413304454 178.3123336718576 345.7891216364898 266.4238788184247 1.5545443 1.6257428 3.8843434 -6.966155 1.682132 14.918564 1.5644679 0.2527475357055664 

