Car -1 -1 0 559.8369137595695 169.77988764297638 594.0226378034467 197.22866605040736 1.5519924 1.6460438 4.1374474 -1.3476338 0.8886306 42.731915 1.6335158 13.107503332027745 
Car -1 -1 0 327.134675350215 179.0658174842819 394.84846114033473 208.21092651689858 1.4632329 1.6087496 3.9438348 -12.636465 1.3404117 38.16417 1.7912564 6.833877116010499 
Car -1 -1 0 14.609022961171407 183.34809503924268 209.13951202840167 245.65810286444557 1.5362022 1.6454372 4.1086354 -12.967063 1.5897719 19.381704 -0.41341776 41.46463862676365 
Car -1 -1 0 375.4243602250912 174.6252048507751 501.74738339925267 222.57121155345075 1.5211284 1.6225095 3.9250016 -5.501128 1.3026323 24.67117 -0.6965462 51.68488495849812 
Car -1 -1 0 0.0 168.06981308658231 96.66449171011217 204.64544914513428 1.5503572 1.6363478 3.9457462 -24.806496 0.980565 31.655483 -0.20741235 2.320893813924687 
Car -1 -1 0 595.9712821341934 149.29474149450897 611.6906640092654 163.52565850926928 1.4726516 1.6079971 3.8621514 0.36856556 -2.0836687 81.25476 1.5311222 1.0374847858499086 
Car -1 -1 0 768.0005282547309 152.1297209405628 810.4884397892462 182.97333776855666 1.4856751 1.6050727 3.7579908 9.554934 0.070379734 36.564255 1.6942085 0.3942795395851135 
Car -1 -1 0 650.6280988225859 151.84605527528342 691.032390279617 178.1533361204122 1.5839528 1.6173991 3.6328108 4.433025 -0.22261822 45.676918 1.389014 0.3238508999347687 
Car -1 -1 0 809.760685249371 91.45798313202378 1242.0 375.0 1.5363922 1.6244478 3.9427185 2.9913538 1.0720506 5.7005787 1.6032377 0.382222056388855 
Car -1 -1 0 637.3929474880083 171.4633931102087 670.555175034333 199.1511986097896 1.5297155 1.6212493 3.9424832 3.1571534 0.97453153 41.75843 1.7229736 0.2669790983200073 

