Car -1 -1 0 26.5758339873042 204.3162928083426 303.20586886887315 348.89717532857566 1.4958456 1.6176101 3.889947 -5.961377 2.0299287 10.284149 1.5462999 112.02194970009481 
Car -1 -1 0 678.7822442184766 175.708619311597 747.889782379545 227.62835647428474 1.4889463 1.6125224 3.8588996 3.1926317 1.5869536 22.838654 1.5652987 27.634534683866327 
Car -1 -1 0 349.463997695062 190.23007957630352 444.80467892657833 250.68883628482737 1.4966094 1.6225084 3.9939907 -6.054321 2.0508747 21.013792 1.564641 57.79851639660721 
Car -1 -1 0 426.8950114221615 187.5307557435919 491.93829578746954 230.36844530082126 1.4926523 1.6225575 3.9036627 -5.8397684 2.1122556 28.479925 1.6084378 30.587417315286167 
Car -1 -1 0 899.0591071263178 148.7711767451075 1112.7335665750613 216.59680641296583 1.5066543 1.6360569 4.1001987 9.186825 0.97168696 16.981897 0.06723596 57.49433160688172 
Car -1 -1 0 236.8789202540072 196.08928349037507 390.37511870963345 285.7382476790528 1.5019546 1.6129367 3.8783796 -5.9599895 2.0486007 15.03481 1.5691836 50.67147963905921 
Car -1 -1 0 871.2415327292891 153.8062324680316 1046.7177037473873 212.38483761999143 1.5125182 1.6226392 3.9454813 9.326345 1.0206987 19.469112 0.013960252 18.152380101834133 
Car -1 -1 0 830.6836637753096 160.6775425226559 983.6583651135629 211.78628327871317 1.5011816 1.6241925 4.002564 9.000409 1.1435308 22.037922 0.016343767 10.64622026980827 
Car -1 -1 0 774.4128519135004 143.4345683189571 842.3001254734567 182.46336891381603 1.5540712 1.6292559 3.969284 8.381689 0.3826312 30.753067 1.521373 15.431950086490232 
Car -1 -1 0 662.210286722634 174.85940219231404 718.0177632602715 217.69233639441725 1.5464351 1.6184126 3.7758942 3.0707378 1.629997 28.147633 1.5322254 16.785058976678254 
Car -1 -1 0 789.1917224587786 161.8578521000449 926.3250970863293 207.86389245139932 1.5075712 1.6515464 4.132802 8.371908 1.1472385 24.60276 0.065224655 13.292110429849748 
Car -1 -1 0 648.6466919719884 178.79075984098702 694.9522580330873 209.67031156975432 1.5125346 1.6146891 3.9476037 3.2359643 1.8438368 38.200848 1.4353399 3.628119017510121 
Car -1 -1 0 1063.9918986946516 136.5716953023153 1196.3584271873244 178.03378608839685 1.5350611 1.6308306 3.9335117 19.845984 0.19177234 27.599712 -0.036191165 4.407744587644869 
Car -1 -1 0 459.0389541676449 186.62974869803756 511.2296222189144 222.19948962594958 1.5194187 1.6232592 3.9539924 -5.861881 2.2146409 34.398384 1.6214364 2.974743122624669 
Car -1 -1 0 1145.1541123316558 140.89553192404202 1242.0 181.30124415973893 1.5211136 1.603039 3.908882 23.931143 0.31800485 29.14388 1.5363733 0.4959839880466461 
Car -1 -1 0 230.21170490069088 211.47094103328513 333.12623411047997 271.2402511983275 1.5143749 1.6231647 3.9190674 -10.242281 2.8440955 22.851482 1.5263379 0.8145262542197459 
Car -1 -1 0 594.6611702857134 176.30533731143984 619.0656138160556 190.82239959654018 1.5094509 1.61799 3.8447018 -0.3189667 1.8928666 78.083466 1.2798026 0.5671339144976975 
Car -1 -1 0 59.65292055183875 174.97618821936314 148.96010495201435 204.77700020642467 1.5392978 1.6091839 3.7294831 -27.635376 1.6617117 39.58959 1.9695553 0.31805798411369324 
Car -1 -1 0 69.73476585328018 216.15856168910045 233.4789329380211 290.1730885095901 1.515919 1.6314067 3.9099634 -11.94699 2.7869272 19.15883 1.6580478 0.31419312953948975 
Car -1 -1 0 491.14615177514145 184.3439335286691 536.0312032109907 211.49406550322192 1.4869108 1.6174805 4.100174 -5.723521 2.2134368 43.478065 1.7166919 0.509913332473432 

