Car -1 -1 0 533.802052588451 179.90553882222855 582.561815062566 216.81310435464374 1.5662092 1.6286095 3.8563182 -1.8459225 1.4980286 32.480175 1.6661229 38.11058754968156 
Car -1 -1 0 601.4769319006344 178.92038288367687 630.0967532157451 201.58906233182873 1.5615511 1.6218754 3.7760878 1.0667087 1.3830111 51.43947 1.4759605 2.4824697231536317 
Car -1 -1 0 188.19129550310777 159.54732448246693 271.61968950490694 195.3047741675276 1.5485895 1.6291689 3.9058847 -16.9568 0.59733075 32.838432 0.5609191 1.2576795816421509 
Car -1 -1 0 253.1135263827367 140.9225705262012 365.0384331511562 182.72921386691007 1.5169425 1.6187974 3.9322922 -11.323129 0.044158757 28.178116 2.0706933 0.5663490891456604 
Car -1 -1 0 160.11032305269555 160.92461026003184 249.88776428231833 196.15474186782427 1.5467293 1.6332374 3.9360118 -18.236254 0.6428599 33.11913 0.4431815 2.045227225564869 
Car -1 -1 0 230.98079846842901 189.85688166252837 428.6919707683401 273.04875450560814 1.5293729 1.6226017 3.942542 -5.709627 1.7233863 15.112787 0.45035636 1.5233082351236036 
Car -1 -1 0 113.78122079920158 189.66321533196557 387.08793471208253 284.84632421526896 1.5476512 1.6401526 4.0953236 -6.0958242 1.7034054 12.783859 0.06056094 1.062916025885366 
Car -1 -1 0 299.0183966468835 167.935331787745 377.64927794590386 205.29023791109523 1.5467198 1.6214979 3.9732573 -11.505537 0.98455477 31.818298 1.700615 0.9767789224632208 
Car -1 -1 0 675.9350960890984 184.44927807267453 719.4155013764175 223.13697865566974 1.5340867 1.6182098 3.950239 4.2383223 1.6689779 30.896627 1.7656873 0.38371679186820984 
Car -1 -1 0 574.1653767742024 183.13931083785837 616.8425420377047 216.83014073245124 1.568871 1.614097 3.62391 -0.19158944 1.6536834 35.538742 1.7061841 0.5855833173882227 
Car -1 -1 0 679.9897581674281 167.89513067445947 1242.0 375.0 1.5605221 1.617687 3.8509867 2.6014519 1.4905992 5.6754856 0.85989827 0.9390725426887679 
Car -1 -1 0 230.91975441871173 130.21648910276122 330.1584042907965 169.43415036520796 1.4999621 1.6121048 3.9479928 -13.657273 -0.555665 30.917217 1.9196932 0.32419365644454956 
Car -1 -1 0 870.6384947828611 168.1558483719308 1061.7533224350584 234.81182917230933 1.5394027 1.6414971 4.1664643 9.20373 1.230941 18.29477 0.49028173 0.6542745757666661 
Car -1 -1 0 925.2630829462968 154.98326556606642 1026.4064880359408 196.637683576898 1.488308 1.6256139 4.010619 14.348512 0.5404317 27.715963 1.5115385 0.2596566081047058 
Car -1 -1 0 1066.6411414115857 172.97697368704044 1242.0 239.10044801306637 1.536325 1.628441 3.9266057 13.892379 1.3380158 17.60766 -0.053337555 0.2523878216743469 
Car -1 -1 0 404.49687062108654 144.95664561546096 451.07847152086873 178.54893539611038 1.5490706 1.6158994 4.0060515 -8.474105 -0.15511692 35.545235 1.4970711 0.2520992159843445 

