Car -1 -1 0 423.9887560941186 185.54760545466164 515.5132188519289 250.36557912076992 1.5032107 1.6167994 3.8698318 -3.6489658 1.8799495 19.457424 1.5996066 53.58335834240179 
Car -1 -1 0 176.01907038960397 197.6705540127007 429.6973833111452 360.3127849675058 1.4885021 1.6173185 3.8806417 -3.5468998 1.8704226 9.151814 1.5554917 94.38810640527565 
Car -1 -1 0 761.050732860867 184.7704588827263 1052.1034157891313 370.4585087077434 1.4861437 1.6185677 3.932659 2.8946557 1.6507351 7.996747 1.5743763 76.44051608297436 
Car -1 -1 0 717.0616209128285 181.16820224521024 846.6703575660669 272.52932814987906 1.4940729 1.6106186 3.7661264 3.1810942 1.677444 14.028227 1.5678709 74.08725523599075 
Car -1 -1 0 351.32930005030937 188.52927556401286 476.0012457025069 277.99301554733637 1.4983876 1.6127216 3.8135607 -3.8222523 1.8595576 14.693181 1.538813 53.43153505101704 
Car -1 -1 0 687.3442388672522 178.32610833047931 771.7046757491313 240.03780017562832 1.5120187 1.6154361 3.7819185 3.2038832 1.677636 19.927643 1.546219 33.216181182639446 
Car -1 -1 0 639.3100484882156 179.29811169656543 683.5728813780611 208.33195086060394 1.5498391 1.6186738 3.7513633 2.924751 1.9373634 41.395973 1.3812591 5.481080303522657 
Car -1 -1 0 597.4794688155599 180.8080426568862 624.4934352091127 201.40498495489268 1.4967129 1.6143472 3.8939238 0.1450203 2.1369042 56.03878 1.7007341 1.97522860367859 
Car -1 -1 0 755.3353504213765 174.10337251024725 809.0172613151001 207.59300377598518 1.4886773 1.6029866 3.8422558 8.096802 1.5511302 34.142643 1.5655819 0.5061517953872681 
Car -1 -1 0 692.232601232633 175.4419202009745 718.046378007358 191.24880540186962 1.5673015 1.6283841 3.803333 9.86598 1.8411684 74.28845 1.9883426 1.4198601011346745 
Car -1 -1 0 863.1923471260626 244.84793489353166 985.301069812865 318.29349627694745 1.5085554 1.6141547 3.7857172 8.823117 3.7567844 20.584967 1.4969599 0.37664005160331726 
Car -1 -1 0 419.19662686721927 157.3747188404195 482.59747789120183 182.27704364480405 1.5310017 1.612426 3.8437018 -10.04834 0.57933104 45.641106 -0.26460466 0.512450635433197 
Car -1 -1 0 323.42267723573076 254.89500994065116 465.5144556030613 315.0170445340107 1.5138074 1.6439598 4.006397 -6.7555823 4.2450714 22.783287 0.21911272 0.58582358710392 
Car -1 -1 0 483.17606039097456 182.99944413662462 571.4642274653703 251.40290399802828 1.5276747 1.6148248 3.9607725 -2.0181777 1.8196816 18.741335 1.631948 0.48791680139526167 

