Car -1 -1 0 348.0165171701706 183.74853846051707 416.80769430078743 226.18437584519168 1.5196652 1.620151 3.8267813 -8.566281 1.4671249 27.69377 1.5216265 20.264939243465918 
Car -1 -1 0 465.77246086798186 182.47423811208566 519.3320050904114 221.87810266558574 1.5321444 1.6211724 3.8741298 -4.69466 1.425548 29.891075 1.5675025 24.618090409375405 
Car -1 -1 0 575.3457093052517 178.92408938634537 605.2203745774502 206.54991052534962 1.484678 1.6053983 3.5884228 -0.9137006 1.1465518 40.42943 1.5680892 7.5736542889819685 
Car -1 -1 0 389.28054438972816 186.928466973965 484.77050574572394 254.4269887518969 1.5334092 1.6200209 3.7964087 -4.215288 1.5816858 18.34494 1.5470241 42.63877156682314 
Car -1 -1 0 394.47650024314726 180.32692037651992 435.87616746420815 203.6826119444496 1.4978096 1.6070366 3.810192 -12.777837 1.1842904 48.038143 1.613449 4.141576900080621 
Car -1 -1 0 259.6456097377312 184.98015799351558 370.50794264130394 245.73291600090147 1.5454965 1.6158063 3.8603425 -8.071838 1.5395045 20.23288 1.5509579 4.488164761138904 
Car -1 -1 0 0.0 173.74874517838035 370.7386862989645 375.0 1.6012495 1.6335362 3.9861794 -3.7593493 1.5235535 6.8756742 1.5856018 2.478492080248548 
Car -1 -1 0 261.3032952918778 193.41584187556597 382.64508078046686 291.18843036678527 1.5294323 1.6263286 3.965667 -5.264737 1.7101164 13.719936 1.3300705 0.4338245044377669 
Car -1 -1 0 673.4280254913831 186.48156443232614 717.196687521516 211.66437787571545 1.5273986 1.609859 3.8754017 5.570017 1.6118011 45.868923 1.3649124 0.25757843255996704 

