Car -1 -1 0 42.277056868932725 194.58833190811433 231.4300358294988 281.56341704828776 1.4933879 1.6203047 3.991838 -9.85463 2.0202801 15.450511 1.5102375 69.94834484200781 
Car -1 -1 0 300.85560254297735 187.75562053871465 374.02913199024584 231.57728811836625 1.5032355 1.6174215 3.8356636 -10.481077 2.1232805 28.05578 1.5049884 27.93483199074036 
Car -1 -1 0 406.33877992541323 180.20909467224317 447.2512218450967 207.43131102914094 1.5938189 1.6265599 3.790347 -11.388461 2.0736804 45.17345 1.5633477 5.148020290874971 
Car -1 -1 0 500.6812054916764 182.89174477022206 516.1393578923162 198.244655293149 1.5870197 1.6301035 3.7128465 -11.107625 2.7147365 79.10449 1.4184957 2.112916866012937 
Car -1 -1 0 977.8210427963827 175.36881929295075 1095.4153319828913 215.96704611769138 1.5897124 1.6432536 3.872779 17.484745 1.6978531 29.721176 0.26856542 0.8176911339487866 
Car -1 -1 0 707.9405032673083 177.96185886882742 762.9497187019713 215.14972434956871 1.508193 1.6205044 3.8755043 5.469735 1.7469916 31.767672 1.5355235 1.057042045951796 
Car -1 -1 0 562.6815739383031 179.2823823738758 583.891495967938 196.04741571247447 1.5277928 1.6127397 3.6760998 -3.503106 2.1615973 69.19313 1.4034052 1.0836945517232934 
Car -1 -1 0 358.89367875218403 186.06893322948764 380.7942430146565 204.1503123675705 1.4975244 1.6100435 3.9145694 -21.536432 2.7249289 64.91994 1.31743 0.32711905241012573 
Car -1 -1 0 409.820696133053 182.28005859526127 466.56638963199146 221.1032762623856 1.5092256 1.6168286 3.855209 -7.2729354 1.9389629 30.945576 1.5426439 0.28634729981422424 
Car -1 -1 0 671.505561589984 178.35967375808093 720.3258359883515 208.49961442645113 1.4803202 1.6251246 3.9494636 4.5166774 1.7880346 38.260212 1.4344476 0.27598392963409424 
Car -1 -1 0 426.32350614553883 152.6717785347148 507.0250908789096 183.3386874681121 1.57131 1.6543684 4.0672135 -7.605434 0.53721386 38.347176 -0.29169008 0.26331445574760437 
Car -1 -1 0 649.3934387300095 180.08129766376064 688.0913875684893 206.47549882723075 1.4740899 1.6207603 3.922433 3.5137007 1.9296714 43.44748 1.465448 0.2590080499649048 

