Car -1 -1 0 128.84594285280974 192.74831052132316 440.4409784432498 375.0 1.4955053 1.6223204 3.8942685 -3.1160645 1.7657821 7.851639 1.5754764 66.30505038050325 
Car -1 -1 0 704.4964898048781 187.1098867674447 850.3407443152784 288.280077219717 1.4860662 1.6099402 3.74427 2.8494115 1.7814817 13.044075 1.5237947 46.84754318967558 
Car -1 -1 0 469.1492548558499 184.5526077195263 543.3028109882109 244.9874998272067 1.5109718 1.6186564 3.908338 -2.8727107 1.879462 20.763683 1.5587451 51.393413691239886 
Car -1 -1 0 667.8052443216266 181.61547255330476 765.5017610671946 249.51280346718943 1.4981863 1.6117585 3.8231585 2.6081185 1.7456996 18.407343 1.48084 47.45386351128322 
Car -1 -1 0 750.7097656532932 183.1790911657504 1041.4819765900518 372.98839193001726 1.50927 1.6199785 3.9412186 2.7503629 1.6508983 7.924601 1.5682402 67.94280450548477 
Car -1 -1 0 520.7856413742685 180.4015219614591 571.4416012162092 218.65575967510338 1.5261805 1.6132956 3.8859844 -2.7098927 1.8772765 31.569107 1.6419765 12.752433848400349 
Car -1 -1 0 635.1040268409502 178.09008462496695 666.8184343172226 206.34130344853077 1.5198445 1.6119778 3.6107373 2.3296878 1.8326079 41.29281 1.5719845 10.239996600318579 
Car -1 -1 0 656.0805446325552 175.57077358910655 726.4269633205922 230.5491838939631 1.5796564 1.6234491 3.8572345 2.4996862 1.673243 22.890501 1.5234535 10.909498639747977 
Car -1 -1 0 553.7602955971308 179.74698304392422 582.3428074128836 199.4396260439646 1.4905205 1.6250255 4.0820994 -3.3898625 2.0682926 58.306667 1.3396766 0.8583804929868892 

