Car -1 -1 0 583.2853926257596 177.86346442240367 612.2181757556094 202.2045450309191 1.5419521 1.6244714 3.879727 -0.83150864 1.8929747 48.547703 1.4698473 1.7604980858960704 
Car -1 -1 0 766.9692693756424 158.23986933783445 830.8888958246517 205.85004633728832 1.529054 1.6177484 3.6513991 6.496509 1.0597048 25.073841 1.676499 1.0094787849245268 
Car -1 -1 0 376.5730254033755 178.52531620811675 454.99177355730365 222.89610015409042 1.5126554 1.6168685 3.8561509 -7.1773996 1.7413166 27.099497 1.6595184 0.4857392907142639 
Car -1 -1 0 0.0 200.5295311312307 110.92153677706193 258.3921991181745 1.5174197 1.6194609 3.9095647 -17.815424 2.4738495 22.901491 1.4573104 1.2066865842594579 
Car -1 -1 0 681.5302795873985 179.38598923441668 714.6654909302554 206.9780653085789 1.5429206 1.6320918 3.997029 5.270708 1.9535385 43.33223 1.6053963 0.5775456374667259 
Car -1 -1 0 440.2080791347724 176.74945177878678 490.27673060788663 215.06532963164622 1.5430838 1.6167879 3.8767352 -6.2203016 1.7235409 31.443304 1.5127196 0.40540611743927 
Car -1 -1 0 180.04864118070216 177.7306805053567 341.31814169664887 267.23320000992635 1.5581995 1.6298075 3.953641 -6.9350495 1.6720235 14.811909 1.5005627 0.5179310441017151 
Car -1 -1 0 373.4197924349489 176.97376522875373 446.6860664580087 230.00677057879457 1.5463464 1.6108365 3.748245 -6.337061 1.6902797 23.273941 1.4875062 0.31604281067848206 
Car -1 -1 0 466.0752963309273 177.61118369280132 507.37249753552123 205.96155469230507 1.4811486 1.6103834 3.8227115 -6.7998524 1.7592669 40.262085 1.5830277 0.28884607553482056 

