Car -1 -1 0 667.2364655662913 171.81414676289867 873.7476632296338 251.50729661433311 1.5284834 1.6211076 3.94388 3.3621943 1.3424784 14.781603 0.10045058 2.0241856575012207 
Car -1 -1 0 664.359699181121 164.84385569709346 719.2799454451299 211.8985949495664 1.6661621 1.6379465 3.7835286 3.40654 1.0759522 27.334026 1.5790833 21.459910472088044 
Car -1 -1 0 0.0 207.50230956365357 170.71878150377313 309.52450271121995 1.5198947 1.6165719 3.979876 -9.955526 2.0989969 13.892055 1.3636626 1.7023046751285096 
Car -1 -1 0 732.7016055882556 170.82247889715853 793.5005911509816 208.6236296870688 1.5212309 1.6184734 3.897697 6.913802 1.0910444 30.88185 1.5385774 1.0117908305496053 
Car -1 -1 0 736.6300196424703 175.42300472008355 810.0180602067313 218.69438376916332 1.4998585 1.611519 3.8114033 6.3699827 1.2887965 26.852127 1.5066556 0.4429219663143158 
Car -1 -1 0 816.5896813112802 175.50456799150706 912.594936234727 235.29877625376747 1.4931405 1.6292423 3.973162 7.22003 1.3431218 20.006145 1.6882745 1.2665896068878013 
Car -1 -1 0 589.538769200208 173.7916805201509 739.3026142158678 231.3498849747425 1.5185981 1.62687 3.9250522 1.7034853 1.3149021 19.900076 -0.069492385 0.6994197742778798 
Car -1 -1 0 618.8907247894471 159.76471611207248 657.2985088007817 179.66177552424725 1.4996424 1.6061597 3.661537 2.929153 -0.15072142 56.511272 1.1814829 0.40153634548187256 
Car -1 -1 0 677.2005097023338 178.53010571407316 949.4449715196998 279.8937079697995 1.4946744 1.613677 3.945323 3.2420363 1.4507014 11.5479765 0.07671137 0.38331425189971924 
Car -1 -1 0 686.8798134976532 146.2608455784553 1242.0 375.0 1.6216309 1.6769265 4.025629 2.866731 1.4040135 5.87949 0.32971114 0.9100567534451623 
Car -1 -1 0 511.60419818361646 173.61382717239354 608.9504014242375 211.62813688293426 1.5669112 1.6291363 3.8800814 -1.6917691 1.241348 30.794842 0.2011743 0.29762977361679077 
Car -1 -1 0 856.1558672398717 174.62558529035996 1012.9461625266518 265.12507318347383 1.5095005 1.6169808 3.8920255 6.2943163 1.394634 14.005456 1.6822689 0.5935425048075968 
Car -1 -1 0 641.7033224246868 175.2294449210283 677.3024341559391 202.61400334794342 1.4999917 1.6089299 3.7622046 3.349103 1.1558528 41.254997 1.535759 0.25916072726249695 

