Car -1 -1 0 472.0683655449635 180.27121589189986 509.88971697128574 202.75724901770772 1.5401764 1.641882 4.21595 -8.667046 2.1080844 53.055782 1.6882445 4.010724542425092 
Car -1 -1 0 359.37842348936704 185.3324490034596 428.28552198574897 227.70915631682772 1.5065986 1.6199434 3.9730089 -8.523795 2.0397356 28.828556 1.5552232 5.364394349219389 
Car -1 -1 0 598.5677878762833 176.1816696110311 626.0195799518324 201.69842333137956 1.515628 1.6153065 4.0185013 0.20984319 1.7344913 45.42206 1.6028249 2.7462718330696485 
Car -1 -1 0 301.44153508763395 185.67478668532922 366.90280367068516 225.4726026857843 1.5276365 1.6278789 4.068265 -11.795834 2.118631 31.156181 1.4724102 5.527048761972312 
Car -1 -1 0 389.3565564234714 179.17766791667148 471.7414540950097 227.5450852770998 1.4900057 1.6183307 3.8984742 -6.0332756 1.7244833 24.752611 1.641541 1.1296024019464508 
Car -1 -1 0 417.1723948158071 176.625073492113 486.05354437002563 217.4365868094275 1.5040953 1.6195011 3.8920658 -6.252698 1.6660092 28.97149 1.6566577 0.6895088887300177 
Car -1 -1 0 0.0 189.1189550777592 126.4353569465005 254.76955400068263 1.5129424 1.6209615 3.9451914 -15.217649 2.0001855 19.616547 1.5377612 1.098287795215072 
Car -1 -1 0 658.8821123188146 175.67169612565593 706.7950792749727 202.27032925681343 1.5011355 1.6201162 4.0044317 4.3403788 1.6786137 43.310696 1.3324773 0.3893965482711792 
Car -1 -1 0 123.90200510158607 175.12310287107977 326.36274315948253 280.0594078008207 1.5239537 1.6206048 3.9247272 -6.4165096 1.5697976 12.571529 1.5126636 0.5953064857467791 
Car -1 -1 0 769.2350538514554 148.3588768627248 791.7873142769068 169.90779198077084 1.5598865 1.610847 3.6431377 12.983679 -0.23148358 54.72921 1.8140516 0.3232537806034088 
Car -1 -1 0 84.56552907262854 193.98130978754872 211.03443221062315 245.33766439729726 1.4711181 1.6200507 3.8703105 -15.370658 2.239892 24.276035 1.6290852 0.30730822682380676 
Car -1 -1 0 729.755564800306 174.43143730513438 767.9930684872263 197.95099071781834 1.4954562 1.6125846 3.9628623 9.248709 1.6051718 48.16696 1.5221227 0.2942293882369995 

