Car -1 -1 0 263.6938618273124 191.23208125665047 382.60505159862765 286.7365698598569 1.5101298 1.6196332 3.8997283 -5.5016537 1.9271905 14.292217 1.3443149 53.035702482555216 
Car -1 -1 0 689.2852359818297 181.60712440899556 866.4456786981755 299.07910834901793 1.5153973 1.6108704 3.7011948 2.4733896 1.6785991 11.5241995 1.4590685 65.052775939653 
Car -1 -1 0 543.3865246827778 182.936940733408 579.9247347189772 212.71422712038586 1.539232 1.6213391 3.8259935 -2.7459972 2.1363306 40.699875 1.3876096 14.128855334444783 
Car -1 -1 0 570.4568396945084 184.64535277187966 622.672655722986 225.5004709305466 1.5476294 1.6132054 3.6350002 -0.6064497 2.0758076 30.384998 1.3847216 34.805992997875414 
Car -1 -1 0 322.90751866978746 191.38689902165714 403.14035391146626 258.05906057310847 1.495987 1.6046377 3.8402193 -6.5059037 2.0461726 19.373886 1.35763 10.909047658808552 
Car -1 -1 0 624.226303360622 177.50014933773386 725.675372174662 246.86110810200324 1.5553133 1.622551 3.8692145 1.5529964 1.687634 18.50143 1.3927245 26.147342543390963 
Car -1 -1 0 407.7590501767304 188.4693670007646 446.98860210743493 223.87769885945735 1.5420032 1.6125281 3.7987986 -8.953148 2.350243 35.2908 1.2572536 3.073214064840836 
Car -1 -1 0 495.4506116166604 184.82200930221734 521.3342274983013 199.89211080344256 1.5492492 1.6231667 3.8954496 -11.120075 2.9027927 79.533714 1.7702601 1.885343962816114 
Car -1 -1 0 638.7558916884152 176.11385822303225 738.0100482942288 215.36979139264915 1.587969 1.6484272 3.89403 3.2761319 1.7298305 30.378376 -0.103699796 1.1815905061217635 

