Car -1 -1 0 324.90822873763244 186.49696356556493 415.4310162728629 238.47180945463467 1.5024114 1.6144407 3.8221612 -7.392747 1.5464334 22.786283 1.569185 70.48088749187893 
Car -1 -1 0 26.444433081851567 191.34838905973908 400.27816725364767 375.0 1.511289 1.6170685 3.8076196 -3.4840639 1.5895727 7.2535257 1.5947852 101.7422227836152 
Car -1 -1 0 440.99346470306 184.57645777555203 522.1035825127575 246.72961555885678 1.5153775 1.6157613 3.8057406 -3.2908773 1.499792 19.448662 1.5464334 64.97655052323042 
Car -1 -1 0 408.75399070960685 182.41801757297196 462.2596199935934 217.00878889397998 1.4732524 1.604832 3.7267435 -7.6915026 1.3540967 32.497726 1.5482414 10.491978197566672 
Car -1 -1 0 36.43676915321603 189.15314484985822 260.8442406673491 294.15318793878 1.4978185 1.6100813 3.8256302 -7.5799794 1.5762764 12.36276 1.5055456 32.20276437626417 
Car -1 -1 0 291.94345625475495 183.97111033753532 361.0907864958597 220.6420051805267 1.5309219 1.6200594 3.726212 -12.356159 1.4789634 31.87591 1.5679618 13.96300540131225 
Car -1 -1 0 584.9852239255492 181.66961604273905 620.2514619023136 215.7373015469362 1.5624467 1.6176465 3.4611883 -0.20244476 1.3998127 34.70297 1.575108 11.915344037616183 
Car -1 -1 0 104.90206642539712 189.92798749745026 242.36121128712728 249.8180537625627 1.509941 1.6150662 3.9314096 -12.127733 1.6568427 20.423044 1.5439162 4.741350391138321 
Car -1 -1 0 432.0899569621222 185.0175248112827 473.1414965830134 212.93019731300248 1.4938257 1.6022791 3.9062862 -8.642078 1.4832199 40.452797 1.5341522 0.8761417986594529 
Car -1 -1 0 534.0807284226512 176.58501052919 561.7452944271255 201.6938226071709 1.6963311 1.6524961 3.6867275 -4.121677 1.1132488 50.4125 1.5661728 0.7114905396839771 
Car -1 -1 0 697.4655905852038 144.7978509149264 726.3219137145021 172.66260149784145 1.5128839 1.6113772 3.8898964 6.205393 -0.78428626 42.884453 1.6916281 0.5095959901809692 
Car -1 -1 0 758.4025599392139 141.0439812077848 821.8542891934055 184.3936503727084 1.4991446 1.6109482 3.7879736 6.752763 -0.032945156 26.87148 1.6296169 0.4267474114894867 
Car -1 -1 0 498.5269479210609 185.73540687463253 553.2127286425053 219.3422939521765 1.5164442 1.6183153 3.907106 -3.8410952 1.5429164 34.558353 1.7312922 1.194213416938476 
Car -1 -1 0 614.7412664406017 177.51261711131067 790.0626083984374 332.7008613711712 1.6348746 1.6571795 4.0212007 1.0328286 1.5537243 9.616173 1.5293845 0.3645648956298828 
Car -1 -1 0 132.96227478483854 178.4141738038313 256.87406309917253 219.2953682846721 1.5795622 1.6550378 4.0786567 -16.590958 1.3167658 29.132557 -0.2792041 0.32145020365715027 
Car -1 -1 0 614.9215585066078 182.99582097952904 686.1468135996413 242.81436647469965 1.5228742 1.628328 3.8918529 1.1277771 1.4663601 20.27691 1.5319068 0.5126171708106995 

