Car -1 -1 0 398.53306186515346 180.9793195928782 481.08075882500464 247.58357022041693 1.5256766 1.6143942 3.6308212 -4.1657305 1.4286356 18.35608 1.4665744 88.05451859409662 
Car -1 -1 0 0.0 187.62771629088834 220.9133377157541 295.67858639546387 1.5048846 1.6199424 3.8752308 -8.164221 1.5523629 12.126137 1.4451001 92.60733628197676 
Car -1 -1 0 270.3122221861702 182.55910015761785 352.9978997765471 233.37535796878268 1.510932 1.6266218 4.0595717 -9.542102 1.4319427 23.508492 1.4084104 23.11395424751455 
Car -1 -1 0 526.1999175242266 178.90272492774884 580.5558230027686 229.50317058391266 1.5215662 1.6009672 3.3303046 -1.808064 1.3317337 23.367329 1.4471316 24.462387074474176 
Car -1 -1 0 342.72223304764447 180.18103704474115 397.26653279210666 216.22737171674905 1.5319424 1.6270114 3.9588735 -10.6843 1.317973 32.617577 1.4434389 13.170351993102678 
Car -1 -1 0 252.14962172760184 181.778783345942 316.1055987133949 214.35483497183407 1.504235 1.6215247 3.9653502 -15.74435 1.3455317 35.234955 1.4910095 4.692998726874503 
Car -1 -1 0 142.34457565250042 173.01499031971318 243.70429622403535 225.26184736136636 1.6033677 1.6391497 3.908686 -13.749475 1.2289486 24.11595 1.4196349 6.06361960960608 
Car -1 -1 0 463.8140956107496 175.0287194852343 495.6152844272166 202.30735937574383 1.5299159 1.6122534 3.6686945 -7.44656 0.9585817 42.23021 1.458139 1.2722860228369295 
Car -1 -1 0 318.6655281534903 180.74692144036578 358.54506316433594 206.4341245446869 1.5680392 1.6183413 3.8045251 -17.087078 1.295249 45.880814 1.42572 0.9849862859529448 
Car -1 -1 0 576.9755284899738 189.2019147775952 622.0622425788193 231.41295133388044 1.5024369 1.620557 3.8760157 -0.35775098 1.6682599 27.931423 1.5260215 0.786994397109978 
Car -1 -1 0 512.6472602527383 178.51381135666506 533.6610013421496 198.0061647290654 1.5501492 1.6261303 3.8190222 -6.885426 1.0171748 59.144142 1.4783943 2.3148843119421683 

