Car -1 -1 0 474.8022487414749 193.72544077746684 535.0496207743928 243.87418037657238 1.5080634 1.6235373 3.9155114 -3.588709 2.2974622 25.315655 1.54986 55.04956365502189 
Car -1 -1 0 648.1208084610373 195.2888068224285 675.8391255238084 224.03900651941433 1.5751867 1.622865 3.6269124 3.1812384 3.0095408 44.277756 1.6229272 1.2407702660569695 
Car -1 -1 0 673.9556940139389 183.2625397181548 733.146146301408 234.0090010794925 1.5995705 1.6423743 3.9357781 3.2453327 1.9965276 25.536898 1.5868924 0.9022854389220584 
Car -1 -1 0 992.2854016728259 234.36148255623934 1242.0 375.0 1.5610814 1.6089526 3.764352 6.832809 2.5705438 9.870699 1.7019101 0.9499589721447544 
Car -1 -1 0 533.3000643455317 197.95957004990075 585.2830341102572 251.54414749872686 1.5502114 1.6183237 3.849003 -1.7901629 2.4811823 24.75354 1.4590976 0.47147593072014393 
Car -1 -1 0 931.0920677408047 218.05294300926843 1047.7996235199018 278.13577021972844 1.5262864 1.6146702 3.8415635 12.071574 3.1029892 23.217934 1.5302652 0.5544537598532137 
Car -1 -1 0 502.4407629761118 201.0727799630684 549.7783665880313 232.00161529257022 1.5177282 1.6234155 3.9351182 -4.7157593 3.2136154 41.282764 1.7485597 0.6312032357305075 
Car -1 -1 0 916.7775675304551 209.50935807243744 1024.0662235710042 293.51558719387543 1.5152595 1.6172674 3.9378147 8.335952 2.4856405 16.982546 1.8650088 0.5718621825861611 
Car -1 -1 0 533.7959476296978 168.26621179092436 564.702303897765 197.37247615308954 1.5973282 1.6216618 4.0347857 -3.5261893 1.3455539 41.699005 1.4478543 0.3373352885246277 
Car -1 -1 0 761.6810313451234 194.76527316640383 969.0814697544116 352.00927766334706 1.5303731 1.6308756 3.8718154 3.106332 1.8814104 9.568462 1.645232 0.32847729325294495 
Car -1 -1 0 211.6161432016386 195.4251952921107 379.36599583208323 289.77187619867306 1.5701162 1.6197312 3.8926966 -6.2834086 2.099688 14.943389 1.6224129 0.5770956477611493 
Car -1 -1 0 781.0459201372117 142.5803460011944 820.5663191515712 164.93341135219026 1.4984006 1.6220618 3.9924417 13.686127 -0.5913335 51.837387 1.5253775 0.2889041602611542 

