Car -1 -1 0 617.2883829379272 178.703994819465 705.98342772984 258.09420592371464 1.477565 1.6090103 3.7394817 1.0103117 1.6191348 15.583396 1.5606451 28.168379801972478 
Car -1 -1 0 209.03091149355438 176.23390245649134 424.3939832764915 311.2530548206941 1.6016738 1.6367481 3.8839483 -4.014906 1.660527 10.610503 1.5565766 21.28393723375151 
Car -1 -1 0 142.50932782606424 132.35954179433762 284.2311250431277 218.9938019816069 1.5592663 1.6256453 3.98113 -8.089608 0.8304363 15.113131 1.3308519 3.2099336559746052 
Car -1 -1 0 433.3772961137813 182.11138088696177 487.57600023707914 219.57587985857649 1.5057569 1.6168797 3.9336631 -6.5270042 1.9409769 31.948439 1.5625348 0.9507585587724008 
Car -1 -1 0 550.2761285510442 180.69582883261592 568.1789156954223 196.33195869665136 1.5320883 1.6203998 3.9250524 -5.1826897 2.3647997 74.647675 1.559798 1.6042560612745675 
Car -1 -1 0 68.05740604170724 179.58410493213958 453.6073712807735 316.10019056220347 1.5987861 1.6989986 4.3413286 -4.4457464 1.6975722 9.570831 0.07991914 1.531211934456478 
Car -1 -1 0 679.2149219106724 179.73553851937643 717.2887299124234 208.61999991188372 1.5261734 1.6256342 3.9186728 4.9927807 1.936347 41.0354 1.5551256 0.4801417887210846 
Car -1 -1 0 597.366344538937 169.966266493903 656.013400364555 193.2983980064387 1.5351169 1.6369778 3.9309912 1.1425533 1.3451208 49.41813 0.75751156 0.8223720788955688 
Car -1 -1 0 670.7992748418283 182.8277212675537 715.6085001500679 222.37997169787133 1.5972366 1.6239758 3.7949023 3.6521583 2.06626 32.01704 1.5916257 0.3725087344646454 
Car -1 -1 0 675.0162344129081 177.67696466817196 748.7000799122928 224.23471731566792 1.5128763 1.6135085 3.8552873 3.57834 1.6994148 25.88594 1.431265 0.4847851312771191 
Car -1 -1 0 871.9464092932908 135.04192356348932 1121.1614188097321 260.831223981981 1.5736904 1.6284521 3.9103289 5.566593 1.1006414 11.001563 1.5460066 0.6122364913750282 
Car -1 -1 0 614.7407264649784 178.19748168871516 654.6912727964504 213.9754350323857 1.519799 1.6148078 4.0128374 1.2157044 1.7820668 33.341736 1.6637136 0.540921689788782 
Car -1 -1 0 644.1381406406529 168.42319209026482 710.7162462950901 191.6444094156042 1.4718697 1.6334238 4.133034 4.34336 1.1910241 46.568516 -0.008413622 0.283317893743515 

