Car -1 -1 0 669.2259425456226 179.30099745879028 767.172592472233 253.22060230170698 1.5205224 1.6172924 3.8306785 2.4505525 1.6909025 17.12487 1.5339701 80.99804002983171 
Car -1 -1 0 460.82978488702344 182.8641695800464 531.0402397720388 234.6198647944942 1.5030009 1.6203544 3.9244092 -3.6366796 1.8591583 23.695179 1.589256 63.367548393045325 
Car -1 -1 0 0.0 190.92239356779535 376.2378259608197 375.0 1.4991686 1.6201954 3.9915097 -3.6165986 1.7194467 6.785755 1.5518265 95.89469040117466 
Car -1 -1 0 647.7164908203816 180.6439709361419 712.563094935364 230.80670855418154 1.4934602 1.605851 3.737455 2.2639759 1.7729831 23.982487 1.5186538 20.07011755832468 
Car -1 -1 0 491.8359947993229 180.65641948275973 533.907025245855 220.73638177280608 1.4995143 1.6105524 3.8978803 -3.9349177 1.8436751 29.804476 1.4664652 1.1648171798764912 
Car -1 -1 0 621.0985258698374 176.9393647001032 640.9336468545273 195.22485574311307 1.5366638 1.612325 3.718676 1.9100326 1.9064158 63.396225 1.6356704 3.1110561103370644 
Car -1 -1 0 512.7314371189449 179.25148082762814 551.8779785935927 210.06237976122063 1.5433062 1.6168526 3.8261716 -4.110877 1.9051052 38.87442 1.5935495 3.9708852271266415 
Car -1 -1 0 747.4237704160655 178.11941071965109 824.9504648266927 228.79063586593216 1.5112741 1.6210052 3.9213922 5.743086 1.6999562 23.89193 1.5747154 2.613630852553011 
Car -1 -1 0 634.3909835997364 181.97340835311536 678.2707395946106 223.6121837768452 1.5307782 1.6135101 3.858018 1.8416841 1.925993 29.324112 1.5920718 1.3209452701665143 
Car -1 -1 0 807.8474708160173 169.22990494656509 958.2442530693254 249.37119782444225 1.5412962 1.6166693 3.8481297 5.8158092 1.4715967 15.85508 1.4971957 0.5037978849106602 

