Car -1 -1 0 656.4522473301154 169.120663550164 708.6747913473167 212.88928032914552 1.6197762 1.6301291 3.7921405 3.1892943 1.1611936 28.481508 1.5689495 23.417399609846463 
Car -1 -1 0 694.5457111147531 169.81286954844737 787.0664480841577 248.10754562682868 1.5356824 1.6090627 3.637743 3.0000076 1.30621 15.965148 1.6481831 6.6616446988903375 
Car -1 -1 0 557.2787112742712 175.2515022315195 699.7032481087285 228.28935191805465 1.4921949 1.6219966 4.0151634 0.80956566 1.3160529 21.075756 0.027421398 1.32202451757333 
Car -1 -1 0 725.6596470775133 177.38493334992788 787.8577443039906 213.58001000658427 1.4968274 1.6117935 3.8975656 6.8227105 1.3261462 31.715298 1.4877009 0.6919436980005065 
Car -1 -1 0 0.0 195.93966116276263 260.9558106237553 365.59530825446126 1.5091894 1.6108302 3.876245 -5.6338205 1.7260123 8.7654 1.4335363 1.1987665561570613 
Car -1 -1 0 770.2074494190358 130.81556070042402 846.0373357142806 178.2102662427353 1.5600021 1.6305085 3.943132 7.385443 -0.12815511 25.900019 1.5813289 0.4832730293273926 
Car -1 -1 0 721.9474069194849 161.59694650476825 1242.0 375.0 1.5894511 1.6565843 3.9166243 3.2732592 1.4433615 6.7881174 0.3954321 1.2732716392554995 
Car -1 -1 0 736.598194526908 170.7062937794677 1038.2658594531504 291.7852483725419 1.5058384 1.612422 3.9618409 4.178232 1.3714471 10.943123 0.83466023 0.49441155791282654 
Car -1 -1 0 407.1007327318602 185.83080594331213 476.7164223888155 227.99456679384255 1.4642094 1.6122582 3.8333056 -5.933462 1.6401374 27.304794 1.6260219 0.4039774239063263 
Car -1 -1 0 800.0156663913446 172.30725804690502 891.4581687181679 228.92263965836588 1.4966997 1.6222773 3.9278603 7.048614 1.2533551 21.014315 1.65348 0.9497777847991092 
Car -1 -1 0 808.1252703790826 185.62987750685267 940.9994427303496 263.30005044085965 1.5245719 1.6209054 3.9277363 6.0371456 1.6293998 16.29914 1.6021013 0.4007833543100726 
Car -1 -1 0 513.9179839212973 175.83355474966288 608.8446401756593 212.2340877252851 1.5521497 1.6300379 3.9048145 -1.7075623 1.3100071 31.869062 0.22998987 0.2703585624694824 

