Car -1 -1 0 769.1182336418427 185.93353895047426 999.6692351276068 333.5215262150174 1.4873474 1.6151997 3.8648994 3.3298888 1.6957548 9.5561495 1.581175 102.54736141205612 
Car -1 -1 0 291.9665821542537 175.38878760829576 475.2749605689818 296.8482249474198 1.5095329 1.619597 3.8937979 -3.1978052 1.5550723 11.006075 1.5582358 39.43115518209226 
Car -1 -1 0 487.09398791257536 169.49567122038422 537.2037494248393 213.25123835604046 1.5230534 1.627188 3.9430027 -3.5937638 1.4061558 27.140572 1.4984882 55.06742232031449 
Car -1 -1 0 719.0470837164194 179.08994695386224 846.479118811902 265.1067351022607 1.5168267 1.6104918 3.694241 3.4102218 1.6616008 14.873587 1.5310179 42.20139255724384 
Car -1 -1 0 661.3209301782418 171.8801987464035 721.3433030656216 217.29974022546077 1.5181289 1.6100876 3.7687843 2.8728156 1.4855798 26.029306 1.5347037 19.935325300941372 
Car -1 -1 0 678.511570428969 174.21626868195105 759.7446729806062 230.9554671591407 1.5406439 1.6132214 3.7110937 3.1785066 1.5850226 21.59467 1.4955426 38.06243316453664 
Car -1 -1 0 649.2836481100798 170.78315685350466 704.4334633218573 208.15788222362306 1.5153487 1.6151428 3.9077544 2.8475082 1.4313867 31.287163 1.4575846 6.85125804587732 
Car -1 -1 0 506.55411259258113 169.6759092949961 559.6134731543845 206.6396679916391 1.517212 1.60602 3.8579993 -3.2818918 1.3867642 31.60704 1.6568054 0.4203017863303345 
Car -1 -1 0 595.8016300098848 167.27906598582317 610.8558503163032 180.88511076154663 1.4685874 1.6249104 4.0988827 -0.67753834 0.8668487 79.93161 1.5683396 0.5843965209791904 
Car -1 -1 0 235.56633274428407 182.81768841139856 361.4068500898476 263.8335513746602 1.5173825 1.624336 3.894646 -6.746434 1.7674239 16.062107 1.4241867 0.5473575885221758 
Car -1 -1 0 633.5533862521544 174.59934609889063 703.6297216419407 230.89161202462725 1.5431854 1.6247492 3.902835 1.6983854 1.6009518 21.892254 1.5218459 0.2863498150551956 
Car -1 -1 0 397.64362881683365 167.02921457892123 470.45315514146176 222.53181942753045 1.7498428 1.6654294 3.95486 -5.920136 1.5662034 24.754208 1.5347831 0.2578223645687103 

