Car -1 -1 0 279.33707948421164 183.27696599091635 345.5866647003645 218.80408120714452 1.5252347 1.6309358 3.9956021 -13.987364 2.0485258 34.196255 1.5305656 29.635027870902324 
Car -1 -1 0 0.0 188.79750958516095 150.78364158054748 258.01218859912615 1.5194311 1.6228079 3.8755016 -13.873264 1.9769967 18.729229 1.5173749 65.67389160772173 
Car -1 -1 0 0.0 178.15263406170442 82.89888660646069 225.75697252375573 1.5505102 1.6210308 3.9108639 -21.05064 1.7561882 25.980265 1.4687777 8.736762487842219 
Car -1 -1 0 94.9837886675115 180.99088190447748 186.00145713556637 220.61789001533566 1.6455317 1.6481684 4.114356 -21.270363 2.040469 32.922546 1.516991 1.215728233606588 
Car -1 -1 0 806.2066631833245 185.66568565229252 946.2838599951992 234.35077215936954 1.5489539 1.6536982 4.130345 8.956998 1.999469 24.416044 -0.063582934 0.4597254693508148 
Car -1 -1 0 413.30692918410534 180.242875482341 445.6474847205244 200.217646841235 1.4679861 1.6196153 4.0392785 -14.074413 2.0682259 56.57528 1.5457277 0.9949558495511421 
Car -1 -1 0 857.8134930485529 201.45246817795243 893.9625802578919 220.73203887183618 1.5156302 1.6188152 4.0360966 23.88889 4.1674137 64.854324 1.5291048 0.820603419973758 
Car -1 -1 0 247.11812920533325 182.5937380508052 311.34367730516266 214.9591758680513 1.4967314 1.6195574 4.035954 -16.696873 2.01959 36.671577 1.5110075 0.7076308249743748 
Car -1 -1 0 380.78276405296805 184.32671541211624 428.633528729821 226.02100544726912 1.552837 1.6274953 3.9522038 -8.621485 2.066721 30.183401 1.2174542 0.27360326051712036 
Car -1 -1 0 48.363170072179784 147.66807969696575 149.07829959909023 182.40819423227555 1.5435073 1.6146009 3.777993 -24.009184 0.4244938 34.076626 1.7880927 0.2672780752182007 

