Car -1 -1 0 710.781427725909 193.44395793310528 961.1597329070461 350.18990639218345 1.4877267 1.6057093 3.765698 2.6321335 1.8111247 9.350967 1.4203138 81.18895975396836 
Car -1 -1 0 584.5384828977658 186.56799639283003 648.3102701383962 236.32303013998725 1.4822927 1.6045984 3.6211643 0.15893735 1.9834995 24.459614 1.4200997 51.63486285508159 
Car -1 -1 0 0.0 211.08044744202132 261.1720184712872 375.0 1.5204341 1.6230665 3.946767 -5.9466424 2.1168778 9.18639 1.4223723 60.00712888760984 
Car -1 -1 0 401.02271971882857 192.11914332148154 447.140518518064 224.2255979694609 1.5448068 1.6295325 3.8595424 -9.96918 2.6390674 39.025143 1.534288 16.034306957455797 
Car -1 -1 0 1127.4824668447288 169.9204505374218 1242.0 265.7874181346525 1.4901896 1.6090618 3.8762474 10.738348 1.4445894 13.293457 2.1053452 38.6082221396348 
Car -1 -1 0 733.1039329424082 179.2270890381814 834.8534946004917 217.40572714054593 1.5160346 1.619034 3.9533193 7.437171 1.8026297 30.820883 0.47679037 6.595668288392513 
Car -1 -1 0 797.6283151454546 171.5959541816624 926.5445009233839 222.04222607563446 1.5977837 1.6437687 3.8923147 8.56777 1.5579375 24.553732 0.5359655 20.876655430461476 
Car -1 -1 0 571.0842812093618 186.2214171504154 621.9794793069946 226.7463884319222 1.5035172 1.6109428 3.8490229 -0.606687 2.0993075 30.132877 1.4147344 7.774784239504492 
Car -1 -1 0 1009.2256061543012 162.34391075998334 1136.719780251359 210.1167558810454 1.5385475 1.6227791 3.9309366 16.077192 1.2000649 25.287073 1.4487975 3.5051941839604774 
Car -1 -1 0 777.303492552631 176.18255561237493 894.3451131995193 217.52125369876714 1.5131868 1.6194217 3.9555237 8.529476 1.6437335 27.425573 0.032387186 1.4806463614852685 
Car -1 -1 0 639.671311406995 166.9160026977742 700.9871776416235 190.0708546820197 1.5834367 1.652145 4.0470877 4.2103176 1.1773685 50.325188 -0.07894096 0.9514168251790823 
Car -1 -1 0 561.3625930535769 182.75547217971436 582.1239362806862 203.1429644726315 1.5441538 1.6269964 3.8598816 -3.0859618 2.3746853 58.545803 1.5089762 1.0897541598956302 
Car -1 -1 0 1040.2351887773668 126.46047402826468 1150.3165344209435 165.0028382125492 1.5310242 1.6397362 4.029417 20.534794 -0.34670234 30.533035 -0.27118856 0.4819054901599884 
Car -1 -1 0 1051.5000657700787 129.92688034128486 1144.1365002262185 163.17049148207133 1.4832618 1.612748 3.7863703 23.808735 -0.50118256 35.349754 1.4170318 0.6268609759334596 
Car -1 -1 0 60.063642729860895 188.04017042602922 180.30525291692973 251.12371758398731 1.5032864 1.6204048 3.9216866 -13.601563 1.9751146 20.312849 1.3041102 0.3038508892059326 

