Car -1 -1 0 847.0890704004845 166.8093072678725 1242.0 375.0 1.4911069 1.6127615 3.864713 3.6249042 1.4513531 6.686593 1.5820378 99.95719627648916 
Car -1 -1 0 561.9121356449336 177.29038326492483 606.3258276152337 216.0066935706034 1.4953063 1.614409 3.9178708 -1.008916 1.6938117 30.303322 1.6001995 16.972703137011614 
Car -1 -1 0 520.7724775063442 179.34992194685577 594.0979679609605 235.85175357155526 1.4966916 1.6240687 4.0114202 -1.4652979 1.7101371 21.647724 1.6457076 53.24166679784209 
Car -1 -1 0 684.830913805039 173.3552625208227 736.1449567117825 206.24396088051523 1.4941231 1.6109097 3.9578793 4.8118057 1.5197748 34.88292 1.4837631 6.951921039503422 
Car -1 -1 0 705.1205287807786 161.4246435140258 793.153845468971 238.37362915658008 1.7263131 1.6398051 3.9178653 3.3958082 1.469901 18.184061 1.619758 4.374608058799265 
Car -1 -1 0 681.2214151848693 175.45160934030025 738.266747116728 229.78053008408514 1.5322628 1.6160249 3.852827 3.051979 1.620593 22.53817 1.670582 3.379100101865384 
Car -1 -1 0 292.6188603034827 174.77899133452442 483.60785178194595 244.46270382863096 1.6057198 1.6664666 4.13996 -5.316226 1.6552892 17.62942 0.057359118 4.543737793912792 
Car -1 -1 0 719.699147034473 170.5919877194814 1028.006426279143 375.0 1.5558593 1.6213049 3.8518786 2.1174798 1.5402768 6.915003 1.5943259 1.8138586397557965 
Car -1 -1 0 683.0647331033689 172.46436488434725 706.5147667031899 194.8757978283015 1.5544901 1.6182497 3.8243077 6.1354327 1.5274642 52.037766 1.683199 0.9042635192560168 

