Car -1 -1 0 363.6722446770442 184.2063945859462 475.13702365824827 256.54364380006996 1.5017912 1.6184025 3.8936822 -4.47819 1.8089211 17.5582 1.590525 85.55177905360873 
Car -1 -1 0 847.3973240138962 186.3248562870176 1237.5226356895464 375.0 1.5127567 1.6150782 3.8369734 3.973221 1.6886635 7.47007 1.5269978 93.23026652876676 
Car -1 -1 0 770.0097090497459 183.16964560040114 929.0140493549716 288.21266420052535 1.4930406 1.6098404 3.7481878 3.9563541 1.6992333 12.525303 1.6003373 60.66486412749269 
Car -1 -1 0 726.1944605423195 179.86793874831406 823.5136494168802 248.1242001660904 1.5016805 1.6098528 3.6656497 4.019665 1.6953388 18.086746 1.5738593 41.55694199596245 
Car -1 -1 0 434.64652262506837 181.71023956503018 511.46242593983874 234.58329689334306 1.5117972 1.6204674 3.9207494 -4.3017025 1.8219337 23.281822 1.603354 21.178749857647567 
Car -1 -1 0 474.8253176152488 181.05867323980127 532.1842907318965 223.10503661457224 1.4983509 1.615028 3.9243026 -4.106037 1.8444746 28.461557 1.5900913 16.255892151282175 
Car -1 -1 0 696.2660492957277 178.70921643334245 774.0235426333711 230.71857326840689 1.4978412 1.6141682 3.9021592 3.9398828 1.7024965 23.224407 1.5118182 15.50988059707859 
Car -1 -1 0 684.2700679780324 178.00258701315522 739.741434158504 213.53858224355537 1.5169125 1.6191561 3.9743383 4.6781874 1.7703874 33.460205 1.4633524 3.862649439183909 
Car -1 -1 0 1022.1605218179501 159.60220970829457 1198.7623051218534 226.47225074516254 1.5716333 1.6448686 3.9643428 12.7301855 1.260179 18.364697 -0.32143646 1.8524287685525371 
Car -1 -1 0 518.2552403742438 178.44220943428616 588.8006846035354 203.91158399693944 1.4868017 1.61923 3.9886355 -3.3764138 1.8345969 43.764214 0.17385334 2.2664932630689316 
Car -1 -1 0 665.4698664021005 179.96967636173858 713.8599827181419 224.35467411132709 1.5236907 1.6218729 3.9019063 2.97547 1.8136058 27.403412 1.6282868 0.9446332679417677 
Car -1 -1 0 918.6448087771766 165.4035342547082 1033.4545204525962 216.82643546688496 1.5855603 1.6256535 3.9837737 12.185463 1.3558345 24.292564 1.4993061 0.9906187561809702 
Car -1 -1 0 381.69050883352145 150.29553595302303 409.5535662366125 175.69551921110371 1.5311625 1.6187896 3.9547753 -13.516392 0.1712923 45.62103 1.2854269 0.31099653244018555 
Car -1 -1 0 993.7983305619741 156.19880421319752 1124.60322509036 207.059182573639 1.654477 1.6347163 3.8454542 15.767626 1.112687 25.541065 1.3060851 0.4190724060381589 

