Car -1 -1 0 334.0845119964744 182.39419084033412 457.2258117813361 263.3276549675342 1.5170007 1.6209251 3.888715 -4.3762455 1.4641149 15.445276 1.5362601 66.9446048901746 
Car -1 -1 0 0.0 194.86959947797016 320.22012500988706 375.0 1.4978538 1.6171198 3.8311872 -4.506955 1.6232363 7.408858 1.5558414 66.96373333619822 
Car -1 -1 0 584.2572971709017 179.2696199267418 661.2148557913674 252.35279272571432 1.5285624 1.6116961 3.5589056 0.37470084 1.4041979 16.836683 1.5990868 45.636572715977444 
Car -1 -1 0 185.3643153902102 181.19461656733884 289.7141501339797 229.48126957017814 1.4967952 1.6171379 3.8462312 -12.316749 1.3721492 24.22634 1.545228 44.120311235680404 
Car -1 -1 0 0.0 186.0422453694463 234.12785173974848 288.3607591629835 1.490907 1.6104602 3.8677125 -8.233112 1.5074842 12.461802 1.5428686 32.115478419045246 
Car -1 -1 0 311.5078720913902 181.41415567647826 395.483706541006 229.36310202406892 1.5013192 1.613307 3.9407885 -8.5330105 1.3822899 24.509783 1.5297489 6.2326092726844475 
Car -1 -1 0 288.5199622721931 176.8647012285637 360.9614096967892 216.3825391642376 1.600276 1.6477731 4.044415 -12.13828 1.2621021 31.154787 1.542521 5.841596765761759 
Car -1 -1 0 174.82750474997562 176.3440679096756 221.98279670389564 197.9546835076317 1.5440071 1.6375904 4.0445967 -30.337387 0.9101584 53.47023 1.4426713 6.452754879141614 
Car -1 -1 0 446.52122339144734 174.53143027885355 512.9888498466463 226.91729653371831 1.5560074 1.6280861 3.8729467 -4.0434327 1.2386546 23.32212 1.5272465 3.5003414628428096 
Car -1 -1 0 499.8777835476017 176.94612475726262 553.6542483088119 220.65736396106405 1.5273954 1.6196252 3.9225235 -2.956923 1.2384329 27.087011 1.5622238 1.3923890382746777 
Car -1 -1 0 42.41770270306465 186.9654755175204 130.96468285830542 218.91771780881632 1.5001218 1.6056949 3.8818562 -25.878315 1.5922477 35.90504 1.5731064 1.0908566346884085 
Car -1 -1 0 679.7545429857294 181.22505602569603 711.7134481939954 199.3341755840865 1.4879217 1.61635 4.0271597 7.575816 1.1600337 61.232895 1.9837732 1.6424140566412677 
Car -1 -1 0 506.0290245782245 163.06799805565117 524.3863761596696 180.49601336067747 1.6520312 1.6237712 3.5848534 -9.060792 -0.4782623 70.993965 1.4927826 0.7983620762825012 
Car -1 -1 0 616.3262256448191 177.93999435911715 660.2802487790507 208.30130952066125 1.520332 1.6194518 3.9461727 1.5912272 1.1560037 38.065254 1.4269238 0.5259004898266065 
Car -1 -1 0 450.7580823040895 202.8908948171028 508.4963210042702 259.5656943173509 1.528336 1.6072979 3.7736754 -4.0883465 2.1352067 22.662981 1.3456057 0.36427583934450547 

