Car -1 -1 0 581.5048908421538 175.78965937026405 650.7587291554152 241.41378848299289 1.5192852 1.6073911 3.4223187 0.15227467 1.30106 18.379131 1.5379022 45.33637177290595 
Car -1 -1 0 453.91358411246046 180.81695698427944 512.7654509064101 222.0636538365517 1.4975086 1.6129947 3.7932236 -4.747034 1.3378073 28.00141 1.5781828 36.819746113148014 
Car -1 -1 0 353.7859428866869 182.3923333464009 467.99770794382584 259.69765242622276 1.5413408 1.6135048 3.6587036 -4.270192 1.4850476 16.172737 1.5574813 90.23125658148673 
Car -1 -1 0 182.1622094053959 187.05989444943577 321.3484674852206 257.25679081784574 1.5058497 1.6189871 3.8874714 -8.463641 1.5558385 17.50505 1.5229237 39.620410483267754 
Car -1 -1 0 497.13927795026063 177.16376387857287 535.5477668160946 209.49774891823446 1.5235152 1.6261731 4.010547 -4.4846797 1.1441236 35.918324 1.5154097 5.86271732749837 
Car -1 -1 0 273.6192713122074 183.41940635094056 346.17356656863353 220.62890374828947 1.5427468 1.6223621 3.9233236 -13.041881 1.4682705 31.775473 1.559234 5.557755438910555 
Car -1 -1 0 99.87781634571698 184.80480850429677 159.62700446193645 211.13121438461403 1.5183313 1.6272222 4.076008 -28.881514 1.4946339 43.62059 1.3636326 2.3221499696942165 
Car -1 -1 0 374.03512481511336 176.62170633383474 445.55737129917395 215.52231753450312 1.5765302 1.6174486 3.9617808 -8.473313 1.2282404 31.196068 1.6898006 2.085430735365462 
Car -1 -1 0 163.69228674079704 179.29504417873977 290.41436073300355 227.77445633610466 1.4918919 1.6095034 3.8779373 -12.644981 1.3096913 24.195057 1.8061816 1.872508662417136 
Car -1 -1 0 53.81394944512723 147.25945098823667 113.54392176442599 171.1386786902128 1.7040943 1.6501303 4.036644 -40.497498 -1.1309497 55.723045 1.5851401 0.28991544246673584 

