Car -1 -1 0 152.7192229155202 202.15721288144587 394.83331615748943 356.340412581753 1.4945853 1.6145456 3.7916195 -4.170603 1.9651755 9.657616 1.5263516 58.90731838377347 
Car -1 -1 0 477.44474885161185 186.1778420352525 525.0202279658847 223.9015960577804 1.5307167 1.6278604 3.9752867 -4.842519 2.171423 32.694477 1.5524198 36.890596888173874 
Car -1 -1 0 704.0381442993355 183.662303819865 827.7538418305802 281.4177279576321 1.5258869 1.6101304 3.5910213 2.764741 1.7549517 13.477818 1.5944289 52.167146516055354 
Car -1 -1 0 381.8481494212618 188.35827812043115 483.69324848615736 259.37977871742396 1.5559245 1.6301316 3.8938174 -4.4252434 1.9980541 18.61879 1.5834076 74.29481845971281 
Car -1 -1 0 651.5151061024028 177.911750517469 704.7752755426302 220.06207019950153 1.5622735 1.6282419 3.975075 2.7079601 1.781434 29.246614 1.5303752 32.400384391900985 
Car -1 -1 0 631.798304994021 180.16198008523256 653.987651623226 197.31004858047874 1.5591084 1.6131064 3.7006395 3.224833 2.2804472 69.25047 1.7609377 3.7225713249043513 
Car -1 -1 0 519.034008757683 186.40162324790114 546.6322448850523 211.652071695454 1.545904 1.6270397 3.847339 -5.17863 2.4924421 48.38231 1.4087555 4.063960873805396 
Car -1 -1 0 564.8330179554324 182.22348361648704 586.0101832585958 202.4751773920183 1.5437171 1.616813 3.7362514 -2.7461522 2.3294783 58.62719 1.5509791 1.4154408524475182 
Car -1 -1 0 611.3033876891589 181.6135736586832 629.5729691578873 199.21046037091452 1.5213265 1.603855 3.7859783 1.0218769 2.3484302 66.21029 1.6050807 0.504880964756012 
Car -1 -1 0 970.991692913158 171.34933379715457 1242.0 279.2447013803683 1.4889406 1.6147715 4.038975 8.118354 1.4681764 12.083846 1.4013295 1.607093276653205 
Car -1 -1 0 547.653917614789 185.07046274239204 568.6123294259835 202.52708274048322 1.5061866 1.628828 4.0881534 -4.758223 2.6782632 67.17568 1.5786258 0.8916066821665428 

