Car -1 -1 0 385.78313729664995 195.5270287081895 483.77060153486354 271.8535576007538 1.5019307 1.622503 3.984723 -4.087637 2.1141424 17.44564 1.5111878 70.7376022626872 
Car -1 -1 0 430.0846363305675 195.39197319729504 511.7562642895247 250.85450125128528 1.4919777 1.6166735 3.9315996 -4.32366 2.2753673 23.063898 1.6382078 19.557156041078578 
Car -1 -1 0 712.8176510329066 190.30089434932052 874.1614213199463 304.9726297274981 1.5158234 1.6111326 3.665883 2.8501136 1.8503274 11.969498 1.529921 60.75767087655575 
Car -1 -1 0 643.1840634782102 189.91022613083874 715.1752118446424 246.53803391838719 1.4929416 1.615471 3.9007792 2.0494525 2.0654104 22.221294 1.5096095 26.792794509963223 
Car -1 -1 0 666.599106748282 188.13681481281492 770.5744077173325 267.51177184602955 1.5184851 1.6137928 3.7806232 2.357169 1.9084284 16.478662 1.5162556 43.155884022767054 
Car -1 -1 0 640.3720346702863 188.63681801587575 697.4835464862476 232.81484398430433 1.4953771 1.6209589 3.9871726 2.2215276 2.151023 27.929121 1.5016425 4.524710099102607 
Car -1 -1 0 479.4626488016124 191.30135461856057 524.3888436315665 228.5918130919375 1.5117928 1.6206093 4.0159 -4.904785 2.415388 33.305176 1.5325487 4.048934663115887 
Car -1 -1 0 631.9646455509347 187.35905069206638 670.5432971371846 222.91409874731042 1.5158439 1.6099143 3.7719972 1.9250846 2.2410114 34.186665 1.5708003 5.137519944068886 
Car -1 -1 0 458.45293942704717 192.5468024010235 512.7806028012668 235.6941555157047 1.4912944 1.6116829 3.9106524 -4.8600492 2.3293977 28.72712 1.5379817 3.822827317819304 
Car -1 -1 0 20.306228626410423 156.84010397432505 255.3107762057204 232.6779297289758 1.5859011 1.6633089 4.0858727 -10.348745 1.2510226 16.07364 -0.07633528 1.7285083954517122 
Car -1 -1 0 495.50917614410855 149.1085793492161 522.6364613878684 176.17307744850768 1.6367862 1.6290169 3.8989 -6.354661 0.20072842 45.678467 1.4348447 0.43292343616485596 
Car -1 -1 0 463.5969697752074 194.47194797890262 545.5724821998023 269.1802757723815 1.548816 1.6205584 3.9019098 -2.5183988 2.1498837 18.082775 1.5346782 0.6675318530948512 
Car -1 -1 0 610.6329520977002 187.7337971394977 637.6235953956254 208.37190632710514 1.4550977 1.6121061 3.9284768 1.0926993 2.6488414 55.84827 1.4661509 0.7618169704111865 

