Car -1 -1 0 803.8163352792083 181.88406666030613 1197.3578260979723 320.87424303709895 1.5235652 1.6411371 4.023376 4.652564 1.6470432 8.947521 -0.049379244 89.60371826296674 
Car -1 -1 0 0.0 182.00084312258338 272.03333243276165 301.5932543033794 1.5368714 1.6454341 4.036471 -7.2341466 1.6792396 10.321045 -0.043398798 69.16626520342186 
Car -1 -1 0 754.6007306943886 180.75605139686783 1049.3688236752992 288.7484228656172 1.5492343 1.633451 3.9578693 4.42025 1.6822343 11.308774 -0.009499458 14.549298465335175 
Car -1 -1 0 113.24415341260034 174.10383851766545 345.6478636369261 254.71194594081518 1.5729737 1.6354762 3.9658794 -7.77533 1.6006577 15.045577 -0.060720567 7.839817955687672 
Car -1 -1 0 1031.2418010584333 182.19334159505922 1105.0277721154332 208.61106545800004 1.4858298 1.6119455 3.866441 27.920748 2.082768 44.073067 1.3933623 4.4676688944696465 
Car -1 -1 0 456.44383969981067 178.43767596897445 495.20890829501127 203.4978004879839 1.5622132 1.621531 3.7078018 -8.914076 1.9485638 47.90306 1.1242778 11.581507831571365 
Car -1 -1 0 153.3742612709087 177.76449846812696 353.11160540623 245.17697425366126 1.5315762 1.6381662 4.076914 -8.567942 1.6592891 17.659973 -0.14545909 4.721354465519984 
Car -1 -1 0 1140.8567193682575 184.32097303035934 1197.3273840447857 227.38944099046765 1.4907953 1.6099472 3.76506 21.73766 1.9667321 27.984266 2.2627149 4.113198755822137 
Car -1 -1 0 497.6854513275892 176.52606797984728 540.5456829154316 201.56206091316048 1.5689263 1.6221756 3.8647318 -6.0471725 1.8234437 47.920414 1.1040729 0.74569799687791 
Car -1 -1 0 354.8989005975722 171.64740442379988 432.8782311083857 200.26504157047512 1.5366745 1.6352662 3.9455128 -12.059173 1.471884 40.377277 -0.4776878 0.8301461656617836 

