Car -1 -1 0 157.55929742497153 190.37718964237635 271.0510664404443 240.89161904871978 1.5114682 1.6337148 4.137917 -13.596131 2.171956 25.11496 1.5863382 23.128893463809888 
Car -1 -1 0 655.2015330166705 189.96770094774232 703.1050209523515 238.83533526527805 1.5596123 1.6221343 3.9134064 2.5823207 2.2361302 26.48806 1.6824608 0.9871961917486851 
Car -1 -1 0 19.008232446321163 190.80311856208093 126.13278728802354 230.76014695302413 1.4978731 1.618563 3.91523 -22.76764 2.3127022 30.786364 1.5851243 2.0090228404050623 
Car -1 -1 0 36.42586278346975 190.9901022661494 141.68262387329128 236.62614996507426 1.5553011 1.628602 3.987777 -20.277857 2.3193567 28.319788 1.449318 0.38153907656669617 
Car -1 -1 0 254.33351430640445 194.74149463801098 310.2439827249029 223.40775468853815 1.4768507 1.6209286 3.9343772 -19.074043 2.8183093 42.22352 1.5298998 0.584018155394259 
Car -1 -1 0 956.3347687302714 148.2448830091825 1242.0 296.0936847702193 1.5976088 1.637444 3.9329405 6.411123 1.3316902 9.791809 1.6073722 0.6837325067378616 
Car -1 -1 0 110.99503904240152 188.13108170472495 192.44780368219892 221.11968746084227 1.5005066 1.6203594 3.8820791 -23.104534 2.316459 36.583458 1.5871651 0.4880437997707596 
Car -1 -1 0 742.6851090291065 172.05804373329315 808.9454401616174 220.89252993352562 1.6121968 1.6336892 3.8449671 5.849585 1.5859194 25.776524 1.614104 0.29361778497695923 
Car -1 -1 0 366.70040183895424 180.6439861816242 415.0030256723579 226.45349621903657 1.5533617 1.6279407 3.9290433 -8.225965 1.8708626 27.296522 1.2962581 0.27480077743530273 
Car -1 -1 0 859.8252504876418 154.8466803568509 1046.3641812662834 258.42893811107706 1.5880413 1.6321417 3.8975453 5.952669 1.3119673 13.039427 1.6074659 0.2616803973934532 
Car -1 -1 0 259.04369635217887 188.29417027441232 305.3929481517964 212.28652836231504 1.5126768 1.6102661 3.8867497 -22.629955 2.6254854 50.02206 1.5212914 0.2540299594402313 
Car -1 -1 0 228.7190868204342 188.71869787514999 302.10401431573945 243.27275738148924 1.5254779 1.6145521 3.824406 -11.076254 2.0863278 23.442589 1.2712533 0.2513660788536072 

