Car -1 -1 0 139.27531789845168 193.20305427201555 352.5520218314625 308.740201292233 1.4946928 1.6185343 3.921586 -5.7573705 1.888819 12.002163 1.5557024 97.9616425063646 
Car -1 -1 0 715.7046355661621 179.77214702376202 836.9891840559724 260.5690580715463 1.4979069 1.6161002 3.883595 3.4645221 1.6671567 15.68303 1.5354786 89.78401408670426 
Car -1 -1 0 359.6136023696818 184.64315748886528 460.8956349334241 244.35693827809035 1.5026543 1.6190497 3.9453785 -5.661045 1.8785214 20.980297 1.6402237 59.18718119514276 
Car -1 -1 0 681.8963881520382 179.55654252617563 762.6954981612012 236.62495578594908 1.4882517 1.612627 3.8990762 3.2156258 1.7042189 21.265795 1.526437 23.095455412424638 
Car -1 -1 0 662.561720799933 176.85971797173028 713.0566349229667 216.5353312717375 1.5197248 1.6140977 3.7880788 3.18043 1.6964993 29.932514 1.5513598 26.1692508959933 
Car -1 -1 0 94.61577725494485 182.95655733400642 242.06383193267766 228.62529171027586 1.4933437 1.6359034 4.0559516 -15.151453 1.8554311 24.932644 -0.054958258 5.555847643642333 
Car -1 -1 0 471.32910704773207 178.09425754180947 517.804875366689 210.9202204221029 1.5236038 1.6229315 3.9876707 -5.695942 1.8006622 36.139874 1.5895127 2.4735825277484684 
Car -1 -1 0 645.5126115889154 173.94927931693647 689.338614073832 207.50463115607297 1.5301756 1.6137046 3.8311076 2.7493362 1.5862594 34.988758 1.5147744 2.9668113229901047 
Car -1 -1 0 511.17327655674063 175.30621495841385 560.1363716605742 194.2265014589154 1.5402472 1.6144316 3.835175 -6.225754 1.7520483 60.7348 0.4680171 2.5967355935356022 
Car -1 -1 0 175.21039030686606 182.88058542363203 329.6338058953293 240.26976993991167 1.5483415 1.625036 3.8878086 -10.401403 1.8634381 21.309574 -0.30923215 0.2802232503890991 
Car -1 -1 0 0.0 178.68321350645758 131.01668907751412 256.84128948644354 1.4990994 1.6092402 3.933858 -12.432939 1.6373091 15.586866 0.40913504 0.2542952001094818 

