Car -1 -1 0 581.7264346143321 174.6216325634516 635.8357096748143 225.40273300015573 1.5011091 1.6009226 3.4461029 0.016076148 1.1879444 22.987041 1.5525395 35.38669637663049 
Car -1 -1 0 121.53494838670238 188.80122129988953 381.4824478084411 325.88580481072387 1.5209287 1.6205387 3.8627133 -4.6206303 1.5807369 10.034382 1.6030201 94.42493273443837 
Car -1 -1 0 489.45469320531447 174.51472727092056 538.0829533546339 211.0494962664073 1.5256636 1.6268507 3.914207 -4.0904684 1.0787994 31.982067 1.5783567 22.462760044290736 
Car -1 -1 0 355.73726575603877 180.61070326111232 419.8486706794289 219.75827391361634 1.5008814 1.608557 3.8931346 -8.928129 1.3243302 29.542294 1.5240521 5.961886508340886 
Car -1 -1 0 501.772268656615 173.53238986562863 543.2884039952494 199.9420712462107 1.5573016 1.6179398 3.8988059 -5.284721 0.8683711 44.499 1.1976002 0.783378005027771 
Car -1 -1 0 262.98604420405644 175.78937890361001 344.34231978147767 212.21196283580156 1.4801092 1.61058 3.9466324 -13.085524 1.0970507 31.245457 1.6536822 2.5434913697327697 
Car -1 -1 0 288.2351379099604 179.96477703373074 388.5082506108771 233.05632105370657 1.5176172 1.6238347 3.9490335 -8.289465 1.3675201 22.533192 1.583605 5.045658746604792 
Car -1 -1 0 0.0 206.04802938640844 100.65069376323024 270.20584786665637 1.5073555 1.6167742 3.8010492 -15.940058 2.1546144 20.279385 1.2665107 0.8393851272216925 
Car -1 -1 0 389.78526255785755 178.12683287717246 485.1339786916362 244.48369995028227 1.5467253 1.6155518 3.8209953 -4.2823286 1.3814895 18.675816 1.5590434 1.0459949877672934 
Car -1 -1 0 470.05386669699186 175.55650897226292 535.5933022462671 232.61238528246577 1.6210346 1.6339649 3.9005203 -3.1627982 1.346604 22.406837 1.5283574 0.4854190473061501 
Car -1 -1 0 576.8929594878912 175.7983701647472 615.527614269143 212.2702504890354 1.5194263 1.6097254 3.9109213 -0.47289127 1.1270984 31.909447 1.5629052 1.2960762393741085 
Car -1 -1 0 46.535856875216375 242.43001122709617 184.02249552579752 360.6696023956315 1.5443041 1.6264288 3.968645 -9.099609 2.796648 13.596497 1.1057639 0.5543300138548114 

