Car -1 -1 0 44.956408516432546 194.2017888584526 371.06275576637125 375.0 1.4873902 1.6143762 3.815191 -3.811269 1.7720886 7.649564 1.4798636 102.17849670584442 
Car -1 -1 0 345.82643715950127 186.5589045611146 434.4959913852883 252.62330558928934 1.495194 1.6179867 3.9459906 -5.9657826 1.9028723 19.337788 1.1024603 60.1463650775068 
Car -1 -1 0 151.07362333721426 185.75900223855157 276.2146469339553 226.16672746397936 1.5265431 1.6537241 4.0553465 -15.638735 2.0536704 28.633488 -0.005985894 36.23588168369043 
Car -1 -1 0 628.3686660320581 178.04596494177352 707.0681248873663 207.12429933735694 1.516804 1.630533 4.015354 3.201394 1.8134736 39.705124 -0.39410037 23.648475847138194 
Car -1 -1 0 818.1158328176571 133.62707301791397 1016.137323057723 204.47393046898347 1.5623714 1.6482015 3.9439309 7.101034 0.6973078 16.87714 -0.07272914 0.8424479701953513 
Car -1 -1 0 889.0235720978469 138.78953526290115 1139.4279313166785 257.87985008926313 1.711306 1.6626927 3.8173676 6.684634 1.2218058 11.910751 -0.42357427 0.6584252051889671 
Car -1 -1 0 236.5409341758888 179.02973023814488 308.4467314182529 202.93710130685213 1.5341673 1.6415776 3.9951735 -22.228424 1.9497936 47.662464 0.03847183 0.6297377134298372 
Car -1 -1 0 485.93994516396333 180.6788180670917 570.7200942808565 211.6617162710679 1.4925823 1.6274675 4.1349654 -4.028879 1.8953416 36.189217 -0.06674673 1.5824302423677432 
Car -1 -1 0 702.5622312211334 171.84495957359383 760.886698228481 190.98541297114105 1.4810244 1.6596826 4.335547 9.56835 1.4029479 56.72718 0.031171748 0.31849321722984314 
Car -1 -1 0 604.4426411042417 180.3432185955751 661.2932839414344 211.48251517189556 1.520201 1.6166254 3.8743956 1.17896 1.9398632 38.333126 1.1959323 0.28068099689521425 

