Car -1 -1 0 270.7289356025809 187.36161160977602 445.8060439162045 301.20692085060836 1.4889491 1.6230518 3.9298203 -3.9139514 1.7687837 11.930427 1.5423667 121.41713586544417 
Car -1 -1 0 708.4700109542496 181.5036200374306 880.915623601145 304.85809291287165 1.5148299 1.6084404 3.6594443 2.5976775 1.6684554 10.967511 1.5478516 76.85279332242004 
Car -1 -1 0 652.6723685678568 177.78308223085108 722.1957626572314 234.8740745509862 1.5157499 1.6151896 3.797248 2.2177904 1.6749144 21.39248 1.5607653 33.199390479071454 
Car -1 -1 0 398.0164800728984 179.47335931829394 506.45413917109204 220.90472137516437 1.5734187 1.6616869 3.9882574 -6.1731224 1.8446703 28.633724 -0.052243277 4.00905686101715 
Car -1 -1 0 538.1148906565478 180.43230053330316 557.8819209058237 198.70291065924386 1.5707998 1.631134 3.803979 -5.627776 2.2814937 65.675385 1.4428005 5.316228802516503 
Car -1 -1 0 618.5533005886485 138.74843718307636 663.5678359342738 180.51998879365868 1.5742567 1.6222157 3.868379 1.2117282 0.2889102 29.132591 1.5638356 1.3125104335736926 
Car -1 -1 0 608.9870782652279 177.46524217338117 647.7846041790408 210.27533624898612 1.5371487 1.6160364 3.8261147 0.89760286 1.7817651 36.315533 1.5072474 0.9296573869487307 
Car -1 -1 0 962.0698046361837 157.32974476205385 1242.0 282.0726171039937 1.5783952 1.655308 3.9795542 7.276184 1.3819638 9.988788 0.015823279 0.870762349544998 
Car -1 -1 0 679.7073956455293 164.08622083247343 753.5053752091585 195.41540491740392 1.5029571 1.613379 3.862936 5.3794565 1.0823396 36.68364 1.0239056 0.5264812111854553 
Car -1 -1 0 565.7225189938441 177.50292904428258 586.048028706375 192.31132742278862 1.4993815 1.6254818 3.8326411 -3.534512 2.0036898 76.287155 1.6647921 0.5818514321329726 
Car -1 -1 0 186.58179521268417 179.9854860744853 309.536354910738 250.89757765880373 1.6195908 1.6357464 3.9423165 -9.316517 1.8271133 18.944313 1.4556568 0.30631500482559204 

