Car -1 -1 0 340.9598308863282 186.05862818017584 460.8321792515588 261.6103529257453 1.4904032 1.6172109 3.8982663 -4.721767 1.8353018 16.883083 1.5885007 66.36064458368323 
Car -1 -1 0 194.16354079981102 188.8676731611841 399.38261117741865 307.51376290138035 1.5007246 1.6157331 3.8860922 -4.74998 1.8011978 11.594917 1.5700003 104.9439610496899 
Car -1 -1 0 856.656165968296 190.3312523560554 1242.0 375.0 1.4900347 1.6059253 3.7078562 3.6866243 1.6948926 6.598077 1.5776156 67.28686277951442 
Car -1 -1 0 755.5317607567148 181.52170403195805 935.4226843734967 294.49246915202315 1.4829023 1.6113827 3.7975855 3.583363 1.6461651 11.67774 1.552803 91.85528468146886 
Car -1 -1 0 720.6232787610528 180.1340726387488 826.1700435091194 255.7730164555864 1.5323775 1.6161062 3.8241074 3.697646 1.7222251 16.901186 1.5742987 44.29040185097322 
Car -1 -1 0 489.4021876017816 179.27820818296223 540.4054506850376 215.44157447780657 1.521123 1.6209621 3.8818269 -4.267311 1.8329434 33.038406 1.627686 25.833669437143225 
Car -1 -1 0 687.0197225626446 178.71636947335554 746.365052121738 222.00685786136043 1.522903 1.62061 3.9566922 4.0651183 1.7659817 27.920853 1.5468483 12.25550520480848 
Car -1 -1 0 507.81012378489834 178.3276914358726 554.7208718862648 210.45378655954994 1.5450994 1.6249843 3.9854987 -4.0042753 1.8450314 37.47144 1.6732395 5.118146722265127 
Car -1 -1 0 705.0925329428426 179.39201570775705 777.7846059844244 235.10972442740274 1.5395015 1.614804 3.7530537 3.9751072 1.7584109 22.269371 1.587254 16.14902663198147 
Car -1 -1 0 1041.2352175448684 165.437609109696 1224.4755959687852 231.39265809741704 1.5533946 1.6332351 3.9504251 13.59241 1.3787212 19.06404 1.4302139 2.9163608881755865 
Car -1 -1 0 1087.0549249121225 159.65171289956982 1242.0 244.7696833911209 1.5523459 1.6227202 3.877113 12.013622 1.311568 15.151564 1.6436329 6.615636059743269 
Car -1 -1 0 1122.7369703300028 171.79464773391078 1242.0 225.4467007366991 1.5013599 1.6193906 3.9570742 18.129936 1.4717157 22.227495 1.4914213 2.681470087470093 
Car -1 -1 0 370.6033487910948 147.20700575387238 408.68343873706243 182.25888857925904 1.5699178 1.6169472 3.8162446 -10.421285 0.42122975 34.36969 1.3061249 0.6352665424346924 
Car -1 -1 0 865.4013066344748 169.28888511204855 984.9157035490277 213.25121270559742 1.6054702 1.6493961 4.003805 12.298242 1.4752748 28.224106 0.65555704 0.5322661995887756 
Car -1 -1 0 964.4546910151407 157.41959796739602 1112.6641961511584 219.67140816935523 1.5477698 1.6230476 3.860205 11.649013 1.1640234 19.916557 1.5084287 0.7497539544893909 
Car -1 -1 0 949.2372465277484 129.81333713967027 1075.7955738046257 171.80124960063293 1.5169442 1.6304454 4.1073384 15.226124 -0.041620404 27.326876 -0.19567353 0.7241667204441419 
Car -1 -1 0 0.0 206.32178306902054 224.9087196422226 319.93664090645115 1.4990323 1.6081363 3.900436 -8.619455 2.1769218 12.646992 1.59321 0.5777255668871606 
Car -1 -1 0 973.3712018871186 118.98165880780599 1087.1893423510485 161.30699841015027 1.4930611 1.614711 4.0504136 16.635471 -0.49489063 28.774902 1.3599457 0.27660188763988675 
Car -1 -1 0 837.6167125437507 146.72359829983452 917.3760496323094 181.2459173472551 1.5444858 1.6188416 3.8669684 12.666987 0.37544382 34.358036 1.3081554 0.2701312303543091 

