Car -1 -1 0 1103.8358023109918 179.0159214842888 1236.2156468173757 261.5122046159643 1.5356134 1.6215909 3.8923178 12.115561 1.6888742 15.845522 2.0501723 26.636109930241275 
Car -1 -1 0 618.7738588521985 181.38537751773293 779.8039848779626 253.72973081432988 1.5094389 1.6209695 3.9101985 2.2319648 1.7370982 17.375916 -0.6988562 81.49372198443494 
Car -1 -1 0 883.9544175195284 182.16860510631398 953.8848927145482 230.81991378553727 1.4949117 1.6173189 3.9512513 10.811031 1.8457456 25.075909 2.137902 13.21845979277369 
Car -1 -1 0 1015.9434029125629 180.99435818168797 1063.5701924578043 218.24418710501897 1.5167272 1.6171548 3.872898 19.317339 1.9047472 32.335747 2.1649344 7.341506956896034 
Car -1 -1 0 837.2889520801169 175.21488842151726 968.9809516277774 235.30812418174588 1.5350374 1.6214216 3.9123507 8.335924 1.6076169 20.377405 -0.627218 0.7196728287892722 
Car -1 -1 0 1055.6683877388634 182.66335566014953 1150.7021381628101 214.43668091452574 1.4969844 1.6054268 3.7824807 25.330898 2.0275674 37.104866 0.8092873 0.48334768414497375 
Car -1 -1 0 916.412722287714 192.34603506722613 1015.5987105746499 243.31771665652968 1.5220889 1.6137023 3.8748271 12.303711 2.2427387 24.820822 -0.69000125 0.3816202649238408 
Car -1 -1 0 714.6313416860078 172.6651498019978 881.5103823363373 245.84498591296662 1.5411333 1.6317648 3.9491496 4.4935446 1.5371561 16.994843 -0.609729 0.32062691831741646 
Car -1 -1 0 341.5046302444171 184.1265917227448 500.0753082856152 247.5425275733668 1.5608227 1.6295009 3.965699 -5.0116014 1.8838587 19.438095 -0.22628267 0.26809632778167725 
Car -1 -1 0 991.9372178480136 175.48666687646232 1083.8446482631377 219.5461372310082 1.5098295 1.6035239 3.8667383 15.91598 1.6140524 26.753307 -0.6527509 0.2549420893192291 

