Car -1 -1 0 661.4253961531111 146.10324035800804 726.2248635281426 172.12401579699898 1.5280712 1.6207362 3.8145425 5.7782235 -0.5950966 44.302986 0.23409389 1.4369937439786111 
Car -1 -1 0 722.121147525906 178.3963854666134 791.6445019006629 218.25540688004955 1.539658 1.6237509 3.9038725 6.399315 1.4193013 29.782833 1.4504654 2.511056072138934 
Car -1 -1 0 252.17107337718534 194.58906058439598 406.72955589931723 313.76351234466057 1.507417 1.6076224 3.859077 -4.1441803 1.7550516 11.56787 1.4062445 2.171981745735341 
Car -1 -1 0 634.776224672189 193.87573304739945 704.8888093389929 242.16522535356714 1.5705299 1.6218309 3.912553 2.4722035 2.0617914 26.48069 1.4073262 1.5163487072048554 
Car -1 -1 0 0.0 184.3114789073752 256.0163051377382 356.1058044469829 1.5650078 1.6264604 3.9579453 -6.0282526 1.602061 8.049908 0.36016908 3.53953094080167 
Car -1 -1 0 960.5234589496368 192.4146903517721 1242.0 295.68974717822397 1.5491774 1.6333246 3.9044793 8.4006405 1.7477814 12.040724 0.12014044 1.7108207573435181 
Car -1 -1 0 724.9141093439539 190.44600448401255 897.9286260038508 360.2524784855041 1.5535517 1.61917 3.7415974 2.5441456 1.6882013 8.805687 1.848291 1.599089422671695 
Car -1 -1 0 245.45945742411968 170.39515587269503 413.41703923156 250.61165918464144 1.5285115 1.6201391 3.9757795 -5.944996 1.316678 15.568451 0.6808127 0.7243165308672073 
Car -1 -1 0 664.5075781825594 185.3984200230549 711.8722310663749 225.16639568425703 1.5047982 1.6194884 3.9147801 3.6841946 1.6765726 29.669659 1.7763243 0.5936251385839152 
Car -1 -1 0 717.405598463305 175.80975116034637 778.2485555002561 223.86863656256978 1.6101657 1.6265023 3.8912406 5.2640905 1.4191105 26.058067 1.6308992 0.6190100580835118 
Car -1 -1 0 611.9029566739907 184.04580425489294 650.5563330519501 221.05717683626867 1.5585777 1.6116798 3.6511347 1.3388507 1.6790767 32.332397 1.5787762 0.3713687062263489 
Car -1 -1 0 670.9249333652109 177.29338545309622 753.7680915390487 211.3400839927903 1.5595025 1.6279303 3.8785405 5.38566 1.3662602 34.917904 0.88233316 0.40610089898109436 
Car -1 -1 0 1029.6269098443436 115.26100911167246 1219.2072191007246 207.2348131502266 1.5872762 1.6267552 3.7773612 10.244617 0.4439186 14.406834 1.7643563 0.8194993662156018 
Car -1 -1 0 649.5256409871673 182.57817396353659 797.2328989154573 257.82425638332796 1.5244089 1.6265497 3.8597236 2.705951 1.5523057 16.705578 1.1978259 0.7442955546356675 
Car -1 -1 0 709.3389515615806 126.17545965082051 768.9782906752494 169.55155517559226 1.4941103 1.6258354 3.949984 5.2942967 -0.49661195 27.833748 1.5921074 0.4189374910040237 

