Car -1 -1 0 580.828837826889 176.4063470383372 618.417932913744 212.71884609460164 1.564049 1.6195242 3.4456518 -0.3491446 1.1846133 32.69612 1.5572798 23.28343162925581 
Car -1 -1 0 321.1505459238217 180.45904817209907 414.0453979533848 231.9669416438136 1.5572029 1.6226275 3.8506787 -7.7757587 1.4133984 23.694838 1.6189427 15.10603882706568 
Car -1 -1 0 0.0 130.46277195695595 401.26008181089605 375.0 1.5833261 1.6281338 3.9235742 -3.123038 1.2497171 6.376652 1.525454 9.29404103403362 
Car -1 -1 0 491.97262163969225 179.645649312169 548.1440982339006 225.7112022367559 1.5456696 1.6145025 3.870425 -3.0834763 1.3587738 26.065594 1.5580846 2.3992496263723133 
Car -1 -1 0 427.0639961515719 171.5971073853601 512.3484670867463 237.90427912840298 1.6093717 1.6357918 3.941258 -3.5994015 1.2788286 19.436512 1.547911 1.9988991022109985 
Car -1 -1 0 387.16354514298496 181.26789180093644 440.95152283928405 222.05899616099683 1.5976431 1.6284243 3.9756236 -8.043083 1.4430215 30.224846 1.4528697 1.277485620466823 
Car -1 -1 0 622.1290919924834 178.60553469716336 689.9531998579455 228.7367069852324 1.5365252 1.6238775 3.8787374 1.5469961 1.3339231 24.046238 1.46671 0.649893588471786 
Car -1 -1 0 497.2083379367499 145.58094226223696 532.2086509603889 176.88912390481283 1.5372434 1.6046041 3.6928 -4.867942 -0.46434176 38.195335 1.5087963 0.42013606429100037 
Car -1 -1 0 228.41795560835757 150.0758975071832 306.13579510838093 185.72170688900798 1.4890434 1.6105309 3.8138335 -15.003548 0.021137655 31.946348 1.5839641 0.34099337458610535 
Car -1 -1 0 606.6788693407296 193.57018280345466 642.3660668631351 225.5633606953823 1.5620604 1.6325332 3.8941808 0.9662854 2.0290048 38.16389 1.6630881 0.33151471614837646 
Car -1 -1 0 625.1138531474841 173.1384759828635 804.8404751254235 337.85338491761314 1.5940887 1.6452999 3.9299393 1.0921296 1.477207 8.922786 1.5717998 0.47988856428953214 
Car -1 -1 0 614.6174017406145 174.0317559191379 660.6480544518813 216.0935184075687 1.5482554 1.6293265 3.9446788 1.1412216 1.1365846 28.43792 1.5644377 0.2688805073426786 

