Car -1 -1 0 190.30084393232028 187.82016911086473 263.3247525378039 222.26067172613145 1.5121458 1.6176972 3.8190753 -18.61938 2.2840185 35.284447 1.5466452 13.612423939742643 
Car -1 -1 0 666.9939136727464 184.50607052098775 712.0207511759139 212.4833867377436 1.4887352 1.6080593 3.9126387 4.617048 2.203124 42.175053 1.4044106 1.263266319324063 
Car -1 -1 0 425.5668800450063 179.8941169544354 515.071101392593 210.96485969629856 1.4839892 1.6258636 4.0915766 -6.857639 1.8417673 35.768974 0.042702362 2.343243904847364 
Car -1 -1 0 271.9447361726446 183.54043708424018 334.62358632065946 216.7577157221111 1.5010111 1.6186607 3.9751434 -15.1669655 2.063332 35.938652 1.5162795 1.42135475118297 
Car -1 -1 0 138.73700489285838 188.02175901907947 265.40320096872614 231.96486599936122 1.5376546 1.6153364 4.0039864 -15.269512 2.1308398 27.114124 0.15334927 0.3898303210735321 
Car -1 -1 0 0.0 178.47222835918376 316.3343282502443 284.75925120087385 1.5063686 1.629515 4.046677 -6.8886633 1.5998068 11.157622 -0.013729192 0.3444904088973999 
Car -1 -1 0 57.80958054322179 184.12149885951806 163.995508090866 240.9964156104689 1.5681566 1.6237018 3.9168594 -15.570525 1.9478517 22.469868 0.66248417 0.4056408703327179 
Car -1 -1 0 332.6571433200095 174.15162596078804 439.41583183858 236.01333954737788 1.4982214 1.6197649 3.8791564 -5.902237 1.5368278 19.511898 1.590352 0.8556924050317137 
Car -1 -1 0 134.64863448007594 165.74020190978072 189.151241682291 184.59070053781784 1.5187135 1.6044083 3.7966826 -37.270626 0.9455813 60.172028 1.8297203 0.29839053750038147 

