Car -1 -1 0 165.8935678662712 188.80894208867363 458.07170736820734 375.0 1.4883307 1.6177397 3.879686 -2.862191 1.7059147 7.894865 1.5643213 103.14514555620615 
Car -1 -1 0 684.7162650509035 177.62118480419159 856.459747298799 296.16851036157357 1.5226979 1.6138186 3.7711465 2.319818 1.6106095 11.364939 1.4954829 94.83472910261456 
Car -1 -1 0 620.8470062018447 178.1195443849863 653.8968238277861 204.18077305716545 1.5304186 1.6326331 4.0753613 1.7012643 1.876324 45.308067 1.4983855 11.471245245881944 
Car -1 -1 0 273.1584065694755 175.85290853300214 441.8976306833787 234.75342441636928 1.5046138 1.6273934 4.0176206 -6.774467 1.5903652 19.58505 0.119183995 8.185314268779145 
Car -1 -1 0 136.69600588950345 182.18160480164482 371.14477524784047 263.18768740282945 1.5086358 1.6296958 3.9377477 -7.0504646 1.7100916 14.621474 -0.07609484 20.01965424202077 
Car -1 -1 0 391.8858223866599 181.9700194016184 500.076504900021 221.18757685308125 1.5049342 1.6283066 3.9729483 -6.621767 1.8903174 29.361256 0.1719518 4.329774612727442 
Car -1 -1 0 363.1327124335365 179.05959699691417 472.72860296825434 224.41546855920814 1.5450864 1.6279851 3.9554317 -7.1308513 1.7899597 26.760088 0.53755814 3.3931787142621763 
Car -1 -1 0 426.7152796353276 157.81720410663212 502.0376317094834 185.41175698993743 1.558401 1.6674361 4.073807 -8.340757 0.7091985 41.698776 -0.057788163 0.9128784093891325 
Car -1 -1 0 316.1389484284767 180.4190428205467 447.06763982393437 236.72586235480398 1.5479059 1.6157323 3.8593307 -6.957885 1.7954661 21.947258 0.523638 1.3381798389438255 
Car -1 -1 0 438.39590226379397 179.55739838022726 517.0509264524325 214.9741219014349 1.5211158 1.6266357 3.9888887 -6.206443 1.8528122 33.72129 0.7810459 0.5185335278511047 
Car -1 -1 0 893.5494834791518 157.9108346983692 1002.4797739122073 203.58775401690545 1.6701565 1.6387933 3.9915283 13.257829 1.1237661 28.53155 1.2704575 0.38959407806396484 
Car -1 -1 0 408.9402488953594 179.10901799903505 508.10435440425135 215.0112776819299 1.5181503 1.6237588 3.9926395 -6.582182 1.8004556 31.690187 0.031681564 0.6172181567836874 
Car -1 -1 0 692.0320500356686 176.13112578622957 735.530262734003 200.8088068929269 1.5502119 1.606615 3.7144768 6.8622484 1.7765725 47.846817 1.3394715 0.3195371627807617 
Car -1 -1 0 474.6909211040589 185.36211347021185 540.691695119683 216.04159571776995 1.557217 1.6307871 3.9509745 -5.7186017 2.2890391 40.229355 0.8012923 0.3275619447231293 
Car -1 -1 0 263.2508526964863 143.29674860611118 311.3155467784482 177.51014370955713 1.5392787 1.6103306 3.8135855 -15.349576 0.2094822 34.51925 1.2830968 0.2507721483707428 
Car -1 -1 0 688.737906173924 184.33706020547254 732.1379982719343 214.41836622161236 1.5005865 1.6143769 3.915659 5.468615 2.1614745 39.524532 1.5113093 0.2500939667224884 

