Car -1 -1 0 680.980200113528 181.79758227939297 808.6898923905304 266.8455276905654 1.48615 1.6180191 3.9516554 2.658563 1.6982932 15.076078 1.4833741 86.71187826092799 
Car -1 -1 0 468.5560780318266 175.98995569394302 533.9411339029879 226.11232976738793 1.4962387 1.618886 3.9309883 -3.4776378 1.608116 23.763973 1.5558136 42.966730181892764 
Car -1 -1 0 658.3262654409289 181.05258390291777 721.2100628153056 231.0991863313458 1.4855422 1.6112074 3.7960415 2.5805678 1.7794173 23.953283 1.5556917 36.25980791847912 
Car -1 -1 0 363.46547088666443 176.77604995763582 488.8799049247114 266.4146935518931 1.546732 1.619652 3.7445107 -3.5214515 1.6357898 14.499555 1.5555494 86.07546016481588 
Car -1 -1 0 512.5089999150136 176.2966720807241 555.9243968231127 210.3130807730696 1.53354 1.6185694 3.772216 -3.70009 1.7099936 34.96014 1.337241 9.360624483069516 
Car -1 -1 0 629.5294813468744 179.34709516812035 671.4240796055127 208.42938393688024 1.5138924 1.607271 3.785139 2.242376 1.8957186 40.439434 1.4224089 1.827704759826759 
Car -1 -1 0 629.437702976913 178.7245614918232 686.003273387745 213.5948406892124 1.5238025 1.6149482 3.962884 2.224384 1.8204894 34.3534 1.3455026 2.7486269831901167 
Car -1 -1 0 495.6841242105273 147.55855032288954 548.306930812572 176.54213042606173 1.5729401 1.6155608 3.9425752 -4.9471884 0.20015478 41.272594 1.8383752 0.4160894453525543 
Car -1 -1 0 725.2109601963019 149.22950788701317 820.1218831326411 184.06096115352284 1.5516883 1.6300004 3.9406016 7.4487166 0.49925292 33.13476 -0.09135744 0.3044075071811676 

