Car -1 -1 0 213.53534643919838 184.21148432461274 438.0698331455699 261.02562233012236 1.5033776 1.6468449 4.1388493 -5.9309006 1.760054 15.354847 0.06283241 85.5806480129068 
Car -1 -1 0 679.6558465456035 175.8272140446577 755.9666554321728 229.60550441375014 1.4897285 1.6127579 3.8788633 3.2265437 1.589237 22.177116 1.5287933 50.45710833593935 
Car -1 -1 0 0.0 184.63099628177127 302.64350135138216 312.3214313287393 1.4914527 1.6235771 3.9790041 -6.4517884 1.6693984 9.76941 0.16784436 47.419372851064466 
Car -1 -1 0 715.0342675237639 179.16631311604823 894.7408101710695 297.2356366820135 1.4919105 1.6171372 3.8953514 2.8235571 1.6081753 11.309422 1.5281203 72.7483630125498 
Car -1 -1 0 271.1666433489839 179.0590532834413 453.6320883813932 244.33054814529248 1.5349426 1.6309342 3.9888983 -6.0716953 1.697279 18.005228 0.028324421 17.90055923362529 
Car -1 -1 0 633.2790556789876 171.7524727975547 706.0405925876876 200.40241945911544 1.5722677 1.6432508 3.995036 3.3677318 1.5118172 40.572517 0.07841239 4.578618620328963 
Car -1 -1 0 515.1677548075063 173.6511915326502 545.5184559195354 199.65186743136644 1.6058389 1.6352143 4.033906 -5.179715 1.6599376 46.82956 1.3799763 1.8889395288873063 
Car -1 -1 0 496.1459198414304 175.340532322835 535.76785258303 213.1253176026598 1.5394795 1.6223567 4.0024657 -4.145314 1.6561868 31.769873 1.4283675 2.3674177191602546 
Car -1 -1 0 383.2384113423865 168.24267730725532 464.38009014920306 229.95046401652368 1.6621485 1.6570194 3.8637958 -5.4025946 1.5379387 21.419548 1.5018955 2.97971507027414 
Car -1 -1 0 880.3171814922433 143.811791948397 972.5232031383133 172.65612094586987 1.4972317 1.6574658 4.231066 16.880322 -0.01089865 38.604126 0.14994471 0.5246469378471375 
Car -1 -1 0 153.08936915628803 161.3777866810796 247.0965657852498 203.24271917604082 1.5454578 1.625564 3.8511698 -16.09438 1.1218095 28.584242 1.5416701 1.6007964810284099 
Car -1 -1 0 837.5243402698694 164.4544692333806 937.8329443910897 199.6393370118901 1.5223036 1.6358298 3.9767318 12.405992 1.1588905 32.39829 0.19090226 1.6277952399831197 
Car -1 -1 0 178.78074940068444 144.738425756422 254.27117282710924 179.76105909227627 1.6070447 1.6394038 3.9269688 -19.01479 0.31693637 35.098846 1.5364879 0.44105619192123413 
Car -1 -1 0 665.3495818247148 176.52720003476014 734.0781508436314 222.32612416040305 1.5431018 1.6159549 3.8555422 3.2432623 1.6890097 26.647455 1.4453793 0.9005688348397793 
Car -1 -1 0 422.2983074185666 165.67189324928015 443.8615836350543 183.6870120868594 1.5503275 1.6158873 3.547949 -15.620273 0.93225646 63.97883 1.4000971 0.3309424817562103 
Car -1 -1 0 499.7455970959376 178.26615572802012 537.331071599499 209.7776105019252 1.5522757 1.6342945 3.9053936 -4.7679443 1.8537097 38.205315 1.5341902 0.3533925414085388 

