Car -1 -1 0 741.3304270636405 191.85998816638843 967.5089953904256 344.6344157522491 1.484192 1.6180016 3.9600625 2.9091876 1.786285 9.485797 1.5673895 79.72339164624285 
Car -1 -1 0 251.6145307795363 203.89097962380563 452.4952230167365 342.40233145298845 1.4968158 1.6134194 3.8739278 -3.5177886 2.0372095 10.616272 1.558638 90.44878037083441 
Car -1 -1 0 439.100913456779 195.11743946818322 521.2165427577866 256.5624859442005 1.4949827 1.61581 3.8944411 -3.645437 2.2016406 20.939754 1.5900134 45.967412806851684 
Car -1 -1 0 377.88599267843017 197.76200496044697 487.0830398103848 280.42237602096606 1.4991395 1.6125715 3.8179936 -3.8250272 2.1244242 16.181671 1.5417018 44.29461114128188 
Car -1 -1 0 707.776150847982 190.7053357911476 822.8070013956581 275.2226728017562 1.4957694 1.6111381 3.7887197 3.1901712 1.9257678 15.476923 1.5595541 56.94334015485347 
Car -1 -1 0 686.0951618223232 187.79856176513508 759.2429824369144 247.91043424903532 1.534986 1.6176162 3.8010342 3.24031 2.0155394 21.288754 1.586302 27.25654466725953 
Car -1 -1 0 640.3150200595228 187.5571206097205 681.3329093048925 216.30720820590264 1.5444156 1.6242157 3.9849102 3.0012932 2.4628918 42.98464 1.4265993 5.941308677904462 
Car -1 -1 0 561.6751261590215 190.79396486826536 590.4587772501399 207.43181674019215 1.5254457 1.6285167 3.9421127 -3.3497324 3.3899486 72.863914 1.8814435 3.3126348285329645 
Car -1 -1 0 879.5417702767884 170.53382825455012 997.6962623394201 211.65643756882477 1.5442991 1.6256695 3.9368465 12.793399 1.4571683 28.261637 0.18741003 0.8252673347557586 
Car -1 -1 0 731.9841959285974 185.6231515496354 812.9906902113329 220.63358565670376 1.5116671 1.6183233 3.9653683 7.7899084 2.165909 34.838516 1.0812366 0.3646787055961548 

