Car -1 -1 0 0.0 186.9180491654558 269.77016734335757 322.8512297502559 1.5217719 1.6276348 3.9510028 -6.5428457 1.5986819 9.172484 0.12158817 0.923894036893752 
Car -1 -1 0 230.40563111148646 166.19007198716545 478.6579479911636 317.0070561765194 1.6126249 1.6345035 3.9613237 -3.0113807 1.4487915 9.743444 1.6878952 0.6728695159350334 
Car -1 -1 0 437.9949376927136 175.03431920352452 547.4074774609774 250.11390906258555 1.538208 1.616047 3.9267843 -2.3680987 1.405491 16.749447 1.6677902 0.7450724345823388 
Car -1 -1 0 323.2531922742219 147.40378029823341 398.060697761945 178.5179959665538 1.5766382 1.6172912 3.9951096 -12.925807 -0.17141712 38.969486 1.9683582 0.9181812710771278 
Car -1 -1 0 320.2933118822747 174.70803613619688 372.387067663591 216.39906493583652 1.5425518 1.6102935 3.7786865 -10.043625 1.2908001 28.606812 1.324307 0.6710595925106223 
Car -1 -1 0 552.6967140628702 164.31541010896126 818.8837864293383 272.97097372803967 1.568448 1.6446373 3.9585276 1.3244326 1.3202114 11.643017 -0.24266148 0.4798198938369751 
Car -1 -1 0 685.4942297721626 143.2549528589987 773.9403595258876 177.78762576275244 1.5301223 1.639597 4.013997 6.1275253 -0.1848619 33.92719 -0.53300977 0.32868555188179016 
Car -1 -1 0 314.426541626176 182.8950953262325 446.107901744992 234.12605946218633 1.5634925 1.6495914 3.9579165 -7.198645 1.6116215 23.501892 0.3790118 0.7775717088320183 
Car -1 -1 0 260.8721007706889 180.26605193075142 418.78452439350514 235.17719047728565 1.5115721 1.6266483 3.993905 -7.415268 1.4772685 20.733858 -0.07455713 0.29461392760276794 
Car -1 -1 0 437.5345552451753 174.82961214171252 514.8891708234809 232.96760016496364 1.5382545 1.6167582 3.7029808 -3.5062346 1.3614419 20.860167 1.5677212 0.28239941596984863 
Car -1 -1 0 661.3530178943417 174.17670728662446 757.6422351040052 248.51881195187738 1.5450456 1.6087344 3.9231877 2.4369936 1.3925925 16.903875 1.5540626 0.2501317858695984 

