Car -1 -1 0 253.69359208182593 179.43166957643982 445.4319796045697 244.52852451121043 1.5221264 1.6556053 4.156611 -6.331996 1.6928172 17.882652 -0.0064980467 22.391248893329085 
Car -1 -1 0 732.6170518073214 185.05547910686673 917.6276300312877 312.47777136544534 1.4793874 1.6048517 3.6795554 2.9225283 1.6892885 10.571173 1.5687844 49.046257554232085 
Car -1 -1 0 0.0 190.04587359932586 317.37556918810054 343.2589208387812 1.5023026 1.6295178 4.033262 -5.705009 1.7250303 8.326015 0.10508843 51.44377744304339 
Car -1 -1 0 137.3025283661976 183.06363481925916 405.277122524392 274.3992679736084 1.5019348 1.6316863 4.084178 -5.962166 1.6989183 12.996535 0.053933132 49.707619804378204 
Car -1 -1 0 796.2515758180465 176.1304341911354 1010.3542085120267 252.51439015472366 1.5567119 1.6521981 4.0119963 6.26836 1.6325758 15.747062 0.067605235 40.25668643849053 
Car -1 -1 0 18.10262371976673 184.9065346241542 344.1721142418029 297.5148835204647 1.4856049 1.6161064 3.9624686 -6.2147484 1.6807991 10.706993 0.087721586 28.533841817198972 
Car -1 -1 0 633.0608736741634 178.01308894943674 670.7344485591046 204.11716825448866 1.5017222 1.6261201 4.057397 2.5583978 1.8346665 44.453987 1.4518793 5.7906099996082 
Car -1 -1 0 687.329325417736 178.98838924865964 794.1406536259478 218.41568765755048 1.519042 1.6311289 4.0008698 5.1938295 1.7721155 28.915539 0.01799469 8.46456756696559 
Car -1 -1 0 716.1728378268556 180.97650649449835 842.5287483267109 224.66617168171462 1.4963977 1.6378051 4.1440296 6.0912766 1.8018283 26.11215 -0.09907635 9.478693696299441 
Car -1 -1 0 182.1883897060169 175.8608114135173 396.1491751448689 250.10552435647008 1.5087065 1.6255138 3.9571292 -6.873404 1.5781323 15.699954 0.07567959 14.341657251998631 
Car -1 -1 0 755.2103860076954 180.27195413132137 848.4815605597855 238.88300378315242 1.5033185 1.6101928 3.8310804 5.454802 1.738353 20.928804 1.5487818 5.4861914567925325 
Car -1 -1 0 383.4127225973305 175.91570302204516 496.5382636579129 217.60376738478112 1.5339357 1.6311005 3.930881 -6.397614 1.654107 27.495405 -0.0047415756 13.942706303730173 
Car -1 -1 0 360.06043337221575 177.37730770005197 485.7544044655554 224.26799207951058 1.5509094 1.6386857 3.9191682 -6.361294 1.7121727 24.876226 -0.014567036 3.3842908088866768 
Car -1 -1 0 491.8944882942987 178.26355609333476 524.6080812850768 206.46534358704318 1.5064971 1.6147054 3.872586 -5.8511043 1.8322709 41.392963 1.3674624 1.1616915464401245 
Car -1 -1 0 308.4917013780119 180.07880798189592 465.5978586693762 238.69996356799803 1.5654198 1.6295503 3.9523165 -6.270523 1.7813737 20.543724 0.108242214 6.804991536002683 
Car -1 -1 0 468.9166322849237 170.85867147875018 548.5921283195894 199.2204600377621 1.497132 1.6413648 4.089959 -5.3934793 1.3918045 38.943367 -0.017134985 0.5042437795107132 
Car -1 -1 0 774.2404767065183 172.13550351099317 953.1894124175066 236.55448106986037 1.5367544 1.6180861 3.9219563 6.302683 1.5196141 18.136497 -0.05926445 0.9244308325563816 
Car -1 -1 0 544.8686889252135 178.84913085881794 575.6440433036524 206.99393519603646 1.5951507 1.6232245 3.8166642 -3.027113 1.9752142 43.743885 1.4392622 0.6140346283591862 
Car -1 -1 0 709.0895414181896 175.4598359885879 752.1820641413026 217.88555807821803 1.7511537 1.6581485 4.1059837 5.335293 1.8750436 32.174004 1.6786349 0.2594183385372162 

