Car -1 -1 0 696.3100204003308 178.27028476293944 890.3127577960188 248.66006281507273 1.5291493 1.648805 4.0617294 4.1834693 1.6623945 16.786736 -0.069640934 84.93753978795326 
Car -1 -1 0 187.33407795990092 177.73119087915552 382.68177705801145 244.6385489370272 1.5437663 1.6471003 4.059268 -7.8493094 1.6700723 17.736258 -0.06296693 59.84203689037272 
Car -1 -1 0 7.40069655012503 180.37599767248946 295.0505777105256 275.6962784566413 1.506168 1.6351941 4.059761 -7.839384 1.6472105 12.543045 0.084640525 40.23797392285184 
Car -1 -1 0 678.8164459113278 178.59057873344724 836.4951101009464 240.10705692706807 1.5481086 1.623965 3.8820727 3.8428645 1.7074804 19.182297 0.026565356 7.330795679514596 
Car -1 -1 0 457.06547372177624 177.62134791335438 491.4546748306421 198.2384526080491 1.4961116 1.6116458 3.6856194 -10.399105 1.874725 55.29554 1.0980253 5.998898705031695 
Car -1 -1 0 276.54203875640167 178.3504087711432 410.74310013464174 224.55254029305152 1.5311352 1.6363653 4.064687 -9.1426935 1.7287846 25.037169 -0.04518587 3.715605207277355 
Car -1 -1 0 263.1204045396261 172.24427127481854 401.6807606113869 224.61217741805535 1.5651988 1.6297296 3.8207417 -8.60738 1.5469748 22.688604 -0.16805068 0.3791468817067608 
Car -1 -1 0 95.78790508881292 129.72973713880316 147.60658720618127 163.17531307332476 1.5221361 1.6180811 3.8927827 -24.373604 -0.513272 36.159794 1.1178688 0.30841049551963806 
Car -1 -1 0 1019.8443015734701 154.84083389431598 1136.148685645799 198.52315770890158 1.5735086 1.6295364 3.9214962 18.05818 0.9246448 28.042902 1.4369576 0.3041840195655823 
Car -1 -1 0 1142.789906973473 198.51901840992528 1242.0 246.32488654491164 1.5131011 1.6123575 3.937083 21.913355 2.5565953 27.222042 1.8496732 0.264301598072052 

