Car -1 -1 0 370.59662733715254 186.5098058486437 429.47851521860133 223.50025253196793 1.4567187 1.6151123 3.857721 -8.687077 1.5150559 30.426537 1.5034264 11.009581283077985 
Car -1 -1 0 474.25713980816846 185.50575370156596 527.402130389601 221.43186629057493 1.5183338 1.6089545 3.8651826 -4.72297 1.5322009 32.3901 1.6308458 12.431419970066509 
Car -1 -1 0 412.56294185433296 186.6216491672974 492.963612336776 246.1374939322135 1.5308986 1.6157179 3.8357785 -4.301813 1.5748672 20.53193 1.5302706 42.307422393041136 
Car -1 -1 0 403.24179419639177 182.43254352852372 440.10480149650004 204.4242927590308 1.4883573 1.6049504 3.7409103 -12.991753 1.299999 50.526127 1.577002 2.150462991158459 
Car -1 -1 0 576.6179464186433 182.23388388892693 607.0609226284541 210.4911120065094 1.522923 1.6162667 3.6944556 -0.90594804 1.3622181 40.6278 1.5211405 11.32063445400179 
Car -1 -1 0 497.26063257964074 183.27533009143937 527.1548708562452 211.14852335142177 1.561162 1.6182668 3.91554 -5.630145 1.452483 42.326313 1.4068296 0.9001424880551108 
Car -1 -1 0 0.0 96.17695912894915 320.88661389795067 341.2265026313344 1.6096816 1.6377665 3.9700835 -4.1710653 1.0248039 6.764209 1.4937433 4.502826096894409 
Car -1 -1 0 674.3163113054735 173.87228174685305 706.205929441671 201.21452039465686 1.5156503 1.6134858 3.8448095 4.878582 0.88685566 41.88211 1.7470572 1.1020477416479424 
Car -1 -1 0 619.5491198283211 183.90257867443074 663.3922039068918 220.1715950032272 1.5078816 1.6171063 3.8551698 1.5763013 1.4532888 31.904726 1.7048216 0.5527619903806008 
Car -1 -1 0 518.7772960992538 182.84690089864347 543.7055944556977 204.54303678366824 1.4963707 1.6006405 3.7828944 -5.4092054 1.332996 51.51397 1.5125029 0.29180416464805603 
Car -1 -1 0 224.49526648635933 253.21984148790742 393.2384349345515 375.0 1.5216641 1.6261269 3.9408743 -3.744597 2.6072001 9.345567 1.2250102 0.2882884012567991 
Car -1 -1 0 646.2936426895005 147.8079100432137 676.3493641204375 166.99424801691626 1.5081406 1.6216034 3.9208047 4.671982 -1.6378988 62.536766 1.3763546 0.2747458815574646 
Car -1 -1 0 631.7989220739938 189.57065613476183 669.0129079567821 222.18767127717715 1.5177228 1.6198819 3.861834 2.1080058 1.7469043 35.897808 1.5691117 0.27460089325904846 
Car -1 -1 0 615.4522603191017 180.49930187468715 808.6181833707952 315.9587069712896 1.5801406 1.6399705 3.9213781 1.2845559 1.5251236 10.457685 1.3985977 0.26185253262519836 
Car -1 -1 0 271.5759136680766 120.21606543880809 418.9769874661116 244.85961081665462 1.5772762 1.6317455 3.950559 -3.864913 0.7547517 11.1993265 1.3588462 0.25454444756674527 

