Car -1 -1 0 669.529410693053 176.4731387049867 754.6222445212353 245.19579914020838 1.4887853 1.6098284 3.6970077 2.4032817 1.5868275 17.686733 1.5849378 54.149126943801726 
Car -1 -1 0 761.0515531831247 181.58730604577158 1078.4899402899327 375.0 1.5034672 1.6066701 3.6003041 2.6925356 1.6122152 7.182971 1.5688784 94.81680665529232 
Car -1 -1 0 83.6195970003635 190.27066437102445 395.2467479278269 373.11746846288077 1.4947242 1.6236093 3.9489343 -3.8126488 1.7425125 8.271775 1.546504 109.9010751591968 
Car -1 -1 0 374.8499054377387 176.9692703283134 501.58897304605273 224.6608844586234 1.5809958 1.6540138 3.9742002 -5.850949 1.7281159 24.931553 0.01833814 10.000292545803811 
Car -1 -1 0 645.8425510651729 157.16792492038414 700.114630194592 208.0700820892223 1.5296012 1.6179929 3.8324971 2.0039186 1.0582372 23.63453 1.6182162 0.6266176104545593 
Car -1 -1 0 628.8422889152783 174.51100814349837 668.7046005151892 211.80258544844443 1.5845008 1.6245403 3.77809 1.7259496 1.6639912 32.719982 1.5768075 0.35484230518341064 
Car -1 -1 0 869.5086119225766 177.3903180613744 1081.933277838242 295.85116780141146 1.6635783 1.6413574 4.027186 5.951666 1.7537631 12.31636 1.5890893 0.4984445975471965 
Car -1 -1 0 1017.6064547822343 209.867644732125 1242.0 338.53699695416486 1.5007815 1.6181812 3.9744515 8.393633 2.2021508 11.631293 1.6440046 0.296786904335022 
Car -1 -1 0 292.6277151626256 192.15276050798715 426.83253661382093 288.6011389598675 1.536747 1.6206887 3.8743124 -4.7645884 1.9726926 14.298148 1.4827749 0.2711353003978729 

