Car -1 -1 0 794.6394942123147 197.76805273081567 1242.0 375.0 1.582536 1.6464165 3.9489465 4.1599174 1.7761056 7.474184 0.1339537 1.0573031802649686 
Car -1 -1 0 627.7801538907992 196.52013637175372 910.1870633166246 315.28882578359116 1.5145905 1.6185609 3.9365215 2.5419617 1.7738118 10.96603 0.35391033 0.5100792050361633 
Car -1 -1 0 455.4544694297656 186.76097801603916 579.189453907985 245.73410338033113 1.551616 1.6291348 3.9813137 -2.5409455 1.7218947 21.28186 0.8346288 0.5866378545761108 
Car -1 -1 0 0.0 164.019616703983 272.17498856864364 348.18784684850584 1.5832168 1.6490015 4.0040126 -5.677923 1.4328403 7.7264323 0.40802687 2.7608342065219444 
Car -1 -1 0 601.7874561839557 177.87310196323142 621.1268129003981 196.3680284991714 1.5626979 1.6341611 3.8950086 0.9623507 1.2552178 62.65323 1.5847394 1.2203157788188903 
Car -1 -1 0 58.74933458727008 184.64154260378083 295.18834924304696 292.07625508166575 1.4902215 1.6085546 3.8673537 -6.7767935 1.5511417 12.03097 1.5958198 0.3860759437084198 
Car -1 -1 0 630.7506420942448 167.12296711807008 768.7002172151253 224.8134185025012 1.6887627 1.6734257 3.902956 3.001515 1.2675489 22.107555 -0.12848157 0.36787867546081543 
Car -1 -1 0 694.6544738981637 162.51086554352955 862.6668889913373 228.51930019888542 1.5570812 1.6454252 3.899606 4.3411193 1.1088562 17.98011 0.11185611 0.8533256006837151 
Car -1 -1 0 461.52282226044304 177.40674854880427 559.0283159792258 218.53288383489232 1.5714997 1.6316973 4.0031533 -3.7231283 1.4146231 29.341404 0.6796526 0.8832352408033824 
Car -1 -1 0 774.9009481208494 199.95638951013058 1056.9926443707873 375.0 1.5585718 1.6117681 3.8413694 2.8643103 1.8003498 7.414917 1.6875306 0.30692667657856043 
Car -1 -1 0 691.67899426625 166.93559152509548 768.2809196203045 196.83778389583048 1.5896404 1.6662645 4.0513744 7.1081486 0.8147281 39.41047 0.2021183 0.2759154736995697 
Car -1 -1 0 275.4779344362275 169.9608289134936 465.2298614059465 247.00386964942734 1.6451364 1.6675239 3.852031 -5.1040664 1.3984743 16.359463 -0.0992571 0.2728719711303711 

