Car -1 -1 0 368.27029608942524 181.691129915682 476.6025130507707 267.05452266283396 1.5442903 1.6200609 3.7291498 -3.6935925 1.4805281 14.937933 1.4753785 81.53064133759406 
Car -1 -1 0 198.20581602098582 185.0635577946396 325.84705313247724 250.8286290921236 1.4939082 1.6177711 3.8799155 -8.62044 1.4904522 18.32159 1.5002044 66.76360531517177 
Car -1 -1 0 539.7089909808856 178.80126045164377 588.5032022556816 224.3616117902691 1.5168911 1.609048 3.4943275 -1.5998162 1.3033282 25.751852 1.4717045 30.84641897854357 
Car -1 -1 0 324.10780622037396 181.610008259526 391.4058710377894 224.54925898920192 1.5386653 1.6301773 3.8960962 -9.546134 1.4094607 27.784468 1.4615341 28.07473732607811 
Car -1 -1 0 44.46752249176723 175.46636451835033 193.12013492088468 244.02592006343733 1.6796397 1.6449798 3.95873 -13.143052 1.4407909 19.65593 1.4817201 28.83486594041101 
Car -1 -1 0 415.78248143650546 183.3581545849148 481.8609765166618 235.63701175495694 1.5110242 1.6127722 3.8521292 -4.9257755 1.4573354 22.775219 1.4690522 5.2949421482237895 
Car -1 -1 0 308.69802732079364 181.94614012016814 361.3449936652447 210.98478731331994 1.5778506 1.620385 3.674855 -15.418616 1.4001951 40.90161 1.5655081 3.4088363690714343 
Car -1 -1 0 585.9665915672322 180.52750836858485 643.2598243181357 221.9918866769382 1.4950256 1.6141214 3.8846343 0.21709366 1.3259898 27.962046 1.4166194 0.7138157578366295 
Car -1 -1 0 377.0373000623118 165.49149976764375 452.61282574596135 195.0435016928271 1.6412648 1.645865 4.0349655 -10.930673 0.54581845 41.072216 -0.16776237 1.0549342713556586 
Car -1 -1 0 596.7292190741455 177.37963768102455 770.1171491119085 323.04813283132864 1.5729864 1.6395348 3.8830228 0.8106084 1.4883695 9.76599 1.4867173 0.3005567193031311 
Car -1 -1 0 575.8399912411161 178.17878041216468 642.8506781627015 241.82145845696354 1.5537636 1.6372317 3.9456232 0.08133757 1.3819653 19.534811 1.5856572 0.26187485456466675 

