Car -1 -1 0 458.9526216374727 179.18553281593884 497.074829195376 215.11133170472763 1.5088341 1.6216779 3.9264295 -6.0650425 1.8177581 33.121384 1.375052 15.430431353816031 
Car -1 -1 0 572.7153740064791 177.07749382226302 605.5013676386551 200.8069726065481 1.5360658 1.6175275 3.7032263 -1.4372859 1.8367331 49.388275 1.3657739 13.570055454934925 
Car -1 -1 0 672.9583335758334 175.90945029285828 749.1868663680544 232.57130258681346 1.5201411 1.619236 3.9077325 2.9296432 1.619759 21.547695 1.5413399 16.97786937849674 
Car -1 -1 0 688.7648890108579 168.34716417167462 795.9756931570671 247.7978668597713 1.5655668 1.6242796 3.8822484 2.8338585 1.47676 16.173275 1.552756 29.7471569424916 
Car -1 -1 0 614.9609001557644 173.378394932099 713.944528316968 211.80392689848048 1.547756 1.6318861 3.9423928 2.2292993 1.5701842 29.97377 -0.03606818 6.174263797623358 
Car -1 -1 0 605.8112191193921 173.4571564026631 654.2225570470017 205.45201178663058 1.5661542 1.6126893 3.6731098 1.0057387 1.5990394 37.366806 1.3380773 7.283526809311296 
Car -1 -1 0 545.3689823254016 177.02291814416722 578.197673910238 196.22672410199553 1.501949 1.619051 3.8753796 -3.9704525 1.8575275 59.442806 1.2026167 5.1798837732879175 
Car -1 -1 0 262.10381134074845 183.24163066899408 317.1375959169283 233.5840111734755 1.5342338 1.618794 3.8945773 -11.11618 1.9239573 24.964685 1.1253412 1.1725991246028102 
Car -1 -1 0 945.1911124610724 179.49263801842002 1242.0 375.0 1.5072217 1.6054631 3.8843725 4.8115153 1.5935817 7.332464 1.7491754 1.113993095385864 
Car -1 -1 0 734.7421582429804 157.55942987621427 1005.8292854379891 356.0279915601182 1.6862378 1.6500411 3.901231 2.5545444 1.5562913 8.086325 1.5773277 3.266974831006053 
Car -1 -1 0 536.588235975706 177.85926686423707 557.2747061546703 193.2171011603349 1.5212772 1.5986855 3.5711434 -6.5017447 2.052489 74.65217 1.328781 0.39166370034217834 
Car -1 -1 0 507.5480267276688 176.27312845067763 538.7400201016251 204.859512998304 1.6005359 1.616234 3.7199466 -5.0798645 1.8121816 42.75886 1.51131 0.2709728181362152 

