Car -1 -1 0 514.3170631564269 169.40533079690184 562.5006881685341 213.72793044830735 1.5258188 1.6218872 3.9229379 -2.3722663 1.109036 26.778511 1.4415846 25.277238537891737 
Car -1 -1 0 387.94280021811505 161.61034056077716 471.3636342175673 221.4683392251479 1.5837991 1.6313645 3.8874507 -4.87141 1.0572102 20.976715 1.537115 74.58788928712576 
Car -1 -1 0 440.7081794698616 166.1073599092349 495.9734276909472 210.6722982093611 1.5861759 1.6279739 3.9348624 -4.9926753 1.0378795 27.581318 1.5089163 7.223028024308726 
Car -1 -1 0 560.4190890785254 159.88721218357992 730.6113274825184 228.08204040888631 1.5756805 1.6516984 4.00856 1.1475277 1.0760226 17.708673 0.1473326 1.2647266803421957 
Car -1 -1 0 43.41578431157522 143.48909292123273 228.06650387904168 220.10427401380238 1.6367033 1.6549878 3.9729764 -10.900926 0.8244288 16.857117 0.3840936 1.4469819683187928 
Car -1 -1 0 774.8875184331172 182.83104551457433 859.9137136747019 265.6260393715167 1.6289203 1.6331828 3.893391 4.797964 1.6626444 16.283808 1.8100753 0.7379657212151783 
Car -1 -1 0 102.85644499610001 170.84790328967907 462.39231336174583 298.59065519674147 1.5605811 1.6398566 4.1169305 -4.056018 1.4302996 9.6814375 -0.042096656 0.4689834713935852 
Car -1 -1 0 574.9056303376763 162.8787856214433 616.1634020644102 195.17255743049543 1.5614372 1.6137395 3.4788787 -0.20084281 0.66049206 36.566395 1.7092491 1.0001686374853127 
Car -1 -1 0 307.5027046957476 178.06436059615834 394.9473312910902 234.19941340745825 1.5565035 1.6246797 3.8444345 -7.47641 1.4609022 21.902615 1.4850308 0.49034687876701355 
Car -1 -1 0 876.0805604582825 141.31915323044834 1167.159414169296 275.8155833802347 1.5664654 1.6460248 3.961434 5.908128 1.0983412 10.01132 -0.48020875 1.0182610026170604 
Car -1 -1 0 511.34277545284465 161.37960780386658 858.1086571195419 312.0015714554083 1.6076238 1.6682223 4.044281 1.0372106 1.3927438 9.110857 -0.32971507 0.33172813057899475 
Car -1 -1 0 626.8168887664158 130.40269724967575 667.5179371934996 161.51996078193548 1.5428667 1.6173131 3.925616 2.570165 -1.1777605 40.277836 1.4604801 0.29641738533973694 
Car -1 -1 0 938.8959782818409 154.52629081816667 1183.2719160174422 240.4716294398799 1.6482491 1.6636224 3.9348042 9.373177 1.1307166 14.917873 0.16392897 0.2802710235118866 

