Car -1 -1 0 365.9193421202202 183.2520887041119 500.4213958232096 281.7473562950598 1.4829563 1.6130583 3.852064 -3.0505729 1.7015276 13.220727 1.5449355 71.70550819711555 
Car -1 -1 0 653.4701483792645 176.13986460597442 758.6312290362848 251.09282454581935 1.5239879 1.6138048 3.762765 2.114737 1.6093378 16.791792 1.4747674 90.01665541564088 
Car -1 -1 0 262.94329561734617 179.76067541769683 427.15525702085944 239.36739131690905 1.5392907 1.6397785 3.9540875 -7.1667438 1.7389014 19.85844 -0.090295814 29.66950042360331 
Car -1 -1 0 606.9984121799656 174.27422810880654 637.0786620745438 198.04870716257523 1.5883201 1.6394947 3.9344454 0.83423805 1.6917205 50.490154 1.4665074 2.219375522098205 
Car -1 -1 0 336.1993212711327 174.37984667571274 468.17035766635377 220.6468290959399 1.5302732 1.6429932 4.053751 -7.035862 1.5843381 24.74258 -0.0009963647 2.1968852555979046 
Car -1 -1 0 269.4564393193495 184.03066591827545 363.28791793036817 231.4144350457289 1.5595168 1.6263793 3.9383628 -10.738522 2.0049937 26.731459 1.6501248 0.37202656269073486 
Car -1 -1 0 349.0810841346845 179.83211811238897 466.08069611699636 223.13430955039206 1.5783083 1.6382604 3.9804218 -7.620961 1.8521577 27.44754 0.024943111 0.2758411467075348 
Car -1 -1 0 447.27972187686674 157.01238742670446 515.3162676851651 180.63494250033824 1.4996011 1.6557934 4.256386 -8.281214 0.4939476 46.868374 -0.11364627 0.26291772723197937 
Car -1 -1 0 593.9251337587824 169.42290139752353 614.7118074344255 187.62737183197328 1.6180806 1.6115344 3.3399286 -0.50130326 1.3131115 65.871735 1.4759078 0.2540854513645172 

