Car -1 -1 0 707.0183806153183 182.2932902843134 760.3637964215906 231.26206098137223 1.5393753 1.6156939 3.6199632 4.377528 1.4475069 24.542038 1.7947235 44.6136014529285 
Car -1 -1 0 0.0 200.59263977053521 185.07461847149239 319.52051248861636 1.5151725 1.6165835 3.8254323 -8.581667 1.8078561 11.679531 1.4375907 62.55782574318015 
Car -1 -1 0 196.86073301490433 198.04397123790847 269.15648554960995 235.171546493484 1.4785538 1.6233228 3.9193168 -16.6022 2.0878363 32.092937 1.4389874 8.106707180100184 
Car -1 -1 0 169.42993620985618 197.5184298488588 226.17069458563128 229.65977961217533 1.545186 1.620867 3.744155 -21.621094 2.2316709 38.10382 1.3397977 10.740544382962696 
Car -1 -1 0 46.62390591445042 203.9311039823047 182.07734904123177 265.4890681313077 1.4884766 1.6079708 3.8688748 -13.952417 2.0780935 20.628317 1.4472274 5.070116747426957 
Car -1 -1 0 786.7058989372414 179.05938198765986 822.1919244387171 200.12449796917147 1.4564936 1.6130786 3.993733 14.260086 1.0308309 51.843987 2.0649037 3.8748017686309493 
Car -1 -1 0 338.05455517751864 185.0330746010585 397.1817188014497 225.9992001734955 1.5455508 1.6175964 3.8620896 -9.630792 1.5386609 29.147835 1.4267045 1.070731066137836 
Car -1 -1 0 251.99867871634564 189.5902651622075 334.04069075261765 245.37490088322076 1.5420957 1.6284639 3.9153838 -9.622213 1.6904533 22.28933 1.3466035 1.9249094676453076 
Car -1 -1 0 480.0730225387058 180.09289994740078 540.4800566626365 221.93188234336174 1.547891 1.6283586 3.7955356 -3.7718477 1.358366 28.547909 1.6448972 0.492725670337677 
Car -1 -1 0 841.1069171319476 133.4543871819281 925.8550197705415 174.73545463893677 1.5091469 1.5984136 3.769451 11.142078 -0.45538652 29.259455 1.433812 0.4073091447353363 
Car -1 -1 0 382.4407512206537 182.99760115641334 406.35678890077503 206.36294890768335 1.6485345 1.6252216 3.7057776 -15.591474 1.4920374 52.72436 1.2892642 1.1570185080770332 
Car -1 -1 0 582.5280028498767 151.06387733483731 634.894785349214 177.04006379814345 1.4985878 1.6084214 3.817036 0.1409772 -0.5332018 44.824722 2.0822122 0.25376656651496887 
Car -1 -1 0 122.88093325981689 200.90706363737192 182.803496738656 229.4495863851093 1.4924685 1.6044823 3.7953641 -26.334452 2.448597 41.797558 1.4034587 0.25330784916877747 
Car -1 -1 0 439.0742733067449 197.46411519686765 472.6975511861931 223.8929028233788 1.5290127 1.6229784 3.9161978 -9.648858 2.343131 45.664948 1.2406378 0.2519127428531647 

