Car -1 -1 0 559.4865200692875 177.12575238493298 624.6773937888937 239.16603656084553 1.5226574 1.6024787 3.3775802 -0.43189615 1.3241055 19.359869 1.5342281 31.827449088700384 
Car -1 -1 0 412.02446242946974 180.7782122424908 512.3766006016649 252.80890789392691 1.5170624 1.6236066 3.8883848 -3.3108292 1.423603 17.089277 1.5645669 68.7931882720222 
Car -1 -1 0 261.0215763900847 189.22897099168497 458.93707251825265 320.2641772684116 1.4915824 1.6198661 3.9364064 -3.2683918 1.5602678 10.304066 1.5310372 69.84217857784968 
Car -1 -1 0 268.94921166385507 177.84150807189374 373.7013598496828 239.59797219937036 1.5758138 1.6229 3.621407 -7.8925858 1.3876497 20.184515 1.5307106 50.723915181213414 
Car -1 -1 0 466.8251681219291 176.19813504859655 536.4000840229276 225.90681472405424 1.5287774 1.620559 3.8290591 -3.4419518 1.2514446 24.054321 1.6117427 11.748546960639539 
Car -1 -1 0 393.92529469357527 174.3869233761723 452.51290899280866 211.36027115770776 1.5582185 1.6331481 4.037988 -8.189439 1.1018466 32.32191 1.561903 9.209889172274467 
Car -1 -1 0 340.6668404960223 176.4646080137103 394.0203565650098 207.01697465209364 1.5670365 1.6216667 3.732268 -12.856074 1.1181915 38.738476 1.5733745 7.347936122564941 
Car -1 -1 0 513.0187929256507 176.045016550104 553.3503041317284 212.19890178926065 1.5937232 1.6411939 3.9839125 -3.4140244 1.1894643 33.712624 1.5293331 4.930750936351311 
Car -1 -1 0 249.02625535500388 180.81044224749445 329.1338152792298 221.42182943851103 1.5010611 1.6070592 3.6739755 -12.475121 1.3382359 28.424128 1.5489888 5.923334728109152 
Car -1 -1 0 624.4818655868804 179.36181022422772 674.6312322896761 216.66534994892015 1.4937863 1.6130612 3.910795 1.7494633 1.2593727 30.800623 1.489109 0.8057160995334358 
Car -1 -1 0 213.2128738989756 181.27091527763343 279.4110385725388 220.3119218380918 1.5557123 1.6271569 3.9247596 -15.334713 1.39852 30.737904 1.3502915 0.49129499986412734 
Car -1 -1 0 451.1166407493878 173.25092604685477 488.81996370106583 198.26332138844953 1.5140855 1.6157477 3.8698375 -8.626741 0.7898171 45.456406 1.5791515 0.5325983871113164 
Car -1 -1 0 648.6058931330394 144.82141760022844 692.8989024553894 169.46200904808805 1.4972917 1.6112906 3.931352 4.2379436 -1.1093019 48.50271 1.271635 0.25110533833503723 

