Car -1 -1 0 350.67412480098045 181.70535655305045 480.54415863674274 273.0193429345184 1.5567153 1.6252668 3.933551 -3.7629185 1.7608129 14.660715 1.5583242 66.61221937688016 
Car -1 -1 0 136.21514051556483 195.02145055000378 407.773907204827 370.3756800701422 1.4967375 1.6197689 3.9574895 -3.686701 1.8260297 8.694338 1.510526 83.59526853031974 
Car -1 -1 0 511.76129850376725 181.57925152862916 551.5273751870488 219.32989453295696 1.4990327 1.6289767 4.048318 -3.4544652 1.9082826 31.734573 1.4483154 10.787489988348877 
Car -1 -1 0 344.6434046755615 167.80914449935145 456.2679747374877 210.59339804779708 1.5633276 1.6344606 3.889914 -7.8713427 1.3789895 27.450922 -0.1430089 0.9633241069990274 
Car -1 -1 0 590.19796690626 198.48443360251028 608.1749092893239 213.89113635004483 1.5430483 1.6233708 3.7083156 -1.1811962 4.476902 80.65404 1.4496634 0.6224887357403841 
Car -1 -1 0 650.2183204444597 184.58992463713685 681.2603077704917 211.0016036781974 1.5028478 1.6190028 3.9543648 3.4449196 2.2635307 44.79045 1.5707757 0.5412162622950559 
Car -1 -1 0 648.7253930118374 169.43438070285688 679.6326491735957 185.59123836536025 1.4612826 1.610113 3.959402 5.1330442 1.152 67.39364 1.9990134 0.3143198788166046 
Car -1 -1 0 382.98658332206475 153.71374124100848 466.1772369915805 182.42852138736356 1.5241739 1.6414412 4.085359 -9.989783 0.50821316 39.145653 0.012701254 0.28638845682144165 
Car -1 -1 0 644.4005648991147 181.08977185278738 732.6946180645253 214.3704878789028 1.5340931 1.6495018 4.027436 3.7326958 1.9381198 34.54026 -0.015875816 0.2672995924949646 

