Car -1 -1 0 308.95129617714844 183.27810755622025 441.8292630257281 279.252140828991 1.4917781 1.6160021 3.8822749 -4.249896 1.7183098 13.666405 1.4681597 83.47992154854649 
Car -1 -1 0 119.43574078532463 181.47972164693343 235.31418820214222 218.27959691768638 1.5340502 1.6446505 4.039393 -18.673683 1.9178976 31.286228 -5.89556e-05 15.754841901293284 
Car -1 -1 0 619.7505608076291 175.8578274500013 672.5869666589313 203.04406655961074 1.5143652 1.6322472 4.0751085 2.1161408 1.7019799 42.87165 1.2069428 3.9381906590871356 
Car -1 -1 0 497.0481965899987 177.3848449460664 561.1635543735471 207.27861200480697 1.5112851 1.6178026 3.890562 -4.311289 1.7707456 39.216946 2.030513 1.5081312735283665 
Car -1 -1 0 321.5976650815965 180.62066954159872 440.612027686903 227.29347290330395 1.4988389 1.6067147 3.8303874 -7.9646454 1.7855937 25.15311 0.40082502 0.9493931847037153 
Car -1 -1 0 309.43002167470524 177.70789234595867 374.01153234125377 200.9398274494505 1.578083 1.641483 3.8904767 -18.605753 1.921717 50.22575 -0.018173328 0.49657366708302775 
Car -1 -1 0 775.8186878446191 153.5498803371926 898.4317495389741 242.8432035426844 1.8668371 1.6859443 4.25324 5.252635 1.4632498 17.233091 1.5970943 0.3617958724498749 
Car -1 -1 0 406.270100853066 194.01381170295343 488.68858108922376 247.73195529501538 1.5037208 1.6015946 3.8458955 -5.224273 2.2575676 23.73005 1.6430062 0.28735020756721497 
Car -1 -1 0 739.9439252583983 162.87793363625983 809.1048114164677 225.31598999305808 1.6016726 1.6131551 3.674113 4.580998 1.3457646 20.441929 1.7131549 0.2685270124787795 

