Car -1 -1 0 739.7426998583597 180.9977670050506 848.3084665358164 261.00384812701014 1.4907835 1.6166369 3.890043 3.9004674 1.6920891 15.843018 1.6346968 82.13010438861474 
Car -1 -1 0 810.9002604642633 178.69570537876044 1024.843753630967 323.0977530298545 1.504435 1.6130894 3.770159 3.827944 1.5983781 9.639755 1.6831614 79.07389130909762 
Car -1 -1 0 573.8514742558425 177.18109177724048 622.7895946450108 208.37409826577425 1.5203528 1.6181651 3.825179 -0.5325421 1.7592963 37.790535 1.8200054 23.298304984611843 
Car -1 -1 0 613.8479597926673 176.8532686545336 643.9386657596552 202.19930010655676 1.4940935 1.6092231 3.800941 1.2469428 1.7551386 45.126106 1.6703365 1.8788653942864002 
Car -1 -1 0 628.1852674114409 176.42880678977662 657.9585475684129 195.1207245548098 1.4923887 1.6105378 3.9428828 2.84608 1.8028094 60.537025 1.8553764 0.3954773545265198 
Car -1 -1 0 798.8738957202675 176.0551586602563 841.4178650311568 203.29988254709014 1.5105639 1.6248826 3.955131 12.348842 1.7082136 42.516544 1.6467973 0.3935930132865906 
Car -1 -1 0 703.1941450425836 177.413122172585 884.1294189841406 327.22837030028114 1.5570488 1.6130172 3.8538225 2.199375 1.6300613 9.586981 1.6255484 0.3779184395129719 
Car -1 -1 0 244.3875421909648 176.95560776125959 374.94952645609766 237.78135249268652 1.506782 1.6149294 3.840624 -8.32685 1.6302838 19.921642 0.6493651 0.30437394976615906 
Car -1 -1 0 805.9281054411495 175.17941365478632 866.6123616942785 212.73881313838703 1.5108116 1.6246425 3.954523 9.749798 1.618223 31.301287 1.6371338 0.3564057188652553 
Car -1 -1 0 689.2045841036905 174.73482702277622 749.1484312420633 212.6693640099563 1.6628934 1.6318703 3.8805168 5.0742793 1.756569 33.88468 1.3973227 0.2843656539916992 
Car -1 -1 0 661.5569073643472 185.4191082975215 747.7179366602 216.76254066756343 1.4883683 1.621981 4.0204577 4.8095503 2.1487768 36.616776 -0.26343793 0.27317899465560913 

