Car -1 -1 0 0.0 191.25132825308646 331.249020350767 312.38502106020206 1.5054026 1.6302131 3.9980679 -6.208894 1.7850082 10.09831 0.026475957 37.63300082245732 
Car -1 -1 0 631.8995439387772 186.24530347120592 674.2563030500254 219.03624141487003 1.4944756 1.6294655 4.0896583 2.1550484 2.2144427 36.695206 1.4999043 17.17230212557738 
Car -1 -1 0 721.172228858091 187.40878866197917 874.8792390628271 242.46701995480225 1.519906 1.6321414 4.0843415 5.455682 1.9647393 21.20831 -0.013625524 25.694224580955133 
Car -1 -1 0 757.5174094794337 190.45334447998468 941.7805903876872 254.60681066060275 1.5058861 1.6353631 4.1299763 6.0051303 1.9748907 18.329166 -0.039743558 19.054371531849554 
Car -1 -1 0 225.1208656844794 184.42889632908293 421.312417872275 254.33840625791356 1.5391116 1.6466115 4.0309362 -6.683001 1.830064 17.171005 -0.07188554 41.396530221720155 
Car -1 -1 0 880.9906164212581 190.39684984179402 1220.4685044448229 309.26844701792254 1.5160764 1.6200434 3.888896 6.1730466 1.7945914 10.473736 0.090045765 17.807311241299747 
Car -1 -1 0 273.87028829236334 180.84351136856836 442.49886999996437 240.4056237763488 1.5332904 1.6378775 4.064648 -6.7728972 1.7622879 19.752201 -0.054642398 23.77518333049135 
Car -1 -1 0 99.53175067659477 189.8330456909987 371.09793003910767 286.7213831014144 1.5314119 1.6293287 3.9480746 -6.4304485 1.8509003 12.652709 0.05616942 23.528538848639055 
Car -1 -1 0 437.02385871860207 187.2000221524439 517.7160863970383 223.63842130193592 1.518616 1.6313007 3.9820256 -6.1904182 2.224659 33.55915 0.74730074 3.3762241066467613 
Car -1 -1 0 808.7985484553913 190.66681645912658 1063.664697548573 281.9426147219525 1.5123863 1.6251775 3.9749484 5.859564 1.8657566 13.327204 0.08932841 21.978837040301755 
Car -1 -1 0 403.1151713104049 185.0665905816481 504.25004424413686 222.168699514828 1.5219884 1.6346254 4.026537 -6.6480284 2.0625825 31.058674 -0.031556413 8.429532121373201 
Car -1 -1 0 719.8347218200324 177.57615604733692 797.0246471925849 228.62712652935087 1.5589073 1.6149943 3.794248 4.9222336 1.7308834 24.335075 1.5101016 4.281670410281924 
Car -1 -1 0 470.62136477382654 184.17745643650105 540.7926383541231 209.69915911675895 1.5143554 1.6280771 4.045884 -6.3820667 2.2285337 44.57461 0.05970345 2.785189974008257 
Car -1 -1 0 603.45543251432 183.10536954541033 650.5431740021454 206.83423204713478 1.5783277 1.6361076 3.862494 1.2121613 2.3449955 51.877655 1.0568168 1.3358464486257766 
Car -1 -1 0 804.8068374540662 186.73856270989234 1010.9659754000808 263.82615170919496 1.544445 1.6345606 3.8677232 6.4576797 1.8685378 15.831123 -0.102561355 1.5699782003693312 
Car -1 -1 0 710.5387992707382 155.70613731998833 798.9609835517755 188.13697647892036 1.5606761 1.6615994 4.214427 7.1571307 0.7354657 35.862373 0.15168147 0.5590913891792297 
Car -1 -1 0 653.5330896114662 149.14803089220015 690.2782603854483 176.85162333269216 1.5631016 1.6203358 3.8846014 3.641262 0.22555506 42.697742 1.5115094 0.2560119032859802 

