Car -1 -1 0 216.16103822405137 189.7534948841996 414.6662530394758 309.39207633268006 1.5083406 1.620724 3.928965 -4.467617 1.8267422 11.623934 1.5633222 92.24655990526573 
Car -1 -1 0 748.4722325754013 173.76128354550866 871.8071808098261 257.2340086572085 1.5776718 1.6261088 3.830084 4.172469 1.5997028 15.59996 1.5779632 77.86209040364359 
Car -1 -1 0 722.8242468122286 181.56457009099574 796.5199770474273 237.34621616092676 1.5070359 1.6160505 3.8817387 4.494214 1.7975368 22.087196 1.6173732 9.34057418198891 
Car -1 -1 0 700.6757876944212 179.55953343335995 763.0891471572046 222.8417113470813 1.5294366 1.6151758 3.8288121 4.674325 1.8082395 28.050406 1.524501 10.249828262036505 
Car -1 -1 0 0.0 154.26915211337607 92.47536908184732 186.8932029260643 1.4803635 1.6351724 4.104687 -26.80621 0.63704896 33.67693 -0.05846537 1.9253441194144907 
Car -1 -1 0 527.06805732558 179.0782131017454 579.2044195720842 210.1641428290139 1.5252364 1.624876 4.0628805 -2.9402494 1.875397 38.430153 1.7973049 2.557237351588425 
Car -1 -1 0 494.40378897943714 172.31954540579588 530.6566755838481 195.293470158832 1.5165099 1.6141735 3.8898876 -6.629412 1.4812303 49.644733 1.6711118 0.5357734560966492 
Car -1 -1 0 690.4497125610133 179.65103589042678 728.698873656353 216.0618472640856 1.5331643 1.6119502 3.849543 4.5388064 1.8640459 33.126404 1.6751802 0.9185926051829549 
Car -1 -1 0 520.4788632642483 164.49997986475123 569.6830652029839 181.88689380291024 1.4866476 1.6155698 3.9987493 -5.5929456 0.7723466 62.78211 0.14482418 0.731285735414218 
Car -1 -1 0 697.4116881083752 176.77010519196662 728.7702153759467 206.6012742470721 1.502195 1.58795 3.367599 5.528756 1.7212307 38.579052 1.7106957 0.6796281128549868 

