Car -1 -1 0 818.7533024703489 185.73479254074314 1169.2490970864508 375.0 1.4893911 1.6154293 3.836667 3.5748713 1.6590838 7.581071 1.5630449 77.5119869692539 
Car -1 -1 0 233.41383020452233 188.4315254990472 409.960976535488 294.01429231903455 1.4882092 1.6194943 3.9067178 -4.8341484 1.8053463 12.720388 1.5508363 92.09573305508484 
Car -1 -1 0 0.0 195.30508067524545 306.1182059592368 375.0 1.5052025 1.6168854 3.890594 -4.771387 1.8008995 7.5442543 1.553587 76.4288212261546 
Car -1 -1 0 744.3972991078841 183.81187469453664 897.7928917078731 287.6622075613759 1.5131512 1.6116278 3.7615864 3.5506046 1.7360097 12.7924 1.5692204 57.13931178381903 
Car -1 -1 0 718.4630362629181 181.03556440412004 814.3864312058294 250.1211458246489 1.5178361 1.6157048 3.8356519 3.835806 1.7463814 18.231836 1.5781808 31.43666061612965 
Car -1 -1 0 463.1738275354831 179.63855369542546 520.743076786905 221.98804387430178 1.5441316 1.6202819 3.7498004 -4.6205397 1.832748 28.80423 1.5900663 42.2654400909094 
Car -1 -1 0 695.8807121047837 178.8187287142696 763.5855269014809 229.81382049189696 1.5104764 1.6176807 3.8523617 3.8661027 1.7228467 23.757025 1.5791703 16.682706978555423 
Car -1 -1 0 491.04606443875895 179.06075108885767 540.4700408670224 214.73988316064396 1.5192094 1.6211538 3.884468 -4.2751184 1.823406 33.386757 1.6151471 15.673415319839677 
Car -1 -1 0 688.1460713873832 177.38954155305314 742.0404835008167 218.1647424158156 1.5234925 1.607559 3.7530713 4.209964 1.7192627 29.261044 1.5624957 3.3082045677328575 
Car -1 -1 0 980.7679233257434 115.14480787014323 1132.6745540916993 164.82767149945374 1.4999957 1.6364951 4.107724 14.387821 -0.27185753 23.29623 -0.1640879 2.6010412866667676 
Car -1 -1 0 1075.1821103422988 161.5307663333338 1242.0 237.9259946582152 1.620353 1.6245669 3.9314563 13.518241 1.3801856 17.381681 1.3943926 4.518787965594663 
Car -1 -1 0 1044.374583830009 159.29028766806056 1242.0 241.60988873221442 1.5548404 1.6203202 3.8904538 11.8066225 1.298651 15.7271805 1.2650058 2.6108301797807427 
Car -1 -1 0 827.3046088528858 171.35820367724807 912.3760964169005 211.42344751952487 1.6212275 1.6469573 3.981445 11.189388 1.5607004 31.310976 1.3719147 0.8788155419578824 
Car -1 -1 0 777.6551270235332 147.52699988756535 869.5192418711725 180.46454763142714 1.5491078 1.6321405 3.965201 10.370064 0.35793656 35.06336 -0.1636846 0.5936101078987122 
Car -1 -1 0 131.2792106242646 191.02020519919103 272.6546155953299 262.36516271606854 1.4752605 1.6163939 3.9920466 -10.075932 1.968715 17.734459 0.66244745 0.366018935741304 
Car -1 -1 0 1040.8873600258064 133.7826820273782 1176.6251103469465 182.606458499652 1.5651789 1.616754 3.8902593 17.2617 0.31264144 25.190193 1.3887439 0.5251633629727642 
Car -1 -1 0 928.197238383832 170.72676554860942 1088.8373698567939 225.87143554462443 1.577599 1.6451735 4.000536 11.994266 1.5167422 21.957045 0.26340708 0.2758249044418335 
Car -1 -1 0 119.59197856106037 165.33709630325856 206.420192186247 193.07194562345336 1.5215032 1.6146736 3.914142 -25.009054 1.109134 40.47913 0.04594309 0.2707288861274719 
Car -1 -1 0 882.080931094202 144.9541437284377 995.425773262009 185.59434742559293 1.5945178 1.6771787 4.0498104 13.472124 0.4998672 29.58936 -0.2309539 0.2644171714782715 

