Car -1 -1 0 718.541869461713 183.51905013870433 768.5407725270458 230.1186326566716 1.5192511 1.6020666 3.3855162 4.843298 1.4639366 25.264938 1.7953268 32.0360742560385 
Car -1 -1 0 54.00197320092366 205.8919538566366 135.09593175126167 243.87348128110764 1.519201 1.6161014 3.9011707 -23.479813 2.5306287 33.0888 1.3619546 3.603827400927419 
Car -1 -1 0 105.32215468050116 195.7087795805117 238.29061076528012 268.79620229884296 1.5516949 1.6243347 3.9075494 -10.671047 1.8438313 17.935963 1.3672665 4.392075851470253 
Car -1 -1 0 793.596202328974 181.74841954673363 822.9124984753972 203.37613714508237 1.5054626 1.6189067 3.9027412 14.617025 1.2641122 52.15068 1.9563997 3.066872930495853 
Car -1 -1 0 321.2924346307042 187.86751609019854 355.389154093588 213.24810660597237 1.6022493 1.627722 3.7433782 -17.831148 1.78599 47.804 1.349918 3.696875600440847 
Car -1 -1 0 405.9676117300153 185.43560600634322 461.5095858961462 236.79244530931217 1.508493 1.6019855 3.6132224 -5.5810585 1.516149 23.079239 1.3233753 0.7953670024871826 
Car -1 -1 0 287.3096576232191 191.27167814770172 340.1055040614565 221.1296704754961 1.53512 1.6202478 3.972982 -16.191607 1.8880725 39.843937 1.4793421 0.5962278087275482 
Car -1 -1 0 478.45003319454827 153.1747420314227 522.9384661438665 183.17021897418576 1.4918938 1.6104927 3.8285513 -5.567498 -0.11359811 37.971294 1.6195216 0.43109628558158875 
Car -1 -1 0 207.83800416804183 187.74395656446762 300.0666923318017 238.54341991254796 1.5565748 1.6286201 3.9209235 -11.800118 1.6491847 24.281296 1.4392447 0.6680815183076013 
Car -1 -1 0 245.24501021605633 126.43581058962803 306.5001367934329 176.12148878803936 1.5543108 1.6277704 4.022959 -11.637434 -0.3493948 25.44984 1.2254856 0.30912089347839355 
Car -1 -1 0 758.5925873526168 186.6962639293852 823.9665896288144 234.8397998951276 1.574944 1.6246873 3.8615463 6.4724445 1.6318252 25.628035 1.6505772 0.28034338918669166 
Car -1 -1 0 193.33440830725655 184.59473793775612 305.679591914356 258.991260030664 1.8120842 1.6622313 4.147885 -9.6300955 1.7969594 19.697683 1.3925817 0.25991106990324714 
Car -1 -1 0 838.3955042767091 143.6032481206893 965.2113709862109 189.17862352885672 1.5574458 1.6400834 3.9782076 10.45809 0.13542491 25.779184 0.20834826 0.2502717077732086 

