Car -1 -1 0 460.7680200870132 180.65281213372 490.6395143591168 203.10023644870685 1.5770509 1.6315197 4.0009365 -9.999778 2.1840343 54.12931 1.5352823 5.4537298357436 
Car -1 -1 0 557.0371479940048 184.73951345067428 573.8040299717985 200.79630391763055 1.4818227 1.6121714 3.7735436 -4.3749785 2.6896608 71.38909 1.5052044 1.2113030875728077 
Car -1 -1 0 656.3516461168781 178.80597058355653 711.4591351654469 217.07085350340083 1.5280035 1.6120231 3.8817568 3.170906 1.8041266 31.456776 1.4622983 1.3409982440719372 
Car -1 -1 0 74.56791294281652 199.83882761973518 171.9803921216138 243.5164699390989 1.5051191 1.6099064 3.790073 -19.565083 2.6710916 29.225584 1.4944009 0.43351876735687256 
Car -1 -1 0 210.03010426763754 198.7698160913399 281.0713054183316 231.46810780023708 1.4982765 1.6207935 3.8508277 -19.16343 2.9401162 38.16793 1.6375698 0.5457168142697499 
Car -1 -1 0 611.1324245488057 181.26391349747817 653.0003255660474 210.74328732972532 1.4822986 1.6181707 3.8837094 1.1794794 1.9663141 39.4859 1.4211957 0.5600875550732588 
Car -1 -1 0 716.7522323560098 177.33557559664746 805.4675371115253 232.52020705161937 1.4991018 1.6116027 3.8577874 4.4877243 1.64753 21.91026 1.4912332 0.2771873474121094 
Car -1 -1 0 275.4897545774751 182.62070900367462 424.28700180241793 238.70841883778763 1.5847038 1.6540357 4.0043616 -7.764283 1.8962171 21.894886 -0.15104538 0.2533339560031891 
Car -1 -1 0 141.96289380113183 189.6827220082264 201.94214561350896 224.16025404432003 1.5306485 1.6127583 3.8789036 -21.842419 2.4226375 36.157383 1.2898812 0.25256893038749695 

