Car -1 -1 0 331.1192820291057 184.45872050046268 516.6989217117333 316.2042436629043 1.5877188 1.6311256 3.879042 -2.3910227 1.6398468 10.726966 1.6257513 48.727522398520726 
Car -1 -1 0 655.5422926217624 183.30122503877098 687.9563730239607 214.50075682709692 1.6360555 1.6393116 3.835974 3.91513 1.7402089 39.856857 1.6302667 8.64797385390705 
Car -1 -1 0 725.4770576423119 184.20929145095388 763.4590318881088 212.82731005340983 1.5050707 1.6204033 3.917706 8.004446 1.6634731 40.173416 1.6474054 1.8112296878970082 
Car -1 -1 0 0.0 133.79492610782938 225.07263056340494 213.03113613257352 1.5782017 1.6666708 4.1415386 -10.418951 0.627784 15.145753 0.0023420695 0.6682060191515841 
Car -1 -1 0 737.679614316295 188.90749324884283 785.4822460215904 226.18579670437327 1.5184913 1.632856 3.9646647 7.141948 1.8704593 32.132217 1.6740292 0.7673528916675029 
Car -1 -1 0 0.0 166.56758373621216 129.6053568216303 228.62529776728564 1.667099 1.6552746 4.020266 -16.186695 1.2656313 21.33861 1.6106077 0.39173299074172974 
Car -1 -1 0 642.9742150691186 189.3159801266684 685.9372894291811 223.9783483028986 1.4881222 1.6213439 3.9215252 2.9469917 1.875597 33.69678 1.5590353 0.65224140428562 
Car -1 -1 0 555.3572700331823 183.65115807930022 573.5396422257053 201.0637165530882 1.5489781 1.6293557 4.034938 -3.3335407 1.7530199 66.46576 1.5165466 0.2887710630893707 
Car -1 -1 0 702.5595388551918 139.33628635338724 757.9070112460827 174.4474520246746 1.5243392 1.6161458 3.9049857 6.0754027 -0.3543018 34.010864 1.4857417 0.25424501299858093 

