Car -1 -1 0 709.061650455835 176.24335422062873 825.115449901774 263.5882632579116 1.5035064 1.6096799 3.6002526 2.9934149 1.5796092 14.381209 1.5959883 69.51179101876683 
Car -1 -1 0 322.4447129383486 184.73866476473134 434.63818962219665 252.4014362003211 1.5347452 1.626884 3.910542 -5.9437246 1.8807774 19.033924 1.5948483 53.1399383511355 
Car -1 -1 0 1016.4444165168305 138.95099069566746 1242.0 255.82672668986783 1.5600984 1.6426767 4.01775 8.40196 1.1075491 10.503109 0.025237234 54.51581175623045 
Car -1 -1 0 876.4539045929333 155.16167198183982 1092.1998701815291 225.06607288291306 1.5316372 1.6585088 4.132965 8.54136 1.1439902 16.673244 -0.016884046 69.91683281181224 
Car -1 -1 0 437.75276359182726 182.47964415470912 494.3165602058825 221.8265748946006 1.489763 1.6189902 4.0109987 -5.9518833 1.9210969 30.318636 1.5599759 9.0369892459999 
Car -1 -1 0 484.3958079608316 179.98708215951018 525.7988528376048 209.05239126071942 1.518156 1.6133244 3.9279046 -5.831731 1.939878 40.663048 1.6122762 3.6587595909808206 
Car -1 -1 0 471.142905256428 179.92093889936004 528.2623475250027 213.4348265424808 1.5173914 1.6284089 3.9751587 -5.35525 1.8870549 35.647583 1.7377548 1.1338710392166238 
Car -1 -1 0 926.0763468053585 143.05288602907584 1242.0 331.8492617520782 1.5230072 1.6269436 3.9409564 5.319645 1.2826036 7.8765135 1.4468701 0.8375472970617054 
Car -1 -1 0 444.9543270452004 165.26552291206477 469.05785262093036 188.32441979848812 1.6217394 1.6220126 3.6885014 -11.17511 1.0880392 52.72873 1.3347924 0.6310198711446231 
Car -1 -1 0 519.3571948791517 179.79067573495828 549.1603945769992 201.00025283358022 1.4857011 1.6129668 4.0038333 -5.5866113 2.023685 53.918858 1.6227163 0.32881543040275574 
Car -1 -1 0 191.05754387316404 189.7033437165839 382.2182062176808 291.0251245802838 1.5523837 1.6237855 3.98737 -5.9159727 1.9222622 13.78818 1.6491129 0.3521008575649568 
Car -1 -1 0 107.74413692102829 161.2387347934322 222.12698781478312 208.7240128354573 1.6126354 1.6285343 3.8377655 -16.170238 1.2181722 26.479277 1.6470221 0.26043927669525146 

