Car -1 -1 0 855.75180114387 169.82531815022398 1010.0937971545669 220.94108859233404 1.5262549 1.6420857 4.0586376 9.953529 1.435822 22.397928 -0.016139802 48.579120431357296 
Car -1 -1 0 91.13349314502727 192.5102629989435 259.7954078600702 250.70199984752662 1.5964963 1.6669296 4.019678 -12.746616 2.2026234 21.332348 0.042057768 62.84654805857806 
Car -1 -1 0 513.7528000569203 166.25236612516278 550.5282152577078 194.66264918960314 1.5349798 1.6138006 3.9020162 -4.4501486 1.1782998 41.067604 1.3406782 4.0847099936596 
Car -1 -1 0 1004.7660337310888 165.78688790900574 1165.8639563650395 217.10066125209278 1.5301144 1.6294556 4.0292635 14.742464 1.3193816 22.471863 -0.07145621 11.9333942981274 
Car -1 -1 0 560.3113723349283 152.34472754496434 598.5934569610089 182.93288093419008 1.5363458 1.6147404 3.853677 -1.6440321 0.50623 38.26734 1.4189507 2.409120141061349 
Car -1 -1 0 244.7526650087055 187.97537298115168 308.19996552543313 227.68763997940292 1.499128 1.6224325 3.9400897 -14.291283 2.188866 30.857197 0.9124634 11.248083043230594 
Car -1 -1 0 365.63644753620144 181.4578803139165 422.6934376076147 219.1461466558449 1.5445487 1.6190884 3.8406522 -9.603821 1.9546974 32.431484 1.5122962 3.0328442756425456 
Car -1 -1 0 360.2053945613075 142.1363117219356 468.0128641057843 179.40127594236196 1.5443277 1.6570528 4.2069173 -8.289038 0.27133083 30.866423 -0.0655795 1.1095220490449091 
Car -1 -1 0 939.0917512657519 131.36858683583247 1036.8549354358756 164.90091307069062 1.5664505 1.6366295 3.8973691 18.30247 -0.3953889 34.996376 -0.029253095 0.5612769722938538 
Car -1 -1 0 90.69598313095092 196.46127282984938 144.24959962319298 237.1370611210841 1.4941335 1.5962392 3.7619348 -20.990974 2.571162 30.889122 1.0528944 1.2450413721392142 
Car -1 -1 0 946.9594386751751 159.6965359372691 1055.3801188927655 195.79858957214572 1.5448691 1.6516107 4.0180736 17.303722 0.98183835 31.95866 -0.13187963 0.39079999923706055 
Car -1 -1 0 282.0295527102453 166.5977341868413 332.50156625431634 194.6084480422098 1.4962159 1.5979545 3.8813517 -16.922558 1.162032 40.5606 1.4566422 0.3890145421028137 
Car -1 -1 0 1100.146815241437 133.04221494727003 1221.4894688376655 170.9965556419255 1.5464675 1.6446197 3.986704 24.090115 -0.08668122 31.635303 0.84473175 0.43146303754235354 
Car -1 -1 0 751.6210205198399 173.01587655752456 884.2617374706654 219.0815094921111 1.5789124 1.6849959 4.235005 7.318939 1.5848603 25.624884 0.021458423 0.5405811071395874 
Car -1 -1 0 600.7745715373017 170.93269641053436 663.0118272325625 197.89121388611952 1.625092 1.6467648 3.7368393 1.3399541 1.5092733 44.3677 -0.026463097 0.25532540678977966 
Car -1 -1 0 462.6642179844936 175.44009562464197 510.0708348536257 205.44164201429933 1.4986463 1.6130615 3.910473 -6.49288 1.643443 38.39376 1.6388295 0.25448110699653625 

