Car -1 -1 0 534.2892142894035 181.86519144660002 570.7352563629917 211.67307986847328 1.5139494 1.6243134 3.8567703 -2.5157523 1.5338101 38.473854 1.5897417 11.869506500805137 
Car -1 -1 0 722.1455514453269 179.03223415564221 975.6681975524272 345.45568161320455 1.5373884 1.6187625 3.7781372 2.627902 1.5144789 8.547262 1.542227 6.261588844983497 
Car -1 -1 0 761.2781873360946 176.31429906620303 1015.7910632096055 325.81651065935336 1.4939691 1.610098 3.857994 3.3224597 1.4420266 9.125951 1.5469297 0.7478728410081547 
Car -1 -1 0 120.53826337587168 190.25435865874715 315.2642619575318 269.88955533309405 1.5199174 1.6011404 3.7687411 -8.205431 1.7249155 15.432356 0.3593916 3.4807060930009963 
Car -1 -1 0 287.09785666053966 192.40726216378388 372.5834492805863 233.13966060517188 1.5373029 1.6266274 3.8666248 -11.320251 2.019896 29.961452 0.68906903 0.7588218978891328 
Car -1 -1 0 766.3315814972699 146.63164282753502 852.7747469670945 199.177501639838 1.5125774 1.617362 3.9583707 6.4803987 0.5085106 22.666689 1.5828644 0.47042471170425415 
Car -1 -1 0 636.9936570280097 158.23308840470557 669.0761070126439 181.5290781537977 1.5221174 1.6300216 4.0057244 3.5469892 0.0011023283 48.98917 1.5015271 0.7341276832103527 
Car -1 -1 0 0.0 205.07043439420235 313.6242917739294 375.0 1.5179795 1.6252695 3.9774299 -4.52868 1.8480566 7.9779415 1.4229355 0.8601610968269534 
Car -1 -1 0 224.99492708075405 182.58493237872796 344.0365410751574 242.90220467714954 1.5346212 1.6251541 3.8861647 -8.764472 1.5678434 20.296188 1.5801257 0.8719815889518838 
Car -1 -1 0 0.0 200.17784269560835 299.1976084380287 341.60124853624416 1.5124265 1.610323 3.8863475 -6.0245123 1.7714151 8.957762 -0.10763402 0.31014825460954154 
Car -1 -1 0 732.3192972649441 146.80318224694133 808.6572432295476 200.48325098168777 1.845783 1.6813465 4.2132373 6.246605 0.65231717 26.84312 1.5245221 0.2543012201786041 

