Car -1 -1 0 498.7866873780019 181.08521319253873 518.8051919606158 199.21116317143463 1.5327973 1.6156794 3.8695922 -9.026907 2.2953115 64.83806 1.4753236 2.13790230346042 
Car -1 -1 0 440.29141496756813 183.40577028807198 482.451122713342 211.9574523043025 1.4923946 1.6151526 4.0103536 -8.405587 2.1245224 41.21356 1.5624822 0.6670911908149719 
Car -1 -1 0 377.8275396147456 184.59363086732228 435.15422225599696 213.11228604664524 1.4968868 1.6216785 4.089597 -11.686136 2.2117686 41.789383 1.7321098 2.3596890686990126 
Car -1 -1 0 318.71604793799037 177.62125673405308 420.8603770371737 241.14912635773254 1.5270162 1.6157575 3.946423 -6.3878207 1.6700937 19.649866 1.5288787 1.653043314369049 
Car -1 -1 0 595.603042127543 179.343003923592 624.189845517471 205.28720166637058 1.532818 1.6422639 4.031993 0.060560394 1.9622726 45.703617 1.6134238 1.1305791858446803 
Car -1 -1 0 100.58606063931502 183.8397066309 214.0166085323621 234.32090641722405 1.5329379 1.6224313 3.93356 -15.386502 1.9411873 24.800297 1.5085957 1.5671534161245506 
Car -1 -1 0 317.8837497029266 177.56612320794676 429.0674312581178 249.29307775542395 1.5202038 1.6145518 3.8838725 -5.584715 1.647666 17.535221 1.5173762 1.3967432294723663 
Car -1 -1 0 208.3779245523033 187.3134224864844 286.02151311123157 227.6915345681286 1.5263813 1.6215677 3.86965 -15.3097725 2.181548 30.698818 1.4890245 0.6599014942098061 
Car -1 -1 0 0.0 185.78621352164961 132.70247418599567 248.7180749137721 1.5308521 1.6198527 3.8980482 -15.616253 1.9312613 20.354229 1.6194972 0.8955500751403088 
Car -1 -1 0 429.8353320532044 179.07479696169634 494.6640246686619 217.82442599891985 1.4741733 1.6231406 3.8816745 -6.060275 1.7508947 30.094492 1.6544803 0.3252415060997009 
Car -1 -1 0 710.5256133871108 176.3873833851573 757.1582579434406 197.9291580980381 1.5219862 1.6140121 3.7962122 9.206642 1.7951431 53.71778 1.1653318 0.5246485364088593 
Car -1 -1 0 485.76812441186513 178.68243493826827 517.356137621996 207.4404606267065 1.4895623 1.6128241 4.00366 -5.9861145 1.8318946 40.298088 1.4554055 0.26326078176498413 
Car -1 -1 0 383.87490796928404 161.20052575569702 410.79082659565313 182.25736794560075 1.5890162 1.6251799 3.6830244 -16.633041 0.7096077 56.461983 1.1744554 0.2511503994464874 

