Car -1 -1 0 596.2634268325409 173.85772997674115 626.6183441841484 203.03614265264014 1.5726545 1.6429968 4.091324 0.0652201 1.6326821 41.09124 1.5527513 15.653831980066858 
Car -1 -1 0 339.0098680290177 183.5725256892609 392.12212435977887 213.35056704715348 1.5099704 1.6307466 4.052532 -13.482377 2.1358092 40.091896 1.5566056 7.779241196693676 
Car -1 -1 0 128.9355891953462 188.35621507864838 254.18105239072506 249.92325952418514 1.5632796 1.6304356 3.9413948 -12.198054 2.0655699 21.358482 1.504747 7.022494227637019 
Car -1 -1 0 28.600504117555147 162.80345313931213 211.14680084088752 228.44447929565 1.6422976 1.6533486 3.9989274 -12.979479 1.3908391 19.21224 0.17370982 7.706824719983904 
Car -1 -1 0 239.28189205257925 193.013150171838 315.39304862619514 241.99228978179056 1.5197299 1.6092566 3.8478646 -11.912226 2.3060508 26.105179 1.3863243 1.0957671737213088 
Car -1 -1 0 695.924959495048 174.31896867982522 722.6221993740227 192.22195785840998 1.6408314 1.6401778 3.6973004 9.416969 1.7835736 68.37517 1.4574368 1.0573488498010033 
Car -1 -1 0 895.2198963204693 145.07557120096993 1122.784687536187 238.55681597685927 1.5428765 1.6227572 3.7987838 7.479007 1.0844028 13.961332 1.2786472 0.7667638680984528 
Car -1 -1 0 0.0 188.4875989987872 102.5140566310238 236.0340999730041 1.5332733 1.6165279 3.882882 -20.764986 2.150946 26.535988 1.5318089 1.3018581281542527 
Car -1 -1 0 694.2257296318063 181.54925412958457 763.5883798391958 218.99888822709232 1.5426244 1.6159813 3.8467333 5.339653 1.9623132 32.75474 1.2925603 1.089797142724382 
Car -1 -1 0 432.5401296032995 181.4203309964091 466.23023377768266 200.33683841356793 1.4857903 1.6085012 3.8306828 -13.3810005 2.2273376 60.46849 1.6801869 1.069685487345945 
Car -1 -1 0 7.975886026237039 190.18804618625123 100.7204411237928 231.72115603056668 1.543208 1.6356785 3.9972148 -23.050686 2.3031907 29.932484 0.5195118 0.569767936381679 
Car -1 -1 0 1122.1412595578515 152.9748065598502 1206.6572360143603 177.36768215989392 1.5503093 1.6437384 4.060835 36.201595 0.28687054 47.178707 0.26260468 0.33055824041366577 
Car -1 -1 0 909.8616567082236 143.72985636566946 963.723372712904 168.48272689655917 1.518698 1.6034569 3.753583 21.191174 -0.29565227 46.875538 1.5044389 0.294681578874588 

