Car -1 -1 0 326.3531214935887 176.7981931887002 462.2794630794718 227.55087658010294 1.5321121 1.6297936 3.957119 -6.696687 1.3898064 23.513544 -0.63400674 46.48903146861514 
Car -1 -1 0 554.134289368341 169.03115251237767 589.664484596489 198.1014834783003 1.5586579 1.6373008 3.9677157 -1.5599813 0.8894638 40.540443 1.6254572 11.44487881932297 
Car -1 -1 0 0.0 183.5568869570402 99.67845635689758 250.3543479767066 1.5362538 1.6376655 4.0681176 -14.294091 1.5959924 18.820374 1.0347116 6.511711708082431 
Car -1 -1 0 28.56387819073918 160.02567984834025 88.70717486061734 196.56529770892013 1.5583895 1.6331996 3.8880296 -24.599781 0.64200395 32.73439 1.0724875 1.4760187855226938 
Car -1 -1 0 638.3126655904388 173.42071860973905 671.3792454291589 200.44730284956316 1.4958432 1.6161689 3.8331077 3.2077594 1.0480027 41.776463 1.7265266 0.4533824920654297 
Car -1 -1 0 798.8134502315714 85.07019699686128 1028.5829691770014 301.6871614833106 1.5541966 1.624335 3.9109848 3.2512808 0.8622386 7.263814 2.0491052 0.37190133333206177 
Car -1 -1 0 842.4437443469166 132.32789404142932 945.5641175886574 186.50948435742532 1.6288922 1.649805 4.0286183 9.517108 0.15023601 23.633171 1.5417037 0.8292929224558759 
Car -1 -1 0 614.8322787857845 170.59178321218087 642.9253939823541 195.2573098773207 1.5056458 1.6170338 3.945063 1.8568453 0.83903563 45.882824 1.6554728 0.304458349943161 
Car -1 -1 0 581.8888435272722 169.830681082675 602.7648921276171 186.8314202880963 1.4962809 1.613153 4.0717096 -0.70409715 0.4681583 65.30297 1.6305124 0.2853296101093292 

