Car -1 -1 0 616.7971403805377 193.77032527368235 705.8210580593947 259.43596327651386 1.5223362 1.6098119 3.724796 1.3264542 2.157988 19.955732 1.4002976 54.85247758215586 
Car -1 -1 0 549.0555307952611 192.80407235170932 634.4413787477444 227.6769091364254 1.5223055 1.6249317 3.9489748 -0.84468675 2.550053 35.3663 -0.6164252 18.64905706279627 
Car -1 -1 0 750.4333066657864 187.82197839088022 827.8372589471721 222.54696423201133 1.4902415 1.6026809 3.8372846 8.589051 2.2415662 34.382645 -0.6858593 35.68040849206101 
Car -1 -1 0 107.33131307376433 188.2784280048954 198.3161376488961 225.14908381957258 1.525881 1.6190573 3.8727577 -20.690018 2.2572877 32.67959 0.4242291 5.9056953256172005 
Car -1 -1 0 677.549134715981 190.571028091643 770.8243340647074 229.8982581088371 1.5367608 1.6164182 3.8482666 4.9995728 2.3477244 31.361393 -0.5264958 11.774964441155861 
Car -1 -1 0 809.6909380699893 187.42396266810178 882.2685547016696 219.26709835301907 1.4995172 1.6103647 3.8525472 12.272516 2.2902837 37.382652 -0.6230634 15.697299120266313 
Car -1 -1 0 866.2103613756437 185.68314974833558 906.8531362594962 216.9740488779956 1.5748246 1.6297708 3.8573618 15.325287 2.3241231 40.075367 1.8097028 5.838701434363235 
Car -1 -1 0 981.6971688035642 180.18532393604727 1031.8819564655912 208.49548606197195 1.5513757 1.6199834 3.7961125 23.394785 2.0050955 42.623116 1.7968489 0.6812649369239807 
Car -1 -1 0 375.2099368653719 142.13085837917535 429.95960659811965 175.91858776344594 1.4873947 1.620101 3.7924664 -9.746477 0.13490832 33.812225 1.0541587 1.2336689290487401 
Car -1 -1 0 953.4523306623734 184.1624214146923 994.4613494266499 210.11519028233937 1.5390937 1.6206765 3.8355675 23.534372 2.2999983 46.543854 2.2416399 1.757848623993148 
Car -1 -1 0 450.12792633640885 188.79559844678175 522.0206696984071 217.94812794508894 1.5256112 1.60229 3.7172306 -7.0327253 2.4709706 41.162746 -0.5255515 0.9050630387844387 
Car -1 -1 0 241.38765791393908 191.96819209324937 339.90459573843316 226.0925999280379 1.5179734 1.6166403 3.957333 -15.017036 2.4455857 34.080524 0.06530883 0.41413065791130066 
Car -1 -1 0 341.4298762907924 184.03678273480443 376.88400410669493 214.69129521612467 1.5508851 1.6116251 3.7824528 -13.937457 2.2036161 40.05992 1.1702039 0.3380085527896881 
Car -1 -1 0 796.8517158306857 143.05167541124771 891.9724188039492 187.1917765636984 1.53615 1.6194266 3.9122977 8.739722 0.49897867 27.199615 1.3418069 0.33592596650123596 
Car -1 -1 0 173.80517468080654 165.11046624226378 275.97000752834117 197.01852486519263 1.4728144 1.6258413 4.0400224 -18.223417 1.1153877 34.269283 0.07628005 0.5676215548515633 
Car -1 -1 0 290.6934744322758 191.72051739397932 342.82277674161935 224.79436017276274 1.5142791 1.618164 3.9118838 -15.23439 2.5471466 37.442722 0.9438432 0.3102602179836439 
Car -1 -1 0 637.1623213557981 170.62531793060464 708.7117927061084 197.21882229799823 1.5604951 1.6640525 4.0513506 3.8651242 1.4297168 43.947544 -0.4348976 0.49742206931114197 
Car -1 -1 0 207.0332070488622 192.77076081211112 272.64747229070827 220.70737441806037 1.4901519 1.61542 4.100619 -22.251265 2.751864 43.60088 1.6503453 0.2569165825843811 

