Car -1 -1 0 634.6117817623962 176.1453487818897 709.5495432314301 229.76336174583577 1.4838476 1.6167591 3.9189343 1.8302996 1.5945718 22.245197 1.4745692 60.86105764756724 
Car -1 -1 0 276.38048358340274 181.11899596321342 446.1488984825531 241.96295531067548 1.5069383 1.6221538 3.9298804 -6.498214 1.7368909 19.10456 0.08258763 15.72108012269682 
Car -1 -1 0 201.95167083849844 181.53030701645505 407.6273135856633 250.89618901890032 1.4955649 1.6322038 4.038124 -6.889436 1.7048659 16.584087 0.002812772 23.490796418389216 
Car -1 -1 0 865.1534798518425 171.0785683765094 1242.0 310.51687139949763 1.5684364 1.6380622 3.9538047 5.4652987 1.5484658 9.02013 -0.043433834 20.625034127541642 
Car -1 -1 0 611.5545321126599 175.66132331279962 652.6401694575451 206.22680469115178 1.4841595 1.6118877 4.0318274 1.1168156 1.6382115 37.50674 1.4684 4.9188739933402985 
Car -1 -1 0 358.8415870372984 180.22250548833236 412.8833933534911 230.4990310009243 1.5146155 1.6155336 3.8782063 -7.550173 1.7855288 24.438824 1.2789534 4.024645075662071 
Car -1 -1 0 613.060025842383 171.94107591720547 652.9315724578071 199.81928370153577 1.540412 1.619165 3.9541903 1.3118294 1.4899681 41.945442 1.4188926 1.85707413232129 
Car -1 -1 0 746.7881236468878 164.83950964229322 820.0085678559562 189.52777697410605 1.4865557 1.628859 4.0791817 10.698229 1.0039786 44.518433 -0.13025731 0.7464498233341738 
Car -1 -1 0 676.8920639583423 180.0215948435077 716.3922765499557 212.64866792660203 1.5348206 1.6307673 3.9419687 4.387749 1.9202203 36.806713 1.5950809 0.3773212730884552 
Car -1 -1 0 429.35368040569557 176.58156426769355 479.9803270506008 210.1684824992376 1.4894792 1.6107554 3.9783535 -7.323402 1.6777391 34.44153 1.5575863 0.7226438522338867 
Car -1 -1 0 649.4025829351649 162.18260903352157 679.5186499465414 184.11691984740563 1.5138934 1.6048522 3.5785284 3.8941376 0.7773599 51.649456 1.4882367 0.4369754085727667 

