Car -1 -1 0 796.7739560115822 183.06158815006825 1047.2368383448127 364.3105747381082 1.5228624 1.6123974 3.7314196 3.2251348 1.6667988 8.227987 1.6865951 59.40304022007455 
Car -1 -1 0 581.3909790425415 181.71914748845657 632.1936926274067 224.89494936630925 1.5146513 1.6332774 4.212101 -0.037332743 1.8898414 28.369585 1.655039 22.027225473100618 
Car -1 -1 0 737.7636947180181 180.1932158835199 774.1486483285207 211.92426342872554 1.5321137 1.6234635 3.854291 7.6170125 1.9370646 37.792473 1.706692 10.807185226866318 
Car -1 -1 0 635.5036798516372 181.55400888772888 663.5682013716613 208.15460154452538 1.5353556 1.6266652 3.8849459 2.52746 2.101686 44.963436 1.6571175 4.465237675358769 
Car -1 -1 0 788.5782320293847 178.66390813241003 893.9209505696514 275.020747915436 1.578235 1.6226288 3.8482494 4.3842964 1.7084849 14.120892 1.7912409 8.581447368873933 
Car -1 -1 0 1004.4277547805638 125.3240682236337 1195.3521873697773 184.28011045482359 1.5361639 1.6451956 4.0421343 13.357348 0.29771966 19.86256 0.12182482 0.6249632560869615 
Car -1 -1 0 833.8299877125474 181.5262813427341 930.6037978928558 248.49394328684144 1.5392226 1.6240326 3.9168153 7.1081247 1.7944361 19.175606 1.7218156 0.8996940000844897 
Car -1 -1 0 771.5592988599984 173.90288685013834 802.0730712537941 193.9338865809587 1.5300972 1.6045197 3.7548409 14.0159445 1.6160364 57.216675 1.6023453 0.27664220333099365 
Car -1 -1 0 781.3300758441399 179.45090197038812 823.0576212197359 210.74769871823736 1.5394089 1.6439265 3.9955368 10.207217 1.9101181 38.45859 1.7014656 0.25558680295944214 

