Car -1 -1 0 373.4132257337911 191.9991449058388 458.0414331716399 245.63785015866398 1.5043465 1.6213301 3.8900094 -6.2299438 2.183042 23.609982 1.6009247 52.73058771810582 
Car -1 -1 0 657.8184708788121 176.13417231965934 719.7222334167501 220.5018320109106 1.5203886 1.614275 3.728074 2.880096 1.6515849 26.934692 1.4878325 35.552030653397864 
Car -1 -1 0 422.9421827606929 189.3530734262577 486.02087874129495 232.39706268990918 1.5210462 1.6210479 3.9264693 -6.1461973 2.2292552 28.99267 1.5903994 28.17661028779226 
Car -1 -1 0 59.63320940696083 202.20634317032426 160.3961760855428 244.73285954954525 1.5051033 1.6224052 3.890913 -20.791271 2.8150468 30.22955 1.5374589 30.855606600191837 
Car -1 -1 0 466.0434401037251 184.86546144760274 502.58116839805444 218.061559497062 1.5397325 1.6276307 3.9486108 -6.483906 2.1924176 37.09976 1.3416481 7.8537247786789814 
Car -1 -1 0 8.334714731237872 205.11387049225553 105.63116050914024 247.7029294706099 1.5220411 1.6249698 3.8909965 -23.545223 2.9960206 30.924522 1.4245665 10.146928216194908 
Car -1 -1 0 1063.1150940370364 141.9985827499391 1147.8272027222156 174.94786915131075 1.5602186 1.6344306 4.0678606 24.788206 0.09914896 36.243557 1.6278434 9.313153237795468 
Car -1 -1 0 87.76576999833233 200.53721825634506 176.80909636618398 247.5083503496415 1.553607 1.6307236 3.9543004 -18.69385 2.7263236 28.457916 1.3495831 0.33830844684238315 
Car -1 -1 0 1122.7539389040053 144.61757076077595 1196.112764549646 177.35617825247988 1.6028377 1.6232696 3.8841407 28.401234 0.22042033 37.406555 1.816138 0.3149562478065491 
Car -1 -1 0 0.0 141.3760731088856 100.19622910737887 174.85786266953443 1.555138 1.6315894 4.120378 -27.486925 0.093073785 35.613956 1.6237683 0.2556675374507904 

