Car -1 -1 0 98.76390621944235 193.89032732640538 298.66219113413877 288.0749509039086 1.4831468 1.6216892 3.972611 -7.8479156 1.9573604 14.261372 1.593199 67.26640947509155 
Car -1 -1 0 589.6334391452322 180.70793471277756 628.4424150560836 211.0920235358259 1.5126796 1.6367087 4.032487 -0.07946938 1.9612097 39.106808 1.451192 1.8591546146938012 
Car -1 -1 0 387.51851026155896 183.19070919403535 466.9606558329479 233.5642894017292 1.5343237 1.6155214 3.8784986 -6.1498117 1.9171436 24.753637 1.6087637 1.5886598607366336 
Car -1 -1 0 448.8022504538146 183.62105667997167 500.4977681289092 222.81195693720562 1.5090419 1.6201572 3.857457 -5.691649 1.9980965 30.815779 1.5336652 1.466335515426446 
Car -1 -1 0 639.1733907296104 201.91626440835114 691.7360042614041 240.80839985658642 1.5235387 1.6260216 3.9680727 2.5231817 2.954198 33.4435 1.4348493 0.4067964255809784 
Car -1 -1 0 436.58165031961323 184.5282952992511 492.6895729477463 225.52230035761718 1.5449985 1.6223649 3.859081 -5.9980803 2.0656354 30.238415 1.5578086 0.7364361106701701 
Car -1 -1 0 614.9812723724194 201.6267421407361 660.717651947281 249.18573544107554 1.5279434 1.628 3.9705338 1.1343172 2.7126708 27.675756 1.6355929 0.27532726526260376 
Car -1 -1 0 646.0953710675172 181.11716884695662 675.9177089477233 199.9260912842503 1.5151699 1.6176924 3.880995 4.383641 2.2486331 61.988728 1.383609 0.26524677872657776 
Car -1 -1 0 314.34696751976634 189.45471982177392 429.35351480182214 257.7000311698079 1.4575899 1.6060522 3.8595054 -5.87348 1.9230683 18.292803 1.5823084 0.2600688338279724 

