Car -1 -1 0 705.3684759625098 177.55385910112312 846.5927224869274 272.4715521890741 1.48219 1.6062759 3.751567 2.9026423 1.5816793 13.365084 1.527405 39.3227598219368 
Car -1 -1 0 195.43129973012867 170.6595238300851 426.75815185052977 252.14111427768134 1.5182374 1.6305606 4.0054507 -5.9006104 1.4773479 14.487879 0.11702964 19.87403063649753 
Car -1 -1 0 758.5563095780385 167.07799785659796 1073.7620422635334 366.0278990329643 1.5662721 1.6271513 3.8693535 2.8235507 1.5207994 7.6308365 1.551017 70.55405649768338 
Car -1 -1 0 653.6295347162252 170.41148359134874 700.7536481054494 208.35599456799625 1.5202975 1.6117074 3.7950776 2.8269348 1.4224347 30.816801 1.5583413 28.369494633566347 
Car -1 -1 0 0.0 175.8245614476959 331.78298531112347 289.7636846728194 1.5318165 1.6264248 3.9103057 -6.3432865 1.578883 10.588388 -0.015753958 13.205622599558692 
Car -1 -1 0 345.0014471830062 169.02571655140508 443.83694636335093 233.23994527948392 1.51051 1.628534 3.9924736 -5.529581 1.4204572 19.014015 1.5110457 7.2088886934984595 
Car -1 -1 0 680.554837683482 172.09134815285847 768.6297779264655 237.46177998329037 1.5250669 1.6151161 3.7425094 2.871532 1.5072744 18.72116 1.5495803 34.11976727042957 
Car -1 -1 0 396.3100328909524 171.34977912038613 507.46886223570965 210.64621749402403 1.5409143 1.637453 4.1119056 -6.3855796 1.4819298 29.402237 0.14587969 11.013762673951668 
Car -1 -1 0 328.82831773331196 168.33188981951835 474.0813603178363 224.12984104377787 1.5950913 1.6360165 3.851409 -6.1745715 1.465818 21.627388 0.09710141 11.736616542758549 
Car -1 -1 0 639.4330514593435 169.64996718214397 676.5856107591483 198.32689371108694 1.5684217 1.6151994 3.707933 2.8252733 1.393184 41.44478 1.7814511 3.4422496003570653 
Car -1 -1 0 448.0140076200683 163.47134454642955 538.4419696644945 197.21195206531652 1.5534651 1.6388843 3.9844232 -5.44802 1.1214743 34.08991 0.02515667 2.198666965260287 
Car -1 -1 0 218.1263809070793 157.07898918281555 419.309208613184 228.43228620229766 1.5836716 1.6511203 4.0346327 -6.682227 1.2335484 16.857218 0.0085801175 0.8288210151090198 
Car -1 -1 0 503.78232417065567 187.582443892578 544.1278171162808 220.8394070592702 1.4983826 1.612037 3.9137769 -4.2420945 2.277878 36.219296 1.5571114 0.2648845583510176 

