Car -1 -1 0 139.33235837433554 152.32362136008223 356.80596461550095 227.55124937442503 1.5090003 1.6340393 4.0391 -7.7655864 1.0971788 15.634656 0.17775387 21.270004437602815 
Car -1 -1 0 678.4564404558531 153.75448972867966 838.277312525818 212.9712640490213 1.549798 1.6531532 4.007661 4.023802 1.0499331 19.867357 -0.079735324 73.07307710538748 
Car -1 -1 0 251.83879470775966 149.9245609129427 415.8359543639882 206.74453778442748 1.5526521 1.6640902 4.099738 -7.804154 0.9260864 20.721598 -0.08597492 33.23746338466516 
Car -1 -1 0 797.1608533002213 155.86077210913197 1175.9621763230978 293.1925700479409 1.5444388 1.6431166 3.956879 4.5709834 1.3533323 9.084209 -0.07619064 85.75673446020899 
Car -1 -1 0 14.167539536059774 152.70710024770221 306.1051051827185 247.53426510820805 1.5448563 1.6551561 4.0713997 -7.7389927 1.2166374 12.7470455 -0.08237311 34.473839940927206 
Car -1 -1 0 662.7380226637241 154.3024513546141 797.1391801973948 206.09689790844146 1.5362487 1.6197579 3.8572478 3.6385884 0.98600054 22.243235 -0.016751964 9.91996959357282 
Car -1 -1 0 456.67559271175855 148.436096283872 492.440998765741 167.75118041929616 1.4725953 1.6126475 3.9500358 -10.929203 -0.42682868 58.24027 1.0458288 2.584230978859407 
Car -1 -1 0 347.0878735108406 147.30612666148923 419.59360580478926 193.61024235555976 1.5928706 1.6327531 3.9834774 -8.316757 0.71401864 26.85232 1.5190732 0.985975345077655 
Car -1 -1 0 1060.5438572315472 146.4566493786315 1110.817351173715 178.42024174609682 1.5500933 1.6266143 3.9787774 24.430943 0.269938 37.137142 2.0157452 0.8725843610404652 
Car -1 -1 0 882.9155638080928 123.79139255429716 1001.7770005757297 179.93377040368574 1.5250168 1.6194615 3.804409 9.785091 0.1923104 21.546251 1.5114998 0.30900394916534424 
Car -1 -1 0 927.3970002729153 135.2717454938044 1065.7533669533732 180.6243180985705 1.5702056 1.6604846 4.1529574 13.967387 0.26902533 26.270773 0.23425432 0.28053271770477295 
Car -1 -1 0 281.93958402273176 145.94035789636075 426.92585207594516 198.3955341713146 1.6184024 1.6638082 4.1025004 -8.115391 0.7880342 23.225449 -0.065211765 0.2700241117708421 

