Car -1 -1 0 0.0 202.77977351298853 329.25931420470476 375.0 1.4891342 1.6186129 3.91306 -4.439228 1.8837574 7.5320616 1.5371276 115.40894554398139 
Car -1 -1 0 702.3970878722781 180.50072048812123 813.3708723363401 262.94491343232636 1.5087533 1.6140413 3.7531688 3.0278697 1.6922204 15.432396 1.5743113 70.02765150882583 
Car -1 -1 0 796.0495288393396 179.1315767730611 1163.6201936092766 375.0 1.5158982 1.610702 3.684165 3.0211415 1.5912219 6.806134 1.5826432 90.80148406077441 
Car -1 -1 0 266.55189281421383 187.8508655771418 429.7237097628926 296.69505881810306 1.5656497 1.6280568 3.8302052 -4.437924 1.8731707 12.854661 1.5377306 91.82728689357994 
Car -1 -1 0 381.9049652217065 184.53250391891729 491.3838695951407 255.61588790249547 1.5399404 1.6248405 3.9400494 -4.242192 1.8688984 18.308826 1.6309865 46.85324382656644 
Car -1 -1 0 677.1164005060637 179.91098099070794 758.2206639492518 237.79730627468382 1.5155 1.6128964 3.8473568 3.0918722 1.743444 21.338089 1.5116963 17.92909958477403 
Car -1 -1 0 652.8215433554284 176.66446933967075 706.7590752201 219.5992717388607 1.5482495 1.6268849 3.8726535 2.6858625 1.7082016 28.327513 1.5399084 3.67629232238174 
Car -1 -1 0 633.0596449092958 180.2880067075138 673.3484558037082 215.63027639422432 1.5256891 1.6124823 3.8193712 1.9960696 1.8944918 33.875698 1.5578518 0.558258056640625 
Car -1 -1 0 508.61785617059934 181.64431598548597 539.9850593603003 203.95745517712334 1.5401237 1.6180292 3.8409793 -6.260866 2.2138245 53.327934 1.6397163 1.090663808263177 
Car -1 -1 0 624.0557650947369 179.1037958640559 654.9056724340542 201.93561522434172 1.5153323 1.6149154 3.871363 2.0757513 1.9745301 51.001987 1.4612803 1.339066792100884 
Car -1 -1 0 465.8683647195067 141.37180465091208 502.9554554504083 165.74666243139887 1.4848524 1.6062876 4.006841 -8.13006 -0.48459095 47.1666 1.6041673 0.8919751566500218 
Car -1 -1 0 608.7920135591007 181.25694350584766 638.1936927286297 201.80032601306195 1.5360818 1.6256802 3.9909542 1.0785223 2.2334762 57.778336 1.3990531 0.43802666664123535 
Car -1 -1 0 614.5567605378177 176.45332438744606 665.1188323953999 218.0381392069557 1.5814937 1.6364731 3.8556662 1.1841207 1.7399004 29.769575 1.4932842 0.3586172469037294 
Car -1 -1 0 586.6232905361999 181.1817612852275 606.4200335308055 198.6113926969125 1.5904859 1.6193768 3.7672918 -1.2833719 2.4170353 69.66117 1.4739108 0.7652079957040163 

