Car -1 -1 0 668.7139200954634 185.14322314770584 750.0967944315095 242.48993667924634 1.4996582 1.6077563 3.658132 2.887894 1.8995299 21.579905 1.4746511 53.0445866104719 
Car -1 -1 0 639.6275442492068 184.21139137591868 692.261243544299 222.77748990986873 1.4890238 1.6088853 3.8460708 2.3574533 2.0087192 31.02407 1.4731343 27.21207554275289 
Car -1 -1 0 72.49750819827119 190.34315363197663 348.95345634006975 286.0966600739683 1.5175534 1.6215734 3.910294 -6.779909 1.8414612 12.548152 -0.0021993062 27.195705422135998 
Car -1 -1 0 251.39323789248107 187.19928584688853 444.19201016494037 256.0980137936965 1.5468864 1.653054 4.0464115 -6.1951036 1.9091401 17.38427 -0.0048516146 36.7268096595804 
Car -1 -1 0 0.0 192.3765016985934 298.34448080550385 314.4025530667266 1.5488069 1.6423149 3.993413 -6.773516 1.8486791 10.253313 -0.004307204 37.66206581014251 
Car -1 -1 0 407.2745472483322 186.23401468889432 472.766872258902 234.91432836070322 1.5042396 1.6253809 3.9518259 -5.8845835 2.0134773 25.435455 1.5036672 12.891916395252812 
Car -1 -1 0 437.52796199346886 187.5311355076596 531.3080612551829 220.16618722821434 1.5027664 1.6541418 4.2230587 -6.0143833 2.2323456 34.955574 0.04008936 7.66648077668507 
Car -1 -1 0 325.791004962569 187.5716996790965 465.6412583203323 240.85190229936325 1.4959574 1.6100119 3.8613448 -6.56507 1.9757075 22.24221 0.26201534 11.373005808000542 
Car -1 -1 0 345.9967073352192 186.79593176679958 477.1105298010744 234.98756849588042 1.5294251 1.628463 3.9525447 -6.6067305 2.0166311 24.31646 0.042751774 8.386374097007 
Car -1 -1 0 483.2961950724848 172.4648669687999 520.4775479304562 200.48033571231466 1.5142674 1.6115321 3.7387776 -6.05235 1.4932342 40.883377 1.552969 0.6781477363034102 
Car -1 -1 0 294.21557525105345 190.5648290864774 454.01347276243166 250.12169117260822 1.4988577 1.6146868 3.9125674 -6.3393345 2.00894 19.770254 -0.106359825 0.8047962900205924 
Car -1 -1 0 500.71968725647775 182.56222885929577 540.383044889677 210.1596304475426 1.602324 1.6368821 3.8976438 -5.5422215 2.2396045 45.34046 1.6755146 0.5279073792015112 

