Car -1 -1 0 0.0 195.13309238296887 344.21586569341764 375.0 1.5728252 1.6247267 3.8238764 -4.4113145 1.8793693 7.9946346 1.5437602 117.52144742833208 
Car -1 -1 0 289.336973399393 189.56030791954277 449.68113762036114 292.6623540071967 1.5389228 1.6242272 3.9461422 -4.2381496 1.8949605 13.3946905 1.5824721 100.68495052380841 
Car -1 -1 0 697.4197409159735 182.29033117685378 807.4547753379494 259.5151564821624 1.5034776 1.6107183 3.804048 3.116024 1.7439709 16.45464 1.5284688 52.21986817113825 
Car -1 -1 0 738.0914173932223 184.4636697551738 929.0386417272452 316.7129487430873 1.5124185 1.6152389 3.7760067 3.0018597 1.7114093 10.475479 1.5754594 93.44823799936478 
Car -1 -1 0 654.3244319913246 180.9134803095742 721.6078267967789 235.77576312969504 1.5850244 1.6268163 3.873127 2.4526486 1.8682141 23.388124 1.5343722 1.9074693248287125 
Car -1 -1 0 580.0577433215036 186.41576048204024 605.8739081312881 204.50245150978117 1.4910551 1.6160415 3.9376824 -1.5197673 2.7467828 64.716064 1.3622154 1.4570971148219847 
Car -1 -1 0 639.9749478502262 182.7765680524578 689.015775289747 222.83069739992962 1.5139506 1.6189194 3.9230514 2.2374215 1.9572893 30.248268 1.5340569 1.3481642586963987 
Car -1 -1 0 627.790572366027 138.20007132951892 681.1546854073393 184.8808451417805 1.5236425 1.6317527 3.9406278 1.5159614 0.39255148 25.523281 1.5680257 0.9286893252584805 
Car -1 -1 0 449.11711713383113 142.39284893765753 489.818370894496 169.12144756628322 1.4753915 1.608802 3.933603 -8.166962 -0.22926629 42.348885 1.5753102 0.944675122295732 
Car -1 -1 0 540.2670425451478 185.386413689818 561.0586724885486 203.9949237954947 1.5111752 1.6077232 3.7397804 -5.1178637 2.638825 63.032406 1.5441934 0.8392885925766652 
Car -1 -1 0 797.786322665043 136.86900669866887 900.2806501908535 190.1508759258856 1.5132177 1.6163367 3.8632495 7.3330655 0.49123526 22.490124 1.4778714 0.3043019771575928 
Car -1 -1 0 625.7077486010905 182.1360163628842 687.4220116751585 207.92005714311324 1.4985704 1.6209414 3.9360456 2.9169972 2.1092038 45.433857 0.88085276 0.38457781076431274 

