Car -1 -1 0 634.6042683092421 180.26930133209999 722.581830689153 235.42215414141478 1.5199358 1.6251019 3.97589 2.0506399 1.7735595 22.565659 1.3627222 29.856728395420163 
Car -1 -1 0 849.0466663523351 179.10734332585545 1090.0015046314838 264.19840653380686 1.5557976 1.652823 4.095404 7.0899496 1.6934764 14.631457 0.22064438 60.88167412391032 
Car -1 -1 0 567.5616934331418 180.34227202286286 612.9749701826123 212.33631715441962 1.5078561 1.6211735 3.9274666 -1.0461615 1.9143583 37.07682 1.3543401 19.19650541907448 
Car -1 -1 0 514.6129039467111 180.47294617885504 566.7475666346846 203.00502630636913 1.5149016 1.6303935 4.034378 -4.9276276 2.0876975 52.102905 2.1293085 5.481225212271589 
Car -1 -1 0 34.05585731917188 190.78329681243798 100.3550232355761 243.3279939560442 1.5147738 1.6240854 4.001095 -18.292053 2.1691742 24.272072 0.88623184 0.8163758516311646 
Car -1 -1 0 587.7575474465531 179.59170765170978 648.4838393154834 203.51306794073625 1.5509143 1.6304839 3.8794522 0.5962043 2.0147185 48.54173 0.16729937 1.0557386875152588 
Car -1 -1 0 1070.6298852682721 130.2088505568126 1242.0 204.40893424522594 1.6017606 1.6671016 4.0265446 13.128206 0.68117774 16.525768 0.058533713 0.6857705332339137 
Car -1 -1 0 694.5437811375322 173.34064395313277 722.6980076600886 193.71974783115488 1.5131376 1.6278732 3.8636847 7.5958805 1.5519419 55.60051 1.5677192 1.181201018960301 
Car -1 -1 0 427.7346953228668 185.80391625408149 483.6807174702975 227.08367464680006 1.5309575 1.6232544 3.889086 -6.494956 2.1105974 30.189047 1.1818403 0.30248546600341797 
Car -1 -1 0 791.9942666257657 173.29274019071013 818.0715466092272 195.2851348763189 1.5077453 1.6063571 3.8964663 14.022134 1.5404303 51.65197 1.8860736 0.28541144728660583 
Car -1 -1 0 467.5046247512827 176.75123159870503 510.49886416727844 198.9750527810375 1.5778143 1.6318274 3.9229276 -9.060619 1.8808202 54.026245 0.95540774 0.262542188167572 

