Car -1 -1 0 422.5391043232481 180.0600892861765 519.3727507485578 253.90054875734796 1.484325 1.6168356 3.895678 -3.1062698 1.6723694 16.858688 1.5424225 77.33232081175186 
Car -1 -1 0 645.5807694314874 174.64886321615614 728.7928267191608 234.1014809978388 1.5081431 1.6110647 3.6922746 2.086468 1.5634962 20.335587 1.4721153 81.97375822084696 
Car -1 -1 0 316.60157443221493 176.82491299804897 453.34155868379526 226.3896892249874 1.5292647 1.6449565 3.9910586 -7.199532 1.6638386 23.438797 -0.098159604 40.20173415842689 
Car -1 -1 0 610.3563385187596 171.6923888393194 634.8191410278055 193.37380803124427 1.5671943 1.6278813 3.9401524 0.9449109 1.4832295 54.15236 1.5355024 0.5182628035545349 
Car -1 -1 0 408.6104284077049 178.4945521087694 464.6525257921568 220.7467850003567 1.51767 1.60738 3.9321275 -6.7494583 1.7562789 28.49117 1.4787381 1.0749454807102716 
Car -1 -1 0 728.5549704411584 167.65299522556964 769.1278280711604 191.65776753481728 1.5182164 1.6185849 3.9429238 9.148296 1.1892711 47.667946 1.4854784 0.4863547682762146 
Car -1 -1 0 318.81789475231534 139.07327181472326 362.7154819392749 165.67114795610706 1.4831918 1.6060617 3.79006 -16.061588 -0.45046926 43.276405 1.4561106 0.3671203851699829 
Car -1 -1 0 597.630303381895 164.24077824008782 615.3531128447128 180.68661240651758 1.5414797 1.6232004 3.7659461 -0.27265844 0.73415595 69.52776 1.5891113 0.5934403220865005 
Car -1 -1 0 456.55682874698294 160.823246123104 483.3343344766804 183.88002196090025 1.5768144 1.6217184 3.7385182 -9.889982 0.75405097 51.299908 1.4468805 0.31530457735061646 
Car -1 -1 0 724.0792640315786 168.52316217035627 811.1614438580743 196.2210857283914 1.4748738 1.6554209 4.354217 8.615625 1.2442628 39.488686 -0.112970695 0.312733918428421 
Car -1 -1 0 181.74639325876726 173.6707917824865 256.7054228826417 200.97285648789048 1.5053813 1.623894 3.916608 -22.635443 1.5553051 42.00573 1.8138677 0.27129241824150085 

