Car -1 -1 0 545.0930025121228 155.68033162295043 706.067399740481 217.5380875235528 1.5351791 1.6485854 4.0208707 0.51260984 0.9190433 18.449942 -0.039209776 5.612021834852117 
Car -1 -1 0 616.4050116236136 152.2279024135592 828.9319997034529 235.1842627185984 1.6497085 1.7075245 4.237916 2.4411368 1.0873451 15.107891 0.09316239 1.444452166557312 
Car -1 -1 0 226.72206157316967 181.45226216556344 386.4117413458056 294.37517011861013 1.5073571 1.6165891 3.978419 -4.6343713 1.5256591 11.578697 1.3824965 6.048112559844982 
Car -1 -1 0 509.40036660226195 127.84623153121811 600.175750483791 192.68945067170867 1.5867553 1.655411 4.0483904 -1.2335708 0.29812202 19.42572 1.7181212 2.7939450668885857 
Car -1 -1 0 823.5454459599578 181.4367481805332 1031.8255065417877 289.7872825407635 1.4872673 1.6132764 4.0063977 5.081452 1.5053592 11.74617 1.5667453 5.084477391844515 
Car -1 -1 0 252.84428481566124 159.39447708565427 462.28016207308315 237.93077371170529 1.6675968 1.7055544 4.1737843 -5.5195637 1.2193134 16.09238 0.11129449 0.5793566107749939 
Car -1 -1 0 829.3404446770263 185.1350572744678 1242.0 367.91818078124527 1.6098479 1.6826257 4.1085987 4.6265936 1.6689115 7.659479 0.27249917 0.42562810544932805 
Car -1 -1 0 39.13587930353769 202.863908540107 133.21477614553203 251.14312131945164 1.5191572 1.6113703 3.92278 -18.861572 2.3887634 25.706028 0.6199026 1.5389553785731562 
Car -1 -1 0 798.1517119628792 192.21202364030793 926.2518731642075 274.1530922905938 1.5251882 1.628323 3.9354513 5.567362 1.8192791 15.7500305 1.6324004 0.5202241209052072 

