Car -1 -1 0 421.3198049754201 174.03725720479804 520.8479119219367 217.59857137356408 1.5134877 1.6237297 3.924872 -4.7790084 1.2537792 27.072708 2.0539124 21.83829963213161 
Car -1 -1 0 325.9010776873579 179.93317953127053 394.98843844217504 209.2594527156486 1.4697716 1.6117603 3.946317 -12.647328 1.3906341 38.11073 1.8143774 7.306371162781657 
Car -1 -1 0 570.085199797418 170.41477220478532 615.9585612993276 202.85165320967323 1.5460176 1.6292814 3.854471 -0.31605035 1.0170879 36.277863 1.7472931 13.346552934797238 
Car -1 -1 0 3.2407432344084977 172.9572076187335 94.21843000531385 210.3134559968459 1.5621686 1.6383972 4.087973 -24.376162 1.2044145 31.721653 0.48821157 1.6181069334679554 
Car -1 -1 0 765.5969441435576 155.18077446660783 808.8271530277715 187.71137502442852 1.4793136 1.5924709 3.7764814 8.951104 0.28190422 34.64614 1.7095021 0.5195950269699097 
Car -1 -1 0 194.12755394025893 179.19469982310065 268.6241397412339 210.6595400673428 1.494704 1.6129893 3.9711843 -18.470213 1.3846133 35.90909 0.59878445 0.5753989779529066 
Car -1 -1 0 617.2673686346601 170.2206218902273 643.8448082207948 195.0613446598209 1.5124979 1.6178205 3.9409573 1.894411 0.8249777 45.730946 1.5997567 0.31179630756378174 
Car -1 -1 0 902.5265648077266 128.75035161592848 998.237369536181 177.54736753719644 1.5220656 1.6228433 3.9015663 11.918039 -0.14757973 24.73481 1.6413698 0.49603664101267386 
Car -1 -1 0 755.01804525667 43.285235927962326 1045.9021637959208 328.0062323339092 1.5660479 1.6351658 4.05916 2.7231212 0.80575955 6.1220617 2.0786848 0.29568445682525635 
Car -1 -1 0 259.0444854260928 155.98095868110454 333.46757988714205 182.41160522474047 1.5262179 1.6132656 3.8462899 -18.30236 0.051935077 43.29445 -0.6584212 0.29405754804611206 
Car -1 -1 0 640.1582965177608 172.66602800741225 673.4072808595764 200.22436838459367 1.5214037 1.620527 3.9415557 3.318186 1.0330358 41.730152 1.7278978 0.29093217849731445 
Car -1 -1 0 864.8489483832486 131.41725153060096 969.4206951700276 186.56736281930003 1.5940043 1.62707 3.8918877 9.8746605 0.14610922 22.717072 1.582112 0.3706313371658325 
Car -1 -1 0 295.80134265029983 194.4516755008754 344.6104360756598 226.46533925865984 1.5394552 1.6269042 3.9347177 -14.863727 2.2664495 38.288086 1.4124229 0.2697121202945709 

