Car -1 -1 0 760.2754530589588 177.50550030451956 1026.6640445365795 342.40516402685876 1.5186408 1.6197858 3.8362975 3.0700655 1.5871708 8.692338 1.5455093 84.39650653187148 
Car -1 -1 0 49.45685270246382 196.5910373925415 315.3886919055778 330.22469257837537 1.5053039 1.6198336 3.9191904 -6.0332236 1.9253612 10.798117 1.5843855 105.51673874702317 
Car -1 -1 0 318.96696311631365 181.62848663715621 423.8292678546435 248.01331691116826 1.5213714 1.6238043 3.935838 -6.1479425 1.777578 19.066584 1.5269182 57.78727648652312 
Car -1 -1 0 543.4358728432941 178.86224236745022 571.598519377511 202.7616384754873 1.4630514 1.616894 3.9607017 -3.362998 1.8723941 47.16552 1.5548266 6.733049788050786 
Car -1 -1 0 400.3616790305223 182.06749137960705 476.8769696023174 230.35645133240558 1.5273316 1.6261137 4.0081654 -5.968272 1.8806299 25.632984 1.6107209 5.793886388600898 
Car -1 -1 0 508.6996004195712 179.93624269509272 539.4074083308479 202.84367826544803 1.5274473 1.6310656 3.9796522 -6.0444765 2.0512743 51.360073 1.5928943 9.499591654616468 
Car -1 -1 0 638.0779860058949 173.5022147145908 659.6361355442017 192.65565158187388 1.4819186 1.6229808 3.7806623 3.123098 1.5356219 57.866867 1.597688 3.2191721227876764 
Car -1 -1 0 920.2246849500257 152.57403502894448 1046.2940187095935 196.15430011815147 1.5133927 1.6313915 4.041755 13.797014 0.80913913 26.751923 0.50777626 1.0513352130374882 
Car -1 -1 0 464.357672492065 179.53882557720073 512.0828077174024 213.05677878932846 1.5798987 1.6220425 3.8807375 -6.1209736 1.9388744 36.772263 1.6151097 0.6445417843670436 
Car -1 -1 0 408.81020300689966 179.48868210025253 501.99573605892186 213.42506819048322 1.5026824 1.611183 3.9183917 -7.138688 1.8216866 33.545177 0.18223816 0.3236938714981079 
Car -1 -1 0 969.2884419763636 161.63158542037363 1097.9571921928984 243.10679819297792 1.5640497 1.6269745 3.9157262 9.193708 1.3486171 15.963417 1.8786956 0.2857842445373535 

