Car -1 -1 0 78.13809046423282 185.46895336749753 230.4317902095205 250.37182927641078 1.4806108 1.6146985 3.8059833 -11.356405 1.4877579 18.350447 1.527327 27.207920709712837 
Car -1 -1 0 179.46410799522366 187.0326780061773 325.20572861605 261.890241480952 1.5269471 1.6157646 3.8247962 -8.046677 1.5740647 16.69938 1.5325868 70.34559114518302 
Car -1 -1 0 291.02442450045737 185.11245931797168 383.9358642790511 238.4155447248241 1.5217919 1.6210997 3.857389 -8.310777 1.5188445 22.48903 1.5221299 31.225742259622216 
Car -1 -1 0 475.78805930447413 186.5309600986198 522.5919606314375 223.57076095978658 1.5240523 1.6171664 3.7798877 -4.6900053 1.5854352 31.631626 1.5356684 12.770579976257256 
Car -1 -1 0 572.995965463086 183.03719441724522 602.4771098699823 211.13329936197866 1.5374236 1.6137793 3.643898 -1.1264892 1.4182155 41.184135 1.5369473 6.4109053508046445 
Car -1 -1 0 380.03851181429104 182.06757135039197 475.6849718828648 250.67118206146907 1.5440149 1.6286938 3.9153657 -4.4015207 1.4731622 18.176384 1.5184932 1.8008982666213407 
Car -1 -1 0 612.4485133051577 184.75019806496778 647.6782914160224 213.89286961859978 1.5141672 1.612532 3.8527384 1.2046702 1.4899812 39.31462 1.5197709 0.6564151140242943 
Car -1 -1 0 380.07111027088655 141.30843010028664 476.94487173435004 197.28080558835856 1.5508561 1.6147112 3.9037545 -5.3306837 0.3342943 21.947111 1.6819515 0.9257186185581423 
Car -1 -1 0 628.0170207890525 186.2340803910437 791.0344923258466 318.3753901868024 1.5514551 1.6400739 3.9520977 1.2730731 1.569159 10.483929 1.5230976 0.33115220069885254 
Car -1 -1 0 449.0299181129243 184.23918154887158 524.5622089385548 244.26726686467498 1.5884886 1.6351922 3.9362302 -3.4143705 1.5626476 21.009502 1.5472354 0.3293725177986243 
Car -1 -1 0 640.8309486799966 181.67051390250958 684.277068538515 216.27227584855683 1.5069841 1.6095779 3.831199 2.5031605 1.3525834 33.2455 1.5423542 0.3210255205631256 
Car -1 -1 0 643.9182104741166 188.8310610739489 674.211580631873 211.68931137548438 1.6052649 1.6232582 3.964639 3.8805144 1.8838145 53.26877 1.8041493 0.3090510964393616 
Car -1 -1 0 325.61169812685034 181.26304167498557 395.98260090292035 206.90031558319532 1.5087116 1.6257302 4.0317054 -15.038358 1.2761042 43.863647 0.41731697 0.2687637209892273 

