Car -1 -1 0 670.389532448337 184.02754709439122 729.6363907732377 237.73548839508757 1.5284582 1.6050572 3.385212 2.9380255 1.494645 22.27287 1.7639102 44.317440625949864 
Car -1 -1 0 307.4484994748348 190.4561005580903 400.84694262244744 250.36000502954744 1.5393124 1.6166773 3.7156923 -7.1685724 1.7042707 20.717306 1.4991019 64.64195360756003 
Car -1 -1 0 116.85201478726687 193.281516478158 316.30502839871383 302.61645719079536 1.5534699 1.6248293 3.8310375 -6.506871 1.7156297 12.478627 1.491789 96.39102865152181 
Car -1 -1 0 76.46163620269317 200.29598486429447 245.28880728599538 275.0298023534792 1.5229299 1.6260815 3.9823575 -10.596812 1.930661 17.444315 1.5702162 8.891580856046257 
Car -1 -1 0 8.095161640222235 203.99748441673736 145.31885596795465 264.5845896049406 1.50485 1.615384 3.8778095 -15.415672 2.1107125 21.152943 1.4245644 7.797238305398225 
Car -1 -1 0 535.8655206988042 181.87127990556434 575.4993342403316 210.8165348274485 1.5296159 1.6025597 3.6574817 -2.9067123 1.3528796 39.95526 1.3295498 3.422630285826079 
Car -1 -1 0 287.9861706904531 194.41196082607058 348.43436869619654 233.74792423330103 1.543205 1.6155216 3.7833817 -12.429409 1.966913 31.127151 1.416475 3.907294212044743 
Car -1 -1 0 754.4007298512038 181.85680072041134 789.9430767515688 204.48933766259643 1.5139222 1.6352785 3.9322278 11.55948 1.2892408 50.21279 2.0065901 3.9429511959262813 
Car -1 -1 0 352.577123985731 190.6528017644603 396.8749926780405 219.03387306041094 1.5460637 1.6147984 3.9803617 -13.5187845 1.8792602 41.99971 1.4831495 1.4851135623929423 
Car -1 -1 0 412.2223882839793 185.57309389002498 464.0757170011687 222.11073203237 1.5648344 1.6195539 3.860043 -7.6400757 1.582114 32.790695 1.5249875 1.3443329461587243 
Car -1 -1 0 457.61300895919 187.03649464350318 495.14886583552214 217.70433062064745 1.557464 1.6372426 3.9840162 -7.0082784 1.6609704 38.80797 1.482094 0.5105682015419006 
Car -1 -1 0 232.28556926417133 191.5343562084838 329.79175550363385 241.83730034318017 1.5213802 1.6136221 3.888883 -10.847837 1.7514172 24.203144 1.5411292 1.2049219286748265 
Car -1 -1 0 273.32877066051617 188.00502596055242 328.0516652017462 216.86409161429194 1.4927219 1.6028546 3.6900449 -16.742077 1.6530597 39.43451 1.5144862 0.31081995368003845 

