Car -1 -1 0 564.4413483047026 206.54278862005128 598.5702028491913 240.6640108043416 1.5245908 1.6261902 3.974675 -1.4370308 3.3996058 38.16618 1.5770793 12.626567995011737 
Car -1 -1 0 464.7560208552482 212.41084645817543 558.1865193813504 249.75710729742286 1.5352352 1.6338977 3.936517 -4.405652 3.3825867 32.71677 0.084365115 4.191376604462745 
Car -1 -1 0 687.8030292537503 200.42199808106477 728.4988530172227 234.87096899148816 1.5304627 1.622113 3.8624299 5.0159397 3.022595 37.110027 1.5863315 1.554260193532049 
Car -1 -1 0 706.9251221627088 192.00216941038022 767.1855843258778 248.46672741156345 1.5520401 1.6230062 3.8708954 4.015785 2.2209983 23.200768 1.6707973 2.988928357744681 
Car -1 -1 0 817.9050432951138 178.98516696178973 1232.1346802114624 375.0 1.5324671 1.6168532 3.8750443 2.993977 1.60217 6.198779 1.6636114 1.3025932894794814 
Car -1 -1 0 694.4789143519739 203.89945537918555 737.1313980133134 235.45008158452248 1.5400026 1.6185931 3.8845806 6.0010095 3.3955147 41.13214 1.5033202 0.44555315375328064 
Car -1 -1 0 716.0954736397907 194.32182878871035 773.3287943899995 246.60958508131765 1.5513086 1.6267339 3.8776863 4.615667 2.356923 25.067108 1.6698086 1.6231985451321427 
Car -1 -1 0 590.8691407529005 186.33105367194207 617.2059790597839 208.08025721622136 1.5673764 1.6301057 3.8367312 -0.39890867 2.659312 56.465446 1.6785282 0.3769606649875641 
Car -1 -1 0 558.0889849120761 162.24687165550188 596.2213361751955 182.85213680371598 1.4954926 1.6117297 3.886603 -2.403777 0.72564626 54.465157 1.88525 0.35440313816070557 
Car -1 -1 0 696.2678770602392 181.8833856328328 718.5147062151127 202.49455516784917 1.6057551 1.6227157 3.6515303 8.071963 2.3770094 59.74714 1.6493092 0.2996070384979248 
Car -1 -1 0 700.9432277930907 202.29161077843483 767.0665641652308 246.52046908157334 1.518052 1.619466 3.8950727 5.00314 2.8042753 29.496603 1.4521523 0.26484238902781126 
Car -1 -1 0 1083.0656854789067 232.71902242028037 1242.0 317.11349802514115 1.5060902 1.6251483 3.9718077 13.076715 2.9437382 16.025599 0.2636326 0.2558024525642395 

