Car -1 -1 0 411.15724750283727 187.6069942567001 479.8580592847863 231.98319263455616 1.5099324 1.619564 3.8639872 -6.235874 2.1190207 27.823536 1.6147257 51.506136125322364 
Car -1 -1 0 651.2044256055055 174.0974393450187 701.2824077438183 211.56365851545794 1.5160958 1.6121823 3.7432358 2.8240945 1.5732359 31.240913 1.5113353 23.323442492417072 
Car -1 -1 0 83.24483783829447 199.68741064348424 168.41164507344666 235.79945107752536 1.5225823 1.6293234 3.8613179 -23.524837 2.906307 35.261215 1.5508896 14.987972052737355 
Car -1 -1 0 129.17034872606754 197.95352564763715 211.6227967786619 234.63131068665726 1.5159254 1.6249406 3.8633542 -20.841652 2.7810392 34.42495 1.556153 15.934467878319007 
Car -1 -1 0 450.51774522622696 185.75434732768352 499.9745974888576 222.17632228127525 1.5133271 1.6221611 3.919745 -6.140851 2.144931 33.352463 1.5527369 17.45633875971131 
Car -1 -1 0 188.5504764966472 194.63256233070408 258.58003658715825 230.79903019031607 1.4995999 1.6166489 3.9067585 -18.302753 2.599185 34.397648 1.45737 4.858550904670646 
Car -1 -1 0 482.6436314900092 180.715905974747 518.1946184112148 209.77194104180387 1.5461564 1.6229326 3.7920847 -6.210018 2.0179477 41.369427 1.5267742 3.027972238887202 
Car -1 -1 0 33.57100323446104 203.23681408514162 121.00384243768183 240.08943518016267 1.54529 1.6176835 3.7242978 -25.89695 3.1096272 35.260612 1.5353875 7.02349492566367 
Car -1 -1 0 696.5485242499029 175.7650498995439 740.9846807599496 203.24720602308045 1.5230091 1.627487 4.02094 6.3754387 1.702935 42.512325 1.4661444 0.7517329598833603 
Car -1 -1 0 1.690577101509992 156.7547778337673 97.79539272238645 185.8940661941518 1.5402563 1.6522045 4.1090837 -30.342464 0.6892769 39.16131 0.097396635 0.34967172145843506 
Car -1 -1 0 818.6538246634043 162.13094159457341 863.2130588052482 182.21203556767108 1.5129565 1.6338649 4.178396 18.074173 0.70505595 56.551075 1.4189339 0.5560472692259324 

