Car -1 -1 0 775.3095005727012 189.58987332128487 926.6053460320971 291.97372180267246 1.4863865 1.6103919 3.769695 4.1548505 1.8328578 13.01979 1.6137915 58.94079555827252 
Car -1 -1 0 728.5756914860839 184.05616825123883 830.8485985053481 252.12138601595754 1.5378907 1.6142218 3.6966286 4.309437 1.8593568 18.815378 1.5150207 49.2137371870668 
Car -1 -1 0 712.0931053913823 184.56408679377802 780.2774180165246 236.4998111419437 1.5181959 1.6139696 3.8212924 4.4325695 1.937213 23.89011 1.5933737 20.114228619571364 
Car -1 -1 0 487.70443834337203 187.05106460726483 531.5222940008337 229.96397762565428 1.5223796 1.6303136 4.007574 -4.035039 2.1359732 29.08548 1.428364 18.070889655875945 
Car -1 -1 0 693.9473822711981 184.09922558332235 749.543284015042 224.6911575795239 1.4936638 1.6068645 3.8168373 4.5204573 1.9840883 29.54236 1.549351 6.711980752830265 
Car -1 -1 0 572.1490880922098 185.5920811702402 598.3889264474857 206.85598535681518 1.527205 1.6264913 3.9239569 -1.8594247 2.555997 56.257244 1.6464183 6.935341422884739 
Car -1 -1 0 510.66010624049767 187.2660535944156 571.9624301602216 222.18132392999252 1.5129807 1.6137693 3.8952682 -3.2503848 2.255897 35.096134 1.8648238 0.815646767616272 
Car -1 -1 0 1089.0962684883675 191.8762106259505 1242.0 333.89057302536787 1.599765 1.6234037 3.925747 8.356523 1.9403082 10.805487 2.0706193 0.860272144458704 
Car -1 -1 0 1011.6241718236945 175.3157535604762 1082.7808228606089 209.72188080334138 1.4914227 1.6283623 4.072852 20.365005 1.6139627 33.751564 1.7903194 0.8059145550400971 
Car -1 -1 0 908.088094012847 178.8398407509795 962.2162512012109 204.92361826622314 1.5022242 1.6193889 4.041892 20.021025 1.888671 44.538017 1.6011698 0.41456735134124756 
Car -1 -1 0 671.0590281085219 186.0119330613968 721.9811945015249 221.90999233134164 1.5072479 1.6189797 3.9165225 4.0059934 2.1602488 33.791172 1.4899256 0.44619600208731813 
Car -1 -1 0 891.2868381449631 164.51967992003227 1019.7327083375475 221.87542445239743 1.5119429 1.5988147 3.6968498 9.895267 1.2922435 20.958607 1.4374449 0.45209083572425396 
Car -1 -1 0 986.1355142050413 127.50849912998981 1097.8574979219356 171.3468467616881 1.596199 1.629254 3.9638622 16.937492 -0.063877225 28.497887 1.418153 0.2546623647212982 

