Car -1 -1 0 650.410943754178 178.5586764306353 797.1124330042908 280.4453010509934 1.5179374 1.6097395 3.6620302 1.8658503 1.635008 12.8860655 1.4384049 70.29672902822668 
Car -1 -1 0 818.5998870276177 165.03381250988596 916.335866162943 208.624128170937 1.5185755 1.6150956 3.9143324 9.684908 1.24614 26.984695 -0.6698191 46.815820646614014 
Car -1 -1 0 727.7034332796776 167.35394534928722 846.799466660169 216.40622649878716 1.5309144 1.6201255 3.9033446 5.997455 1.3592584 24.238148 -0.556763 19.895817490905667 
Car -1 -1 0 891.5543767701048 165.38380618760596 980.3680304459524 204.57209198066616 1.5277348 1.6142553 3.8535032 13.551182 1.236513 29.895477 -0.61123145 19.678884116137333 
Car -1 -1 0 561.5684951801047 173.35983191444424 666.8238156796195 214.7510079825459 1.5263288 1.6251466 3.9194643 0.21447232 1.5475037 28.427784 -0.5999503 32.67574737642963 
Car -1 -1 0 697.262556329472 173.49894625899438 755.9486742605767 209.9915447231289 1.5186757 1.6185985 3.9789162 5.291861 1.5494206 32.249825 1.9922223 3.817186055706502 
Car -1 -1 0 917.7318984716721 161.00808015705218 1019.8494984035834 197.90526736000666 1.5584421 1.6181258 3.7986684 16.099821 1.0581008 32.48853 0.943533 3.1341396829801407 
Car -1 -1 0 181.1544252041896 176.48666569640872 307.2748248957196 218.53186322741695 1.5345572 1.6462013 4.036135 -13.87932 1.6781936 27.519451 0.09474699 1.2898058197064264 
Car -1 -1 0 127.639945353382 149.1920997404385 223.91877230847766 183.89740551980137 1.5889409 1.6494341 4.052318 -21.043015 0.5056089 35.19898 1.8111582 1.789662366744765 
Car -1 -1 0 677.5147969099227 144.35610784774724 756.3827400967824 175.52045371916068 1.5603878 1.6537347 3.9414477 5.5432477 0.1335082 37.266464 0.164995 0.6226866793541129 
Car -1 -1 0 19.35308677076523 167.91847675493028 123.0780409455445 212.88007469392932 1.5455151 1.6274028 3.8917656 -19.769453 1.3758607 26.472195 0.51763606 0.7523850636504853 
Car -1 -1 0 776.8773381328008 168.43384332798684 845.5706100391067 201.02665393375378 1.5349872 1.6109744 3.8619304 9.995579 1.3268158 36.049484 1.3278573 1.3289882351133842 
Car -1 -1 0 434.1170952625158 170.97536470886362 497.4564892029766 205.00683717539204 1.5219717 1.6171654 3.9072456 -6.896263 1.4379543 34.34675 0.9921707 0.6554096937179565 
Car -1 -1 0 982.6445375402989 184.6762115043248 1084.1316949712132 221.51962771752244 1.4751658 1.6098063 3.9229412 18.87856 2.0395231 32.34147 1.3102808 0.33999081841581164 
Car -1 -1 0 1182.4978835678417 140.48989447754775 1242.0 185.36676806800577 1.5226555 1.6204969 3.9537463 22.662354 0.4245534 26.611937 2.0350115 0.31204307079315186 
Car -1 -1 0 264.37401871460054 144.89047161574706 335.1110222679864 180.52133961471912 1.5480931 1.6032947 3.6110706 -14.1605625 0.33313107 33.18161 1.6053824 0.5476611788077012 
Car -1 -1 0 1093.953560748989 158.14747758143335 1157.640044851842 185.12661322668777 1.4864693 1.6068599 3.8616238 29.672039 0.6761839 41.451855 -0.5525663 0.2940809428691864 
Car -1 -1 0 872.7357465868247 139.2864501232827 936.1338193236184 164.95043577385147 1.564527 1.6061407 3.7117069 18.933037 -0.5233979 46.331264 -0.3919723 0.2561759948730469 

