Car -1 -1 0 573.024336389385 178.08764929882275 652.4077115010987 252.68958931839322 1.5117027 1.6086429 3.4948773 0.111063525 1.3672628 16.314444 1.5702915 46.96551136380736 
Car -1 -1 0 340.17773841919205 185.16046910876213 456.0911602355571 259.0612975735981 1.495258 1.6139178 3.7896621 -4.6313434 1.4941405 16.454475 1.5520269 73.80030685661666 
Car -1 -1 0 254.0095471231249 181.85033637921146 361.4757271579394 240.82391129327067 1.5203001 1.6180204 3.7460523 -8.370261 1.4335433 20.43509 1.5313795 49.51805372975353 
Car -1 -1 0 441.5669688647416 179.33645338472326 511.1440096589448 228.04377522758855 1.5240328 1.6240034 3.9272385 -4.3576994 1.3400736 24.46276 1.5787815 34.013581081894344 
Car -1 -1 0 89.91737494656078 183.4899870194827 219.70840344729427 242.51958546969576 1.5515239 1.6280121 3.9418 -12.992741 1.5061656 20.939566 1.4659334 17.053919398766308 
Car -1 -1 0 343.7179128793218 173.29490485566066 426.0517531333901 202.89916018031388 1.5707178 1.6625018 3.993287 -12.032415 0.9382343 39.08252 -0.0561833 0.9726093106343324 
Car -1 -1 0 401.7372880990229 174.34879201953265 460.59682363787164 208.38155113260598 1.5130165 1.6175146 3.9954388 -8.2448015 1.0298994 33.99655 1.6240025 1.229978708424867 
Car -1 -1 0 632.1804160154819 180.41080058721386 659.1222802041974 200.8602498713235 1.5265052 1.6088898 3.7547965 3.0092905 1.1678305 55.653725 1.7544706 1.4545016152275998 
Car -1 -1 0 463.27199016749046 149.41838774215285 555.4703474177182 187.83281857458746 1.669266 1.6765509 3.9257052 -4.314937 0.11372471 32.12929 -0.027547805 0.33604633808135986 
Car -1 -1 0 191.6477348828542 182.5586565244144 262.17936674214684 220.3883473515202 1.5277054 1.6245744 3.9528563 -16.362823 1.4204041 31.12558 1.3779554 0.477248862847564 

