Car -1 -1 0 629.5979636511443 179.12391951070256 739.2910308046306 256.16614952630283 1.5081289 1.6089501 3.7597923 1.5718212 1.6680067 16.422329 1.4260051 71.14191261720994 
Car -1 -1 0 703.8368219845281 171.46713633111017 802.7637443914834 213.41191757610068 1.5086205 1.6098297 3.850759 5.5699215 1.4587393 27.770283 -0.66244274 21.479590057126998 
Car -1 -1 0 779.4498856602557 167.68751803228622 864.3822412339764 205.65277252044257 1.5199163 1.6121109 3.8589282 9.086058 1.3130791 30.746643 -0.70084876 31.153511445040355 
Car -1 -1 0 844.1178200843602 166.76910574421942 924.1526034254067 201.19912822417268 1.518607 1.614675 3.8450518 12.809448 1.2502201 33.595043 -0.616366 23.47629759278998 
Car -1 -1 0 74.00774519677984 174.34498515671802 158.8656746312266 215.41137042929037 1.5738473 1.6312044 3.863166 -20.232002 1.638623 29.564604 0.61681724 1.6510248094492326 
Car -1 -1 0 554.0401359521227 175.43394397052504 648.3720052652683 212.5675939924305 1.5367874 1.6260434 3.9056752 -0.34294605 1.6569701 31.858252 -0.58275735 20.14057860102529 
Car -1 -1 0 879.8361658111879 164.85483801424212 969.1454662171082 197.35326871714918 1.5504037 1.6224508 3.8384414 15.779547 1.1687872 36.22397 0.6444859 3.0116751194000244 
Car -1 -1 0 654.5088451485799 148.62797929146078 730.9671487278333 176.01988779042696 1.5024383 1.625544 4.021913 4.644307 0.17364782 40.57298 -0.09343252 0.545806348323822 
Car -1 -1 0 1007.2998504148501 159.43908103148877 1131.543737198165 201.4414767448225 1.5714045 1.6389556 4.0117807 18.104937 1.0695219 28.627842 0.46607602 1.375574926925301 
Car -1 -1 0 276.49037095900127 182.57596207997292 316.53747982618864 215.3052901645461 1.5040544 1.6059887 3.89618 -15.8757925 2.024208 36.504776 1.0956436 0.8546740412712097 
Car -1 -1 0 377.30959299835126 147.86302229318852 433.92031187755964 187.63125253863674 1.5977852 1.6311529 3.9820702 -8.694233 0.59371185 31.044685 1.482567 0.4276428818702698 
Car -1 -1 0 1051.9081387502722 152.35741983834188 1101.3650893794547 184.91505827642214 1.5974576 1.6226264 3.837636 24.193993 0.591782 37.484955 2.0012002 0.3710816204547882 
Car -1 -1 0 450.72555345600847 171.93554502064097 486.372160312141 202.40995019328813 1.5165786 1.6107119 3.890416 -7.466473 1.4708709 37.992744 1.3175254 0.3528335690498352 

