Car -1 -1 0 330.70738723111765 184.69241465336466 502.15740247282173 309.6877092217626 1.50555 1.6238779 3.959494 -2.7237372 1.719707 11.060406 1.555135 111.66835077613277 
Car -1 -1 0 657.0045469326702 178.31443004735672 709.9358309389647 224.29124417618252 1.5531182 1.6179173 3.4849381 2.6543262 1.7671938 26.5386 1.5792269 31.55446642990799 
Car -1 -1 0 743.5817542298134 192.372309312535 1112.3555451524485 375.0 1.4821725 1.6205583 4.001737 2.5261083 1.7227781 6.86444 1.532966 73.98048389807745 
Car -1 -1 0 711.3611759815067 180.95770604782166 875.0354976997852 293.45363413755285 1.5493133 1.6186638 3.9169729 2.891696 1.7089131 12.217369 1.5255597 47.31439561357231 
Car -1 -1 0 506.3119504023926 182.40966899310357 560.3148632504872 229.48633153119712 1.5462453 1.6196077 3.6947083 -2.710675 1.9192612 26.309412 1.5592194 29.011529604870915 
Car -1 -1 0 639.7551911376644 177.28349796691677 680.9158879237926 210.4052323800497 1.5480548 1.6190068 3.8759785 2.4951258 1.7825584 36.225323 1.5237765 3.9752621329091777 
Car -1 -1 0 645.285977352248 181.09819734979732 693.1729732748485 219.71302859389948 1.5118935 1.6110268 3.8300233 2.5029771 1.88855 31.022621 1.5349791 1.9870113284117306 
Car -1 -1 0 548.0507246902154 181.59593551569998 586.1797568781994 205.10352485168852 1.5238607 1.6198375 3.973166 -2.9220781 2.1609125 50.464043 1.7942266 0.9859506038629657 
Car -1 -1 0 682.7260679417244 158.98049834548678 730.5041210157824 186.49066786930183 1.5368836 1.6249082 4.00872 5.6465154 0.7618261 42.42709 1.3902938 0.29949989914894104 

