Car -1 -1 0 217.91491528949803 193.06041973911536 374.7344489360039 282.526051988632 1.5013652 1.6203339 3.9316351 -6.2906227 1.9765908 14.986803 1.5493793 78.57586334699678 
Car -1 -1 0 902.7954234042496 164.43200068049657 1156.9456637456594 244.51297349667797 1.5092776 1.651167 4.1190634 8.269001 1.350549 14.453657 0.014281947 62.928213514416555 
Car -1 -1 0 794.0004426746108 166.577334951981 936.3154658728957 214.84811797764738 1.5301611 1.6539005 4.098892 8.34735 1.3311937 23.773329 -0.0363684 43.48535496629946 
Car -1 -1 0 674.1136776362663 178.9472064159134 742.3015533731226 236.4174030781845 1.5268853 1.6133095 3.5829682 2.8354404 1.7226002 21.36499 1.5956192 55.68130509233735 
Car -1 -1 0 855.0303962356068 158.62045271521646 1052.5774268476166 225.45559931515658 1.5438691 1.6416999 4.0160074 8.253062 1.215079 17.552416 0.032234903 32.50562207398465 
Car -1 -1 0 1075.8923212280129 151.30072429927824 1197.7671075792662 189.17516463774086 1.5317283 1.6334732 3.939207 21.914715 0.66006476 30.074316 -0.03940473 5.747419434489513 
Car -1 -1 0 462.1943753458297 183.46448202278683 511.14949863834863 215.6748188766289 1.5077337 1.6182225 3.926943 -6.2558546 2.0830512 37.111355 1.6353873 5.565903985700367 
Car -1 -1 0 369.0258388681339 188.25119122096797 451.0067329108419 244.0226256025973 1.5206919 1.622592 3.952487 -6.1872025 2.0496583 22.784275 1.5350597 20.843343914652625 
Car -1 -1 0 1149.2117694074852 145.66811666344364 1242.0 188.29050009404267 1.5273213 1.6262461 4.000636 22.587168 0.5531481 26.756058 -0.0441571 4.76936080399925 
Car -1 -1 0 1027.0402678625526 148.28425476155212 1137.566647763747 182.32219053083764 1.5211508 1.6315947 3.9576478 21.69228 0.423132 33.222626 0.08308301 3.540998938307507 
Car -1 -1 0 624.764445072519 180.9925530877626 686.5976582960303 240.46177170917406 1.5530038 1.6189817 3.8767638 1.2795255 1.8154637 21.322111 1.581254 0.44131672548786743 
Car -1 -1 0 500.8899472748201 182.23525708657837 543.7954286866304 210.4642454402888 1.5127115 1.6181945 3.8775146 -5.0255556 2.0853882 42.026737 1.6868147 0.31867316365242004 

