Car -1 -1 0 335.14774492584115 185.48678864198232 416.1175587439615 232.21852895436575 1.5387812 1.6263924 3.8878076 -8.580476 2.0424802 26.797228 1.6071707 33.05872810197165 
Car -1 -1 0 131.52174970155767 189.71973132926925 304.53660573288096 274.1757229962575 1.5146892 1.6247416 3.9809284 -8.296942 1.9289943 15.730684 1.5666375 61.38038951289997 
Car -1 -1 0 568.409665236669 180.59958903962854 606.8017573212426 218.17646221917096 1.555393 1.6361933 4.1496415 -1.0126481 1.9304814 32.83735 1.5334682 10.916620788785803 
Car -1 -1 0 419.9705028493257 183.4363713424858 466.27294603869063 214.99108444987806 1.5587606 1.6319919 3.9998016 -8.932388 2.1602976 39.00332 1.5565951 4.46527828346673 
Car -1 -1 0 444.7850541296834 186.80996259894252 490.556282786704 220.89665440437594 1.5037677 1.6178181 3.8900375 -6.902997 2.227076 35.421783 1.5332444 0.5085091590881348 
Car -1 -1 0 686.1093593791555 169.30977446109353 736.590776925802 197.02391935027575 1.545968 1.6220266 3.8158495 5.908959 1.3482616 42.296204 1.3280573 0.39731892943382263 
Car -1 -1 0 54.133273181714166 169.3760859880387 135.22717201715687 200.34116596700548 1.5557573 1.6215729 3.8931434 -27.16707 1.3810186 38.226734 1.5340977 0.36428821086883545 
Car -1 -1 0 390.8449717295143 178.1600389000846 461.15044762417733 229.60811178543076 1.5240651 1.6188622 3.8835397 -5.954242 1.7137098 23.787895 1.4899199 0.5166622720550721 
Car -1 -1 0 695.5961675417083 134.65205540643456 731.4511722153666 168.27908503642163 1.5035043 1.6192719 3.8234808 5.0131025 -0.23347151 34.81462 1.7137053 0.28215980529785156 
Car -1 -1 0 281.97465287717563 180.63638998959752 402.8228854266142 247.48381737309376 1.5105593 1.6040704 3.814532 -6.7630873 1.7330166 18.690071 1.6067715 0.3104460110054319 

