Car -1 -1 0 0.0 195.79800276374993 197.93383944598204 296.07404268572986 1.5010647 1.6209413 3.9420419 -9.708884 2.000393 13.708217 1.5406611 88.26864065879464 
Car -1 -1 0 296.05981468360096 187.7426142832678 363.4781537479791 225.0441735832527 1.5219973 1.6258479 3.8894777 -12.6899605 2.2425418 32.96141 1.5542798 26.145725057922004 
Car -1 -1 0 450.228668551352 178.570514782113 536.6308232147007 247.2614537594206 1.5705718 1.628441 3.8672538 -2.9026084 1.7344844 18.754272 1.5693843 75.7251122265611 
Car -1 -1 0 737.5399996875335 169.7464048256198 787.8840915779817 206.87491422688095 1.5725789 1.6260676 3.9641721 6.845463 1.4409565 32.582912 1.6235015 3.2927390567589274 
Car -1 -1 0 8.993403616400121 184.4632489927138 177.6459957316086 240.61379444370058 1.5538949 1.6287928 3.8202207 -15.452297 1.9257884 21.810307 -0.27570325 0.7203777432441711 
Car -1 -1 0 584.9130784177036 176.43319180209392 616.8826257690763 200.88431968650536 1.4935116 1.6079434 3.824261 -0.5198152 1.7347628 46.644783 1.6822295 2.225871060088956 
Car -1 -1 0 529.8292452495949 181.64196024092607 598.9315819810685 249.83496167912693 1.5465696 1.6228825 3.901944 -1.2538936 1.8014876 18.907673 1.4704566 0.36311604889125215 
Car -1 -1 0 375.844977711434 186.32389558250784 456.539450701378 240.57696248442733 1.510809 1.6105239 3.7643068 -6.0388727 1.9742353 22.929115 1.5543942 0.3502212166786194 
Car -1 -1 0 719.5454928471065 175.46762770163954 764.6572848211906 201.8326914556686 1.4973731 1.6169455 3.8804445 7.9142895 1.6618797 43.396988 1.4595269 0.32284650206565857 
Car -1 -1 0 968.3159267714485 123.00036616520187 1195.3553981040507 204.3198513756161 1.5866524 1.6312847 3.9297094 10.392651 0.61394095 16.131367 0.91239387 0.3925390584723756 
Car -1 -1 0 956.665077427775 171.22550395057033 1042.358006862665 240.95618446416617 1.5145524 1.618845 3.707483 9.442634 1.4791813 17.69413 2.003368 0.27190181612968445 
Car -1 -1 0 421.96435620196826 181.24333868740436 519.0925988127104 216.54679966703367 1.5441298 1.6294483 4.084049 -6.3786116 1.9442729 33.261208 0.17280729 0.26094895601272583 
Car -1 -1 0 877.02872590589 143.38294294062248 932.0169206356884 187.1508616784358 1.5776198 1.6086656 3.6801949 11.370517 0.5153319 28.000185 1.8568128 0.25202134251594543 

