Car -1 -1 0 679.5721097129998 180.1904841166602 766.0853906305837 246.6449874780675 1.4863553 1.6117404 3.7980833 2.78383 1.693355 18.458057 1.5693378 61.98438946589227 
Car -1 -1 0 184.59570250919722 178.59626765415484 407.66935881127614 255.6991320886118 1.5037184 1.6248374 4.038129 -6.520969 1.6329299 15.228949 0.09847214 20.86688520050491 
Car -1 -1 0 9.30206656143445 180.53127346615486 352.7288505808615 292.64592639034305 1.5013225 1.6412048 4.12675 -6.1526823 1.6241578 10.663614 0.029394973 87.17381939902863 
Car -1 -1 0 365.0079087210353 172.7018455634932 504.6672680080702 226.0058180034594 1.5854256 1.6357095 3.9047127 -5.37352 1.5809 22.44752 0.088251956 12.729143645483827 
Car -1 -1 0 737.2095450394512 178.5030409831741 870.3058890856221 228.74943816949752 1.5637337 1.6520879 3.9955192 6.2822523 1.7570394 23.685787 0.091266744 23.08835739082522 
Car -1 -1 0 308.56010205400526 176.925240498231 477.01463040687497 234.88646390966596 1.5216801 1.6597154 4.2110476 -5.9069786 1.6401107 20.033188 -0.06069724 19.67836388483573 
Car -1 -1 0 64.9276951063807 172.26455419348184 337.55626618975 262.3834826375802 1.5162519 1.6303276 3.9808502 -7.2060685 1.5063344 13.031512 -0.03873518 6.631707819071739 
Car -1 -1 0 625.7500591813761 175.4383413801503 652.1165095312898 193.71398810544378 1.5040383 1.6173005 3.7259612 2.487979 1.7327276 61.89176 1.4310248 4.483755647007916 
Car -1 -1 0 413.24005135419753 174.18797029344753 515.2750474832476 211.39187764583832 1.51319 1.6197109 3.9123292 -6.091295 1.5713925 30.451216 0.11572686 2.7099163430928557 
Car -1 -1 0 211.2002081150443 161.3856409396281 400.4455875040015 227.4435814301628 1.5396726 1.6329892 3.9518814 -7.3309603 1.272369 17.685322 -0.02610103 7.348872313468725 
Car -1 -1 0 664.2995087154565 176.50272855135682 729.3865084795473 200.66769282582663 1.5543435 1.651012 4.064887 5.7159204 1.799155 47.5425 -0.021566823 4.276823953126611 
Car -1 -1 0 436.9700207244321 174.91818228033767 528.7815678838738 209.8169290339411 1.520112 1.613802 3.7961583 -5.75563 1.6178639 32.8755 0.2761572 2.305325390936489 
Car -1 -1 0 729.0830924952656 178.26168517784913 834.3318555274833 220.3860281835797 1.5079418 1.6154306 3.8443813 6.6912274 1.7354686 28.351492 0.89863807 1.6192189455032349 
Car -1 -1 0 767.9372926856971 184.91426838135456 984.0760087017036 318.5229151730804 1.5340574 1.6222312 3.9630218 3.6411433 1.7456537 10.653009 1.5389781 2.395790873285558 
Car -1 -1 0 476.0114600971478 165.90417079151447 544.462230348355 192.68374834130864 1.5264344 1.6175804 3.897593 -5.8254623 1.1302943 42.24986 -0.16743235 1.4513084098844486 
Car -1 -1 0 959.7093325756123 185.06355416667645 1208.4789779800158 320.8480568602786 1.5050488 1.6206465 3.9957228 6.5363474 1.7183971 10.493017 1.7610629 0.7582817422682459 
Car -1 -1 0 686.9078295441719 164.53640862650633 734.2262433387766 194.18577743453545 1.5122507 1.6134475 3.8565097 5.372817 1.088016 38.80789 1.4589714 0.7423334496475834 
Car -1 -1 0 626.8618748723583 178.42269230689104 694.7526144173883 243.7543108687082 1.522582 1.6049535 3.729381 1.2622721 1.6838882 19.018549 1.5928957 0.42788632619220407 
Car -1 -1 0 456.3152806155195 175.532990617 540.4926940983077 205.59717001828335 1.4996917 1.6241357 4.0094495 -5.690464 1.6414206 37.17149 0.09609997 0.7027098524123074 
Car -1 -1 0 712.0397257122312 142.55131116523077 769.3009645181083 173.5437120561249 1.6126149 1.6197553 3.8399446 7.131378 0.0358873 39.6063 1.3136094 0.27192336320877075 

