Car -1 -1 0 891.1566466575663 188.27320647231937 1242.0 351.0019239703512 1.5095068 1.6356208 4.070126 5.375538 1.6938211 7.742641 -0.031898197 60.83155111405871 
Car -1 -1 0 632.2047860554366 177.32607170163297 703.5208009571332 228.9413014331496 1.4900103 1.6179402 3.9065337 1.7827144 1.6463577 23.202618 1.4729202 57.866117523351186 
Car -1 -1 0 608.8371675196171 174.85261168993804 652.2715946507093 205.0411354303979 1.5102236 1.6205016 4.0155487 1.0636796 1.6226525 38.48202 1.419257 7.622525552162625 
Car -1 -1 0 342.98912373452373 183.06989969781466 413.55828159864365 246.5086766742513 1.5110246 1.621263 3.9227352 -6.483042 1.8241143 19.991312 1.1984129 4.932268122666382 
Car -1 -1 0 227.1302625521655 182.72276214248967 419.7409000296568 249.32065154311664 1.5178406 1.6361907 4.0332956 -6.8417015 1.7692194 17.536728 -0.012086853 27.11566517421605 
Car -1 -1 0 837.2738321591714 172.1344204953716 1187.363594390394 295.5951093169717 1.5560665 1.6321846 3.9876971 5.4192324 1.5469971 10.016099 -0.05374647 15.41493926977705 
Car -1 -1 0 328.87453805165575 180.35273000281657 455.307698082292 225.85057445930897 1.5061612 1.6188452 3.910602 -7.550578 1.7788191 25.22689 0.10431712 4.652245941323981 
Car -1 -1 0 515.941837817853 180.80797653355316 545.7870321825952 198.58646672942214 1.5002003 1.6218445 3.89747 -7.03007 2.2371943 64.79333 1.7508326 0.6271846890449524 
Car -1 -1 0 99.79502222509275 157.68071852144692 174.82905255737822 190.92308965349096 1.4931369 1.6237862 3.9335198 -22.407341 0.8116033 34.19938 0.6083822 0.5902397632598877 
Car -1 -1 0 409.70224414340487 178.312879299319 500.2739656961791 211.27753073420968 1.5272808 1.6282402 3.9858866 -7.343441 1.7946293 34.51892 -0.0021499137 1.519270338772227 
Car -1 -1 0 413.73479683813673 174.01652581081902 515.106214592341 211.52672660109306 1.5639296 1.6499536 4.005395 -6.183801 1.6153054 31.012434 0.025016924 0.27409395575523376 
Car -1 -1 0 748.8918983348015 119.80586815160083 829.7945767609025 160.81544818168325 1.5254112 1.627267 3.9586334 7.4273434 -0.5391405 30.197416 1.3298844 0.2720786929130554 

