Car -1 -1 0 770.7996415031051 189.87636419872433 1096.549686030704 375.0 1.4967276 1.6134946 3.896832 3.0489416 1.7262671 7.748147 1.5275229 84.38704915979258 
Car -1 -1 0 643.9012109183839 179.59176209657826 679.9265407755713 211.44120923191477 1.44873 1.6094494 3.8360906 2.63303 1.8004282 35.664448 1.6870642 10.315401536646766 
Car -1 -1 0 295.7769518255066 179.19626537121013 459.8002879180707 237.35380936298014 1.5154536 1.6348438 3.9766932 -6.2672005 1.6967157 19.801086 -0.001546571 20.476573614846885 
Car -1 -1 0 219.94466137108373 178.08287840751478 413.19190060438433 246.57273101556314 1.5369776 1.6371243 3.9744713 -6.9287043 1.6691532 17.288116 0.067598455 60.99951636574271 
Car -1 -1 0 337.6548300821334 178.7425548989039 478.50776327565205 230.89506381626845 1.5171869 1.6227845 3.8739746 -6.1856914 1.7083559 22.330908 0.1509658 7.200130416467928 
Car -1 -1 0 459.4405498773568 178.51690029568724 542.5481584381425 209.32657478293967 1.5365828 1.6346813 3.9717858 -5.594363 1.8382999 37.405197 0.11406961 5.146657948144185 
Car -1 -1 0 433.04398385120123 182.7671877226953 491.94188786394693 225.81908059936126 1.5045393 1.6268132 3.971945 -5.841919 1.9235109 28.34946 1.2018819 2.237825632095337 
Car -1 -1 0 674.0458574028903 167.29216125648966 761.1471246755813 242.410154757462 1.7207735 1.6521735 3.930822 2.6506886 1.593365 18.4959 1.5729637 3.595206182278645 
Car -1 -1 0 1054.9435854436713 148.91577763829468 1242.0 239.78354813762834 1.6590652 1.6390638 3.9908435 11.243712 1.2220007 15.264736 1.7119809 1.6165339894840454 
Car -1 -1 0 462.21350288114616 157.31053593413452 537.4486823705186 186.38917118536688 1.5644972 1.639512 3.8653474 -5.9946837 0.728223 39.68472 0.023182454 1.4419170075304268 
Car -1 -1 0 0.0 141.26368194490334 152.09992260963364 208.89730914777218 1.6318527 1.6293448 3.7238114 -14.477169 0.8696468 19.380093 1.736848 0.2517438530921936 

