Car -1 -1 0 218.41624051259993 182.1969812233842 422.8453068570803 253.71006544173966 1.493671 1.6221418 3.950089 -6.394864 1.7155089 16.220402 0.051498212 29.647451163166682 
Car -1 -1 0 650.457537947288 173.88628633459297 736.4339238896666 235.85879002508028 1.4833369 1.6186454 3.9502106 2.136231 1.5139253 19.35905 1.5088607 73.20786448542852 
Car -1 -1 0 121.20642923861882 180.49937127536023 374.9224452760314 265.0971999475053 1.4959514 1.6287218 4.008722 -6.7311425 1.6499753 13.72122 -0.00027326314 42.74452186815938 
Car -1 -1 0 287.5218534752189 177.2700608324588 438.9646721013614 230.6329242268306 1.5167122 1.6265264 3.9492235 -7.2443867 1.653144 21.467922 0.0052483985 14.849469463795812 
Car -1 -1 0 624.5925413697657 170.82535688905725 667.5150828314086 205.56876281613646 1.5721555 1.6242687 3.8519032 1.6956656 1.4803582 34.624485 1.5059022 7.093515231421811 
Car -1 -1 0 469.522551214853 170.62740134781268 501.45989360747194 199.95625106500535 1.4914471 1.607361 3.7882714 -6.684122 1.3782187 38.70266 1.3835872 2.798654222160427 
Car -1 -1 0 69.88526069123925 147.80251341970492 167.14675262391896 187.70212591510142 1.5414753 1.6263106 3.9344497 -20.217123 0.57364 29.908276 1.4805534 1.3258310163670906 
Car -1 -1 0 397.85990238864025 174.17189470181071 500.94194911925166 212.0053446769603 1.5470121 1.6266197 4.013047 -6.8405704 1.6058438 30.902418 0.26334876 2.83817698672074 
Car -1 -1 0 811.1705218440163 151.13657273411582 899.3157110579884 209.7949300363139 1.4929953 1.6058577 3.7871614 6.8054705 0.9402348 20.341215 1.6912763 0.48496055603027344 
Car -1 -1 0 711.1863973478042 156.4091957086205 784.8482504710926 183.66546373011298 1.5287347 1.6438236 4.046434 7.9125805 0.60638726 41.511642 0.11176007 0.3653930127620697 
Car -1 -1 0 476.3708677384655 170.96814393044738 519.4933066608675 197.37434250751653 1.541039 1.6159626 3.8563187 -6.7715635 1.4309821 44.120686 1.6933578 0.6570528502164267 
Car -1 -1 0 0.0 156.57542572483987 96.88092759310315 195.79929155556894 1.5405368 1.6246773 3.866067 -23.99458 0.90118754 30.389902 1.7596122 0.3246892988681793 

