Car -1 -1 0 398.0697062203677 184.89050969529578 477.2281673889704 235.8424437153357 1.4970453 1.6195712 3.9248617 -5.640177 1.9324801 24.119598 1.5968775 48.94177275226021 
Car -1 -1 0 438.6340293743817 182.5676431714967 500.5267000129804 224.53564841543778 1.5174068 1.6197224 3.892178 -5.5379725 1.9339465 28.970573 1.601938 18.110777669930837 
Car -1 -1 0 329.8546473214039 187.99331213565236 444.33185271909923 257.10451786757477 1.5105532 1.6255283 4.0280814 -5.607468 1.9456244 18.699072 1.5992761 43.27783540316252 
Car -1 -1 0 499.9812199539055 180.44918755361846 540.1280185813854 208.3209816229794 1.5099717 1.6209092 3.946719 -5.1831226 1.9756072 42.213345 1.6356432 5.229075693501052 
Car -1 -1 0 1016.9417409500708 144.77522012886462 1108.990343186638 174.31597748865346 1.5128815 1.622537 3.8642893 23.752537 0.07487258 37.87033 -0.05590319 6.606354678195509 
Car -1 -1 0 1037.805769489974 142.19354979678621 1140.8396076195095 174.05465795869208 1.5200142 1.6237338 3.9273534 23.416504 0.057280216 35.312695 0.040094454 2.3288130846215425 
Car -1 -1 0 927.1783825806145 148.52328439292364 1011.359929109619 177.35784416080946 1.5902073 1.6224933 3.9613063 20.319159 0.24838388 40.885925 0.1475328 1.945369999725083 
Car -1 -1 0 469.9523292873167 181.8162006085207 517.5947896783473 216.34749827211076 1.5205848 1.6276282 4.032243 -5.525075 1.9784927 34.844017 1.577714 5.680825583353161 
Car -1 -1 0 725.2828058659354 166.18012657256358 771.5255767455405 195.74998557074196 1.5229307 1.6171099 3.8783574 7.4691067 1.1792073 39.13197 1.5297126 3.1309540920043584 
Car -1 -1 0 1113.392356472562 139.3171028803372 1242.0 178.96129047215175 1.5455093 1.6360338 3.9280374 23.11674 0.23808959 29.390413 0.24011299 2.0938194901345075 
Car -1 -1 0 771.2009736684653 164.4206032917064 880.3242185887802 201.12865995957338 1.5124336 1.6480645 4.146045 9.180492 1.1649634 30.784784 -0.114875525 0.8022826863527046 
Car -1 -1 0 735.2115078899757 149.4186047764154 808.9892508018631 175.06866438094377 1.5123861 1.6451557 4.0437593 9.75288 0.13058144 43.45925 -0.046534166 1.974696766242646 
Car -1 -1 0 725.8390203683185 137.64185818466976 793.398205457756 163.85878594861083 1.5238128 1.6262033 3.9681346 9.386957 -0.5905349 45.34715 0.8421968 0.4215407967567444 
Car -1 -1 0 759.4182122969349 152.02869571959985 853.7889406253316 186.1900864296831 1.5049044 1.6197145 3.9106321 9.028912 0.5874916 33.11567 -0.2868105 0.4474284142288512 
Car -1 -1 0 752.0781569276812 165.75830632956328 844.2945942639774 197.59856154271648 1.5240757 1.6511924 4.1455507 9.216094 1.1844308 35.48516 0.059705473 0.4881258358539077 
Car -1 -1 0 661.1899716414437 172.61107223184192 707.9300546978548 206.48915164858442 1.5554742 1.610432 3.9091434 3.590839 1.5443202 35.13516 1.500111 0.2520180642604828 

