Car -1 -1 0 696.475203079685 181.78668233014307 819.9327073433043 270.8060025225727 1.4921106 1.6121576 3.7841632 2.8030615 1.6938215 14.385154 1.5504868 49.34262601150042 
Car -1 -1 0 658.6279109983873 174.71594488172016 730.5472866045395 228.24878668491854 1.5945264 1.624622 3.7943897 2.688083 1.66043 23.583302 1.491496 42.89423736823727 
Car -1 -1 0 751.6825754538789 179.08516542235273 1004.2230788138583 356.714274725393 1.5576444 1.6227057 3.7357178 2.7751815 1.6460761 8.349893 1.5990884 81.03251104184048 
Car -1 -1 0 644.6540221047835 176.97396766779832 679.269434500516 207.6524364866461 1.4904845 1.6044935 3.606987 2.6699452 1.7142245 37.36405 1.5918607 12.472501077784502 
Car -1 -1 0 418.8495500824041 180.5350296572471 518.7070101138022 215.30166295256504 1.5123684 1.6517878 4.1768565 -6.3183746 1.8693814 32.65663 0.0262089 15.254307115421872 
Car -1 -1 0 0.0 188.60489516073085 300.11569430823516 334.3973565376786 1.5407739 1.6441178 4.0214605 -6.09473 1.7499993 8.700447 -0.031021027 42.703954273012705 
Car -1 -1 0 21.889104665767466 188.63559360129958 340.83251377410426 296.5974228634543 1.4962265 1.6243807 4.005433 -6.4619775 1.7599217 11.159079 0.04279141 16.141649193958113 
Car -1 -1 0 342.72472364826825 182.88262031133993 482.10986554474243 236.2406515842163 1.5063136 1.6239917 3.9672198 -6.105564 1.8374465 22.37009 0.35713884 6.3513597325844735 
Car -1 -1 0 425.4565885119631 166.69778350049623 475.3151940896866 211.03534173452235 1.5488043 1.6470497 3.9133325 -5.9447308 1.3337545 27.271275 1.4035758 5.0392310601677295 
Car -1 -1 0 448.44389105610645 180.7657003424584 538.2830401434114 213.26536698819328 1.5079508 1.6392871 4.0742745 -5.5412908 1.8981178 34.73667 -0.01302903 3.186733376035625 
Car -1 -1 0 369.06363818654654 182.58703929254517 496.5355247430089 228.3635488394938 1.5022657 1.6224678 3.9943852 -6.014313 1.8484607 24.845768 -0.0037186602 1.4811406589726204 
Car -1 -1 0 624.2811806925355 173.3654056134162 643.039731591134 189.15053603186456 1.5070485 1.6304613 4.17778 2.3488953 1.5589528 71.12769 1.5515149 0.8626134581758964 
Car -1 -1 0 810.1094219928581 136.1611148459166 865.4244754592919 162.43082724082285 1.5209316 1.6172185 3.9211242 14.327209 -0.68755805 45.512016 1.3667289 0.34427782893180847 
Car -1 -1 0 262.232951241991 180.0999826557811 389.416042076799 249.4564221238435 1.5412941 1.6181744 3.9331641 -7.0786176 1.7463986 18.4368 1.5968955 0.47270790665708307 
Car -1 -1 0 486.00653428613566 168.7253903316015 509.7253028926391 189.76025186188195 1.501374 1.6046158 3.9328272 -8.255509 1.2066921 53.547894 1.4517728 0.3054829239845276 
Car -1 -1 0 635.3457685689717 184.64397945226298 812.0917905819238 361.8159748574936 1.5666271 1.6287589 3.9432795 1.192069 1.741418 8.673275 1.6408321 0.30684644508326375 
Car -1 -1 0 0.0 166.7917222341887 141.02387872946105 224.878778268833 1.5786057 1.6563588 3.9468212 -15.873875 1.4138538 20.545507 -0.055619944 0.2766098380088806 
Car -1 -1 0 359.6876125394729 181.63146356509944 466.8362072900971 249.4060526456228 1.5104744 1.6110575 3.9410982 -4.9107265 1.7607214 18.583385 1.5927913 0.4031078719360711 
Car -1 -1 0 392.2413915892979 181.49143048734027 500.19245507642574 220.89718371653038 1.5337105 1.6384706 3.998239 -6.645554 1.899775 29.555729 0.104823254 0.25979354977607727 

