Car -1 -1 0 377.07767978644966 181.47939680800803 551.3461806681944 318.1377028612774 1.5258067 1.6245253 3.9782195 -1.6598434 1.5254403 10.020849 1.5851333 74.55773285116983 
Car -1 -1 0 607.5158286214051 156.5358871129541 675.1250345122162 221.95958027701494 1.6305668 1.6364305 3.879589 1.0396165 1.0080774 19.845219 1.5680674 7.59972628129538 
Car -1 -1 0 384.59572605255823 185.99845443300347 457.3507623212808 231.70215629498904 1.5269339 1.619249 3.8988872 -6.4840326 1.7037938 26.351973 1.592709 1.2096976423116237 
Car -1 -1 0 526.5141202646033 222.84999323645988 610.4462599323471 298.84928382696296 1.5304723 1.6145455 3.9139578 -0.72231245 2.7239304 18.707403 1.6770548 0.8654245734214783 
Car -1 -1 0 870.5373356593341 151.95338997583644 1136.5506812234162 287.8616547433065 1.5417719 1.6211436 3.9374347 5.3212533 1.2064505 10.13732 1.5958111 0.8414413048114763 
Car -1 -1 0 51.892306707464115 177.29035380945143 363.66528064949165 369.98210316352015 1.6136379 1.6339785 3.9614062 -3.9625957 1.5782833 8.063151 1.4783353 0.686631892544921 
Car -1 -1 0 883.6747470646864 111.21038938176441 1242.0 371.21339396597085 1.6660812 1.6368496 3.961506 4.121788 1.215592 6.624423 1.6238719 0.5838507189645555 
Car -1 -1 0 324.9452238240614 170.86245865463505 409.2546581904868 232.37648305474664 1.5776248 1.6231078 3.9029546 -6.526959 1.3044951 20.466923 1.4337002 0.3047459125518799 
Car -1 -1 0 343.1593843849443 135.88601776445233 448.0532643348377 185.01528357377816 1.557828 1.6403275 3.9064 -6.975047 0.1110782 24.884703 1.8653816 0.2965177595615387 
Car -1 -1 0 47.79163877139802 138.32763792962334 178.29262585940685 220.73518331821728 1.6110415 1.6397203 4.0324316 -10.806417 0.7667968 16.219755 1.1830635 0.35912957787513733 
Car -1 -1 0 590.6940645976363 147.09840780401726 1060.0629149144254 375.0 1.5813028 1.6172552 3.789001 1.6031519 1.3755678 6.3254414 0.99991286 0.2816506326198578 

