Car -1 -1 0 333.89853493444764 164.88462281494884 395.29201648635814 197.8095300306269 1.5673695 1.6211233 3.7770014 -12.364321 1.1879921 36.306526 0.857021 17.69751132076436 
Car -1 -1 0 285.0615165337879 164.115631507798 344.50369611417074 199.10862699939037 1.5420594 1.6216066 3.8257015 -13.853418 1.1569798 33.806694 0.91450614 15.935007005698301 
Car -1 -1 0 634.0478446263816 161.21618722574544 691.574076800208 185.97712289946213 1.5710201 1.6204604 3.7561214 3.486982 0.83262944 47.733704 0.8633238 11.001523516105593 
Car -1 -1 0 769.9423447055327 167.95623636347833 804.0197751227154 189.08975725964353 1.5369911 1.6313015 4.0180545 13.352269 1.180788 54.49484 1.583343 0.6186891198158264 
Car -1 -1 0 442.5730595170579 167.13369822046468 482.93886080470213 190.92317446257067 1.5241349 1.6263816 3.9311557 -9.874645 1.1576486 48.34598 1.0897965 2.1810431146244973 
Car -1 -1 0 562.6661008239187 155.75515351371183 622.4971361168251 182.8824966097951 1.524249 1.611622 3.91546 -1.0491471 0.5634875 42.60399 0.95120126 1.7170043689803447 
Car -1 -1 0 413.14694058484463 165.97380560008497 470.11296277570636 197.57221850389683 1.5348119 1.6256077 3.9602518 -8.695336 1.2006239 37.152603 1.0009897 1.736089355008924 
Car -1 -1 0 492.2973391809278 157.6536734902837 601.3396684782953 220.07989805518667 1.5860882 1.6182947 3.4327638 -1.8329484 1.1998873 20.212406 0.99419546 0.3479999601840973 
Car -1 -1 0 554.6991759949028 164.1032808161661 628.6454829076225 191.31970840518323 1.4926634 1.6221817 4.0117564 -1.0011401 1.0127369 41.386208 -0.6101122 0.6038170088240606 
Car -1 -1 0 246.59627835361962 172.15229451738557 284.6541964254361 201.74707856918255 1.4999442 1.6066267 3.8621898 -18.37326 1.4643797 38.66089 1.1874342 0.9377889178350141 
Car -1 -1 0 598.9291390142076 163.8254658055562 648.9630868298417 188.8811393522742 1.5090544 1.6182332 3.9220839 0.85858965 0.96528316 45.576717 1.1418933 0.4596819408804168 

