Car -1 -1 0 412.3802785903571 180.6838697587742 490.18003958458297 233.07966340821997 1.5084915 1.6234996 3.9070017 -4.807463 1.3780187 22.653923 1.5654281 58.11134250777415 
Car -1 -1 0 268.6245645072796 186.25417765757624 436.9717769404526 286.6006615088614 1.5168524 1.6199075 3.791059 -4.312847 1.5381117 12.810941 1.5828738 77.58073852683607 
Car -1 -1 0 574.9896060387053 176.92551287667436 607.5339928362012 207.84736014566016 1.5337585 1.6143997 3.520043 -0.8142562 1.122556 37.426964 1.5571226 11.830662636556102 
Car -1 -1 0 476.13841166349715 179.12748461530975 523.0431013494134 214.9916443848153 1.5011215 1.6081051 3.7497065 -4.725377 1.2462947 31.9814 1.5474169 23.45610075435077 
Car -1 -1 0 255.00148670931958 177.79799999226321 364.20054549824573 238.1090617578079 1.5951015 1.6384343 3.979483 -8.55064 1.3989189 21.023796 1.5432404 24.891076766954736 
Car -1 -1 0 23.326438036023646 166.65259259896627 194.6676973885438 239.3933951708299 1.6053485 1.6374866 3.8943982 -12.125996 1.1956712 17.835768 1.5406127 22.783237291139052 
Car -1 -1 0 360.56916298941275 179.53739587134825 422.87744350666947 219.26916783751656 1.5219405 1.6079726 3.8096476 -8.753004 1.304431 29.483639 1.5137157 3.7718199787836237 
Car -1 -1 0 463.3489261290578 173.48696040724712 495.2097844088519 197.39204834052296 1.6420836 1.6180724 3.6576037 -9.071531 0.83641547 51.208496 1.5710146 1.5499877896137948 
Car -1 -1 0 144.26366292889782 176.35157232639446 209.19776377392907 219.57520194623186 1.505929 1.6129496 3.848512 -16.15255 1.1970992 27.131525 1.1624659 0.5464044213294983 
Car -1 -1 0 680.0757611905658 144.35201626172528 721.4874037808459 172.52335590878263 1.5091214 1.6215631 3.8995523 5.4576077 -0.7829968 42.33426 1.4846294 0.3383859097957611 

