Car -1 -1 0 762.1620584607633 187.93795603973868 900.9640239671737 281.113869357029 1.4895778 1.6134698 3.7758632 4.1417394 1.8232565 14.056608 1.5923035 51.92692320762195 
Car -1 -1 0 723.6518062770951 183.26653098836476 819.9382124460204 246.99199909728182 1.5273125 1.6153973 3.7910128 4.3427057 1.8418986 19.862656 1.5163753 35.00703407024402 
Car -1 -1 0 488.2205152849271 186.74179753948894 548.5629538242036 227.44872795122 1.5046824 1.6223973 3.9849064 -3.7303984 2.1248143 30.15046 1.6789505 18.79486185696693 
Car -1 -1 0 853.4203796503575 171.75766275044177 1236.8515170163548 375.0 1.5737619 1.6277215 3.8741016 3.9673104 1.5654287 7.4268856 1.577586 77.75840869167548 
Car -1 -1 0 710.7582042820208 184.46778265800188 772.8942559186944 233.88063528288777 1.5158167 1.611453 3.717622 4.4857416 1.9472836 24.914715 1.6132705 17.589481443651444 
Car -1 -1 0 690.4762445990725 182.22018258758627 744.7171415286431 221.50632970716038 1.5107876 1.6040267 3.776657 4.508696 1.9325964 30.578014 1.5338473 6.766361122823567 
Car -1 -1 0 574.9367312796932 183.12278891132235 602.0340708595123 203.96747493428092 1.542096 1.6176852 3.8514874 -1.641166 2.3869958 57.361347 1.6854985 2.25005831432228 
Car -1 -1 0 678.2253871510156 184.4611588742873 718.8884074623869 219.42467403943925 1.5308435 1.6183484 3.8961751 4.246497 2.1237197 34.87935 1.6064911 0.6893305029928786 
Car -1 -1 0 522.5485349755137 185.21974205736885 583.0566231862642 219.1847899840562 1.5119269 1.6216937 4.0135884 -2.7495072 2.1632366 35.846584 1.87297 1.210857388013553 
Car -1 -1 0 1007.0573172701431 151.69765160113312 1195.6311101169101 224.99239734095679 1.7506648 1.655934 3.9892125 13.0042515 1.2453396 19.38958 1.2394884 0.5222658169820522 

