Car -1 -1 0 767.079715116865 184.18497993743975 999.5725492910905 264.939555323885 1.4973109 1.6322068 4.062683 5.3949857 1.7396028 14.529716 -0.04117656 41.02417524144467 
Car -1 -1 0 627.4502989526768 178.73056227451264 684.6804558128227 218.23022211773062 1.4940094 1.6192011 3.954293 1.8586578 1.7549865 29.974918 1.4351406 32.849074021980954 
Car -1 -1 0 833.882896010244 185.16099772500928 1139.3788706026894 287.6457394532721 1.5015063 1.6309507 4.0542583 5.8842278 1.7133137 11.593573 0.0043701697 47.738750851315224 
Car -1 -1 0 0.0 179.3260141191542 300.59480971999056 297.93509838782205 1.5361873 1.6448919 4.0233235 -6.815751 1.6380514 10.402802 -0.066141926 71.09547470020861 
Car -1 -1 0 65.41702406459208 163.88581250771284 341.9353256342775 256.00747581337544 1.5365598 1.6422857 4.0144367 -7.1072645 1.3869733 12.94431 -0.044332672 48.58738052486241 
Car -1 -1 0 370.8553412829522 178.39559678365436 489.6212729633766 220.61983424852735 1.503518 1.624541 3.990374 -6.637271 1.7177458 26.920563 0.08189393 14.63964209992166 
Car -1 -1 0 335.32171629451716 178.88280621687366 469.62884057833156 225.51979464143236 1.5012137 1.637838 4.045035 -6.8857546 1.7107422 24.257225 0.00029921765 13.74482276316373 
Car -1 -1 0 921.35603141344 183.47984752737858 1242.0 319.73978864236284 1.5208508 1.6273267 3.950491 6.249078 1.6677727 9.084541 -0.040023845 15.923839241497449 
Car -1 -1 0 761.9845585383451 173.64652256103798 899.4606745800676 250.6681891021542 1.5952079 1.6317719 3.9126933 5.0453124 1.6161599 17.030704 1.4423438 4.756761635544993 
Car -1 -1 0 616.1808868228317 175.40311551175722 646.9348015568069 199.25192371622683 1.5369363 1.610194 3.9464335 1.452919 1.7171676 48.975433 1.477124 0.567658540883189 
Car -1 -1 0 366.7802638242221 166.54671816370112 413.76629349137994 196.10010413191142 1.5065185 1.6164992 3.938134 -11.7285795 1.1849972 38.80889 1.490333 0.3087773323059082 
Car -1 -1 0 651.502472091336 153.62254957711355 676.8437611718709 173.65912613838358 1.5027755 1.6235361 3.992603 4.2874823 0.060385466 56.21841 1.73452 0.29496437311172485 
Car -1 -1 0 741.5476533539365 163.56680052430488 840.8012561715194 202.39105381442775 1.5638089 1.6324763 3.935381 7.570303 1.189728 30.286364 0.21853471 0.26309746503829956 

