Car -1 -1 0 49.29813647389852 195.35777385331525 361.1203404325355 370.70987892784524 1.4976745 1.6214297 3.9325228 -4.42367 1.8297521 8.660053 1.5439146 113.40575698660935 
Car -1 -1 0 668.8059230729779 181.25691559698103 744.8828632412158 241.9250966898691 1.4995587 1.6148603 3.8441052 2.6345553 1.7582619 20.290781 1.5690742 53.643440533774296 
Car -1 -1 0 766.0283521923504 186.66539257640773 1019.1186264834481 359.7095276554986 1.5096157 1.6076721 3.5718946 2.9730363 1.7046643 8.3861475 1.5933627 69.49281378237531 
Car -1 -1 0 452.3882841243324 182.57748200209235 509.80392892488976 227.462847170122 1.5015926 1.6280558 4.048086 -4.741861 1.8945143 27.094473 1.5202806 32.157211184040946 
Car -1 -1 0 224.82623237887367 185.0288726584828 376.2591334390728 236.25276071113527 1.4956927 1.6256607 4.0024443 -9.498865 1.8878291 22.362524 0.0324074 10.803429722206289 
Car -1 -1 0 719.9975617421761 186.19229091156404 866.9513524326364 290.097024042929 1.5000577 1.6057638 3.677142 3.0622985 1.769852 12.743311 1.554673 42.84005523769978 
Car -1 -1 0 481.16562231538876 180.82215848578414 530.1350800262408 217.85220959041396 1.5327326 1.6209195 3.9141502 -4.639413 1.915267 32.67523 1.5797889 16.037117702564615 
Car -1 -1 0 656.7774000535286 179.4554865406885 714.4429624558999 225.36739782072223 1.5294673 1.6160604 3.873719 2.7226677 1.7903574 26.557371 1.5441036 14.976052770235064 
Car -1 -1 0 652.6137560456774 180.99780633512222 687.9705050890025 215.50777082614832 1.5333364 1.612536 3.7680326 2.985106 1.9498795 34.94501 1.679801 2.2156928134766094 
Car -1 -1 0 533.7462899530658 179.0584840535053 555.785465489268 194.63306415830007 1.4923348 1.6220622 4.078022 -6.58644 2.1391206 73.04274 1.3288956 1.2176408414952498 
Car -1 -1 0 619.3476536923106 156.8922614445376 683.0223486442475 180.7696055076273 1.5308379 1.6421484 4.0430107 2.6827886 0.50748956 47.10933 -0.014197919 0.37581199407577515 

