Car -1 -1 0 0.0 195.56613736313943 127.92157414562531 246.9061105635704 1.5210173 1.6171305 3.7211218 -18.674486 2.3632827 24.892387 1.5768117 30.16553139471792 
Car -1 -1 0 211.07554996070687 187.72739890652417 275.53878358673927 227.8430296653036 1.5143512 1.6138264 3.994776 -15.616387 2.1963718 30.952911 1.3265065 3.6489754168230832 
Car -1 -1 0 400.10157180968076 182.4430003592686 505.5669153506752 219.21399412313497 1.4973165 1.6378288 4.1113205 -6.651007 1.9200436 30.845942 0.07104132 3.0796275183401463 
Car -1 -1 0 86.50047152911613 189.7445373378264 207.180884151489 240.24773233097096 1.5269904 1.6267679 3.889212 -15.93424 2.160529 25.097536 1.598325 0.6772743638726779 
Car -1 -1 0 582.7996366200796 164.78418058395525 625.3012512023868 180.78834854328846 1.5527658 1.6665528 4.1242666 -0.5394598 0.7698107 70.85173 -0.006309668 0.45022931694984436 
Car -1 -1 0 123.26215802453042 169.03294443636563 423.0627209829979 270.326890476893 1.4941609 1.6198066 4.0744863 -5.2188363 1.4377974 11.636491 -0.09181249 0.4074038565158844 
Car -1 -1 0 183.6044095770374 182.1450047161318 416.0607742172289 263.9960154608671 1.5152996 1.6209681 3.9551418 -6.070152 1.7122028 14.423177 0.029416496 0.32221493124961853 
Car -1 -1 0 392.64376561770956 176.0502485807335 474.2140511666691 221.2040709115335 1.5015144 1.6116147 3.8850842 -6.3186593 1.6270357 26.308222 1.6954243 0.2907772660255432 
Car -1 -1 0 384.6535419382699 175.72770795408957 528.4991920410924 229.5088316343105 1.516212 1.6266354 4.053057 -4.4698668 1.6061664 21.52081 -0.12791468 0.2616264820098877 
Car -1 -1 0 960.6755521239528 181.2443198837442 995.6698395212 199.80887907548376 1.501084 1.616712 4.0094633 31.814148 2.2510338 62.374763 1.753624 0.2569864094257355 
Car -1 -1 0 671.6489571717626 183.9332677028318 718.2730035658712 214.46429650438262 1.5089064 1.6247238 4.015441 4.586263 2.143929 39.2662 1.4522853 0.2549063563346863 

