Car -1 -1 0 240.6242786936859 182.1043054619869 411.70813705285985 291.5085461646729 1.4955223 1.6164976 3.9750261 -4.381668 1.5267842 11.779943 1.4765043 11.912943358353356 
Car -1 -1 0 639.823154641605 180.57041726920284 844.6114458288545 260.1678943897797 1.5814865 1.663455 4.0689116 2.837223 1.5829401 15.078368 0.09896751 2.054202557917745 
Car -1 -1 0 519.5655099345447 155.02565211534787 677.0739875472253 217.54255526235778 1.5493559 1.6397676 3.925841 -0.1706681 0.9178616 18.430496 -0.045178656 4.5565600035322165 
Car -1 -1 0 512.8854236844993 126.42005465854368 607.6959549888339 187.89782288806816 1.5968089 1.6352279 3.9321334 -1.1530137 0.19197768 20.469719 1.8136499 1.3784331654776674 
Car -1 -1 0 875.834872896915 168.51640179877413 1242.0 370.69648199955043 1.5906276 1.6355755 3.8662646 5.118135 1.496296 7.6337214 1.0073649 2.35202782556131 
Car -1 -1 0 815.971208166834 175.35713941280517 1026.2046051289976 285.4333717969367 1.5027006 1.6146533 3.9958389 4.935509 1.4324028 11.665345 1.5515398 3.3375582212823827 
Car -1 -1 0 57.00183288360258 207.81688374531566 124.12247096563475 258.9600411570433 1.5596461 1.6376486 4.027915 -18.786364 2.6472 26.006851 1.0338216 0.8606891737371611 
Car -1 -1 0 272.3302186701871 162.72605283033175 473.52895482145857 239.9553399318131 1.6256559 1.6755131 4.001026 -5.1552873 1.25138 16.003092 0.14600559 0.9995676886823769 
Car -1 -1 0 41.435669865501296 203.20032019501713 188.1012112103276 300.8386134157089 1.5102884 1.6105617 3.8949723 -9.486601 2.028042 14.023819 1.1768454 0.557847926248224 
Car -1 -1 0 868.4244261424346 180.55363809802648 1242.0 362.6686150697551 1.5504212 1.6384254 3.7490249 5.1415815 1.5510892 8.030941 0.9729822 0.32678113690533367 

