Car -1 -1 0 571.1209547570945 176.58205710456306 622.6980952043389 225.16539949550486 1.5102117 1.6047703 3.4116042 -0.36474308 1.2418352 24.072237 1.5440904 33.579689221774 
Car -1 -1 0 0.0 186.7136109552084 371.7731538596223 375.0 1.5125238 1.6141353 3.8073573 -3.6856372 1.5308832 6.904196 1.567179 56.674049599200394 
Car -1 -1 0 310.6713770534955 176.95685661444418 370.7867653737292 211.36333044641498 1.5170528 1.6103988 3.6666384 -12.364712 1.1529033 33.568275 1.5191764 7.876898203184022 
Car -1 -1 0 324.05706806419056 177.00966118462748 408.4191270527578 227.34234795541593 1.56932 1.622648 3.6638844 -8.0196495 1.3134644 24.246483 1.5691046 25.24137502511998 
Car -1 -1 0 445.4186328565814 177.79800853299898 518.4510855802969 242.34053304309444 1.5537057 1.6284181 3.9195206 -3.2654965 1.3751427 19.331589 1.4778612 3.417008791854172 
Car -1 -1 0 498.5653053765687 179.93814984857949 564.1051434580254 237.35254725123897 1.5226461 1.6229331 3.9129403 -2.1304872 1.382684 21.044981 1.5397505 2.539777769328548 
Car -1 -1 0 491.38005185191577 156.40366224446564 558.1524218369019 207.35555103707094 1.5349938 1.6245506 3.9218636 -2.6212225 0.66699266 23.643116 1.6037335 0.6607471704483032 
Car -1 -1 0 90.64336600705238 180.68134768896184 317.88545849759834 280.58125824452736 1.5296048 1.6206448 3.8903584 -7.0141525 1.4601777 13.032312 1.686359 0.7860446185692899 
Car -1 -1 0 327.38615737269 232.54483882983124 408.37570034316394 319.9281081463734 1.5232705 1.6140947 3.8588543 -5.6960664 2.7726796 16.886114 1.2047436 0.8773610345745848 
Car -1 -1 0 513.4913180548435 176.04673331172273 561.0357030783122 219.64144102610368 1.5515687 1.6365843 3.9549353 -2.6183178 1.2252383 27.601183 1.5198798 0.6514388309312691 
Car -1 -1 0 526.5531874125613 174.08053520657285 562.6150116980235 198.1544212707034 1.5362544 1.6115237 3.8478398 -4.2162337 0.8256735 47.949722 1.268626 0.6353584974126643 
Car -1 -1 0 612.0152807715745 176.63310923907616 664.9372514978025 220.1373600268417 1.4925644 1.6208277 3.8544607 1.089187 1.1981089 26.625206 1.524941 0.5496340865644107 
Car -1 -1 0 204.8299511701249 184.0227698863259 497.18561368286856 375.0 1.5670121 1.6267773 3.8877382 -2.1890776 1.558214 7.2598553 1.5528843 0.3740233137136255 
Car -1 -1 0 717.871893371836 182.8109791696468 1205.969193280705 375.0 1.5079494 1.6204507 3.8082674 2.1543617 1.4958198 5.607156 1.461411 0.3050890266895294 
Car -1 -1 0 505.3528064279787 125.28441185975721 558.2935523090953 176.32985507353953 1.5111992 1.6147463 3.853069 -2.4701009 -0.32075322 23.961143 1.4868016 0.2845073189292543 
Car -1 -1 0 668.6524777574588 170.4837100958702 702.7859850142979 194.5314963094418 1.4946983 1.6098514 3.7646248 5.04734 0.5790266 46.603966 1.5164925 0.2711111903190613 
Car -1 -1 0 610.9948941082292 173.9973289364417 689.4841314387688 244.55001598153828 1.5597072 1.6327217 3.9619086 0.9641346 1.3117028 17.889933 1.5491065 0.2635327875614166 

