Car -1 -1 0 291.4832896265455 194.7716487211861 484.1585933574199 337.35366784397803 1.499896 1.6220211 3.9690976 -2.8717258 1.8713186 10.217731 1.5385721 84.77298342880715 
Car -1 -1 0 1051.6355789859397 137.55576108118836 1242.0 244.86656385250012 1.5237658 1.6191756 3.893822 9.492744 1.0225464 12.200784 1.560342 4.995052988461172 
Car -1 -1 0 822.6051693460023 206.1104923066734 1055.605818394291 294.52699940225193 1.5949149 1.6585402 3.9423568 6.5078998 2.3066769 14.560703 0.026798112 1.5633957412860662 
Car -1 -1 0 595.4147712197258 210.03916403317288 620.7952782441657 233.85579297937412 1.7318323 1.6527232 3.854144 -0.15421236 4.968794 60.79066 1.4387984 0.7504603246879563 
Car -1 -1 0 640.0150543777279 194.69872562442794 666.7113638120104 214.3621596499312 1.5313733 1.6108565 3.8935661 3.7755513 3.4926615 62.747498 1.441392 0.4559314250946045 
Car -1 -1 0 485.96314044918194 219.5127524336667 519.2258118780504 242.63851088241435 1.525103 1.6304648 3.9023056 -8.535341 5.3986235 57.85991 1.7015326 1.9167426364410645 
Car -1 -1 0 519.6604106977076 215.48955534441657 547.2834271502456 236.8438107630131 1.5491772 1.6245568 3.850377 -6.535865 5.3491898 62.31279 1.6701658 0.5827001071520514 
Car -1 -1 0 639.2784401287802 216.28257926041223 694.0192142786734 238.9418557847479 1.4917936 1.5977604 3.8525581 4.3406124 4.883333 54.831886 -0.4210076 0.8094725055856076 
Car -1 -1 0 690.1958687531303 194.88558480593971 761.4775869702438 246.0933061614774 1.5361208 1.6340015 4.111817 4.0191894 2.3805652 25.554249 1.510453 0.40662047266960144 
Car -1 -1 0 677.6730643426886 187.88373964563436 727.8405108152998 210.0338824956428 1.5061481 1.6154392 3.9725292 6.9375296 2.6763248 54.05782 1.0318537 0.27933230996131897 
Car -1 -1 0 860.2425350079607 175.93159417614874 1158.4635262791573 370.52791795963213 1.5528407 1.6403669 3.7595222 3.914974 1.5946066 7.806258 1.7294223 0.2649078071117401 

