Car -1 -1 0 502.9786419611589 183.4631123680377 679.4416670495639 268.4549498213362 1.5067973 1.6151097 3.9050522 -0.26465783 1.7620385 15.32902 2.2436914 82.62644768685871 
Car -1 -1 0 1061.146491558021 184.88284890053697 1159.952663222186 263.12746046512115 1.5580921 1.6325073 3.9794931 11.917481 1.8768816 17.061897 2.2509098 30.97950394107481 
Car -1 -1 0 799.534453489358 186.4896170164977 884.7644781534501 238.94043664655734 1.5119442 1.6212392 3.9383764 7.792158 2.004067 23.960798 2.1768947 29.577872898638837 
Car -1 -1 0 933.9284711867829 184.55332797277316 995.7891048496822 221.9834945514439 1.506583 1.6202395 3.8452876 15.938261 2.0623941 32.28402 2.2669563 17.651136892296012 
Car -1 -1 0 1001.3077069516111 185.10692216899528 1045.6047867598497 217.33810017418932 1.533372 1.6245084 3.86117 21.784815 2.2119484 37.91871 2.1963425 5.871324704561885 
Car -1 -1 0 1188.1697196566568 188.68493011522 1242.0 229.19621353075436 1.540992 1.6248335 3.8861632 26.001633 2.2673254 31.070389 2.2287617 4.235707163379051 
Car -1 -1 0 945.5606639855092 182.84524446502135 1016.2077680376929 226.80391349545616 1.5325861 1.6187212 3.8572986 14.486322 1.9487499 28.058558 2.2723331 1.4407688535773555 
Car -1 -1 0 623.9685901410421 150.7625088863786 685.8555682907567 175.50946830071425 1.5069642 1.5928448 3.7976372 2.8960242 0.1617043 45.72182 -0.650659 0.4329047203063965 
Car -1 -1 0 834.9515203873743 181.54976725901653 950.5956173240448 238.64202629089448 1.522393 1.6131146 3.8292425 8.551829 1.8057783 21.659597 -0.7044587 0.781739950021692 
Car -1 -1 0 540.6989222711711 152.44743858228995 608.9773360786675 185.41958064582994 1.7585509 1.6787804 4.125781 -1.8988396 0.67017806 40.656414 2.1769211 0.3064190149307251 
Car -1 -1 0 728.3893124338713 177.28477315379212 851.9565481100591 247.3383357688695 1.5306294 1.620853 3.8465905 4.606172 1.6538533 18.043852 2.2184062 0.7829418333864181 

