Car -1 -1 0 694.149050447973 177.0714218277219 1242.0 375.0 1.550009 1.6246918 3.8440638 2.8940518 1.5228899 6.0505924 0.5230488 1.5821052653091292 
Car -1 -1 0 565.8771689996812 149.6510767612091 610.7492421569465 174.39670512971122 1.5623882 1.6132027 3.7956998 -0.8598068 -0.5018163 48.599648 1.128737 0.4846925437450409 
Car -1 -1 0 0.0 152.85469146866376 316.1898534748624 329.48186053670406 1.5657701 1.6263176 3.9306653 -4.868636 1.3117261 8.344604 1.5565927 0.6973815554366173 
Car -1 -1 0 597.3147313586271 179.9936139455498 625.512315221494 202.88482899561717 1.5194919 1.6002175 3.6170628 0.72637135 1.4186895 49.550346 1.4886128 0.3962743878364563 
Car -1 -1 0 364.89239053254266 183.33057896920513 476.79432898487227 258.1077137590258 1.5588925 1.6238767 3.8841822 -4.105327 1.6069405 17.025696 1.5874428 0.3927222192287445 
Car -1 -1 0 384.36639621278505 176.203238681454 529.6887334630161 231.32278927941283 1.5371282 1.6217079 3.9156106 -4.226268 1.3890761 21.318745 0.25970197 0.37375596165657043 
Car -1 -1 0 238.12376025189326 174.06647162570533 430.70039422811226 284.9650852849639 1.5759058 1.6351907 4.0844765 -4.2791786 1.4700994 12.282997 1.6134164 0.7717543845842151 
Car -1 -1 0 510.59653299046164 178.51264453040622 590.1420644397358 214.64882238870456 1.5269158 1.6181245 3.8731244 -2.30719 1.4001708 32.359703 0.87794447 0.4532633423805237 
Car -1 -1 0 875.6217745153714 198.890247746944 1153.1283086534165 293.3026796175696 1.5681083 1.6575539 4.1015935 7.3967147 1.9068588 13.127737 0.02253757 0.3176952302455902 
Car -1 -1 0 490.1822537146041 179.72066908684477 557.4057982732877 227.45866410692975 1.5272496 1.6150624 3.8401015 -2.575697 1.4699341 24.964285 1.6579816 0.3061598837375641 
Car -1 -1 0 679.0052185461102 145.35045356843426 826.8948156483468 201.7237846791983 1.610323 1.6653996 4.024799 4.522832 0.57735044 21.58231 -0.11747779 0.2683117091655731 
Car -1 -1 0 630.0317573931789 177.74040420084523 757.5017428647926 225.9028785514139 1.5640129 1.6558341 4.1242623 3.0693665 1.4415286 24.22483 0.034151495 0.25566768646240234 

