Car -1 -1 0 0.0 194.59282773363034 165.36572509690058 271.3814666751093 1.4920812 1.6190917 3.9175339 -12.49896 2.0687013 17.144129 1.5238693 74.51339076922635 
Car -1 -1 0 573.1169610120074 181.38677778151495 611.2735694213726 217.93572895954088 1.5561087 1.6389661 4.166299 -0.8681166 1.9815047 33.842995 1.5104139 12.54446502492064 
Car -1 -1 0 302.3201228296532 187.7677129059448 372.57078801443873 224.28670510304215 1.5145802 1.6251358 3.9855802 -12.57869 2.2510777 33.60611 1.6143106 13.5801587123231 
Car -1 -1 0 208.66765022324776 143.2217294897054 275.6115650556213 172.53042414332998 1.5437975 1.6145984 3.7015443 -20.262814 -0.01877296 39.95462 1.6463976 2.1502421663229647 
Car -1 -1 0 506.79948579464207 176.39719951612278 535.2657452131239 200.43902057532674 1.6056294 1.6341281 3.8903496 -6.18611 1.8644428 50.736423 1.5412899 2.2241234005232586 
Car -1 -1 0 673.5457672191906 185.78308150576103 708.2814559458532 212.29328469310136 1.5002606 1.6126392 3.8327506 4.9903207 2.335321 44.66349 1.5416946 2.2566798337076066 
Car -1 -1 0 507.5519065394667 152.3449172551976 533.1114281854693 174.61012975354453 1.5310836 1.60881 3.8999865 -6.347839 0.120761275 51.618305 1.5011605 0.4305323074527867 
Car -1 -1 0 961.9322869910155 180.56975743905278 1163.0244245182196 274.9151457653407 1.5241144 1.602782 3.8094497 8.460883 1.693547 13.908638 1.6116054 1.0764285567541096 
Car -1 -1 0 796.3260265015521 123.88287736851609 849.8015204535842 163.38502535693874 1.4967114 1.6114262 3.8401644 8.896717 -0.42431754 30.318697 1.7120094 0.3728224039077759 
Car -1 -1 0 799.3790649451181 184.8718662758622 865.0744579384668 223.57223189159782 1.5495331 1.629515 3.9207137 9.817549 2.1171496 32.099205 1.5462137 0.8283402081895699 
Car -1 -1 0 248.77980101001606 184.310881942091 297.1773321019073 210.59421588111988 1.5034313 1.6100534 3.883567 -20.952208 2.2510743 45.061367 1.450931 0.8310322227804514 
Car -1 -1 0 758.3413596944474 184.11585527029132 801.878418592702 211.03863256482663 1.5583038 1.6351973 3.9700236 10.690834 2.2996793 45.477062 1.5223683 0.3337855637073517 
Car -1 -1 0 808.6082853856243 182.92208583927004 891.0273040603862 232.9409220103412 1.5532557 1.625469 3.871454 8.258584 1.9311463 25.135754 1.5837587 0.5150921314151514 
Car -1 -1 0 1107.6510860557985 147.73302462035218 1204.6858028533468 188.61805479760804 1.5938101 1.6001403 3.1673865 22.40263 0.61452574 29.712738 1.5727184 0.3069540560245514 
Car -1 -1 0 381.3857416815949 182.47212918607053 434.10056042604725 219.55424006888097 1.6573243 1.6432345 3.981487 -9.807482 2.1553006 35.328865 1.5218059 0.2799879312515259 
Car -1 -1 0 1097.9664286948682 119.7975084948748 1190.88343251542 158.3881717701667 1.536467 1.6096617 3.7862866 23.71478 -0.6841523 32.161903 1.6687248 0.2750498652458191 
Car -1 -1 0 490.5059197504001 206.86359051545347 549.6243514721393 247.75749173174322 1.5250635 1.6238731 3.9369078 -3.94639 3.1506622 32.419125 1.723624 0.2674350142478943 

