Car -1 -1 0 586.864355891867 162.66849208515046 643.2111018699243 217.93453459223497 1.8022999 1.6698258 4.044244 0.31133035 1.220575 25.132244 1.5024545 12.072152797278292 
Car -1 -1 0 1047.6364546197942 230.5821486319935 1242.0 361.0705712030824 1.5284401 1.6192385 3.8659773 9.032843 2.5235047 11.965733 1.8628259 6.880854631996956 
Car -1 -1 0 953.4495500578005 247.2275676701626 1095.7453341849573 361.56318327829734 1.5160041 1.6199431 3.9690504 8.11744 3.0399554 14.010448 1.8940456 1.3265675426333106 
Car -1 -1 0 565.2169313645055 166.63695505288769 615.5800146375727 205.8263716070603 1.5219592 1.6124611 3.8882213 -0.6351276 0.98331773 29.501112 1.4219763 1.1060922332154672 
Car -1 -1 0 553.9893506287383 169.52931171904078 568.8792232325607 183.6761148780779 1.5518143 1.6184199 3.8543158 -4.775833 0.34767485 79.52143 1.524395 1.5901634015391932 
Car -1 -1 0 885.9984375912449 185.32091654159353 1062.6684482914357 255.02185930411395 1.5716112 1.6232634 3.947982 9.430817 1.7112368 18.371666 1.1813476 1.0077821743003208 
Car -1 -1 0 955.8141648997296 101.73985905318536 1242.0 232.17270359828632 1.5689769 1.6418676 3.9373126 7.094063 0.62149155 9.471685 0.075237334 0.6860321385014871 
Car -1 -1 0 479.17980598364124 175.07050995457953 515.7339028164268 209.66850213449194 1.5493264 1.6244619 3.9210386 -5.060016 1.3058935 33.716286 1.4320003 0.3406120836734772 
Car -1 -1 0 236.14628724240276 143.197706297499 313.12783687234787 174.45716254955224 1.5105457 1.6088986 3.6952329 -17.127241 -0.33315074 36.939213 1.8543993 0.2940692603588104 

