Car -1 -1 0 467.5746433115124 186.26039919130864 511.0398684433072 219.23808852306414 1.4976184 1.6184673 3.8225422 -5.9852505 2.2071638 36.26102 1.5508854 20.171455974193755 
Car -1 -1 0 667.6577927228764 182.85262817577828 744.2815954884738 241.9283497718706 1.4911625 1.6146911 3.7897003 2.6762445 1.8055563 20.77416 1.5468258 65.09866716934779 
Car -1 -1 0 650.7951465887706 182.02890068931657 705.7503923431219 227.86624026287558 1.50721 1.615247 3.841859 2.4436083 1.8677357 26.424904 1.5622318 15.864397204099502 
Car -1 -1 0 834.1788307076924 173.30055129765063 958.9105138675794 217.99534676266816 1.51172 1.6221522 3.9375103 10.399742 1.5290937 26.25691 0.63060534 9.649447814566653 
Car -1 -1 0 925.3571801225999 167.0199558396306 1094.36104219007 231.97369601758146 1.6295724 1.6406262 3.8945475 10.994795 1.4832066 19.925777 0.64263886 12.793848030877935 
Car -1 -1 0 898.8284580203356 170.79227565361347 1043.5374212455197 223.59061762033826 1.5492829 1.6310915 3.9452717 11.275199 1.4887848 22.730305 0.42608336 2.4023011892745476 
Car -1 -1 0 1114.3486962183943 134.87242673518352 1242.0 184.81331850118826 1.6477485 1.6547703 4.1021686 20.496464 0.3945853 25.91405 1.4952917 0.48049914836883545 
Car -1 -1 0 772.8103360206679 151.78189859655825 840.8772725708351 175.64357074338977 1.5386837 1.647836 4.0603657 13.056725 0.17988098 47.80819 -0.23889907 0.9672685127843316 
Car -1 -1 0 159.09934832896784 190.38407448298727 209.62040465828403 212.58111819581072 1.5370262 1.6245692 3.9481704 -32.40953 2.9246209 55.115692 1.5406036 0.5141187136299061 
Car -1 -1 0 495.0975936592448 184.53713828566706 529.4435205165803 213.86392515168046 1.5329593 1.611467 3.7654293 -5.504175 2.2304535 41.15979 1.526298 0.9033098514417192 
Car -1 -1 0 207.08070611661574 185.19547149252148 319.54328726964616 225.19858486256953 1.5014791 1.6086276 3.8561769 -13.845626 2.0157032 28.924538 0.18160391 0.3543117642402649 
Car -1 -1 0 155.01809825203944 190.12464381201502 206.13211236676008 214.49820299761745 1.6311383 1.6349676 3.8875773 -31.497974 2.9496965 53.097137 1.5098611 0.31605791316266907 
Car -1 -1 0 31.01687451548917 188.62609676684855 193.84448476158855 261.68461795696214 1.4822661 1.6286772 4.041539 -11.930472 1.9144815 17.661749 1.437382 0.25074198842048645 

