Car -1 -1 0 1007.9386912514981 181.81385685082216 1227.7836765212157 254.4013430226629 1.5383551 1.6563627 4.130183 11.984839 1.7748314 17.373657 0.46738988 59.65387449586963 
Car -1 -1 0 700.2784820407384 196.38236772446547 785.135969959015 232.88662232087228 1.5082229 1.6101792 3.8993666 6.267844 2.6687088 33.83188 -0.5923123 27.867647933616542 
Car -1 -1 0 614.9065041113215 193.38638195979792 655.6066951449512 228.10864679103562 1.6741173 1.6469121 3.9614358 1.346287 2.8507206 39.286716 1.45796 7.057631905205731 
Car -1 -1 0 284.15482811265804 203.6848817293243 359.40058373624174 239.247688892614 1.5125763 1.639656 4.096238 -14.352633 3.128295 35.904877 0.664078 0.4669075310230255 
Car -1 -1 0 726.3492749101162 146.3296803069175 764.6764563165797 174.47869238439023 1.509019 1.6239698 3.967125 7.616164 0.08709669 40.70637 1.6269436 0.402858704328537 
Car -1 -1 0 503.7768974228441 196.7385944609302 540.5727223493797 226.7010935188632 1.5613931 1.6225955 3.8335123 -5.113558 3.0363636 42.622204 1.5948055 0.5161660382739165 
Car -1 -1 0 884.6265399139231 181.70221064764735 972.980087055647 224.65481044341018 1.5743244 1.6117785 3.77142 12.842634 1.9512525 28.958107 -0.6462516 0.27711769938468933 
Car -1 -1 0 499.908609383322 189.8939299242608 531.4102642202233 216.4552699861462 1.5340471 1.6400135 4.0986724 -5.9953775 2.6793447 46.417843 1.5333823 0.2690500020980835 
Car -1 -1 0 883.9859047273151 132.76973043861602 978.2838639210963 172.14213099668308 1.5097888 1.631495 4.1023245 13.21119 -0.030985594 29.570505 -0.603522 0.26012325286865234 
Car -1 -1 0 805.9975054779877 188.9558745943522 904.8605487304742 245.32851937664722 1.5513165 1.6261618 3.9223375 7.9092155 2.109976 23.020182 2.2859972 0.25853994488716125 

