Car -1 -1 0 209.2050515390293 185.30633654905967 444.6088395156016 340.40002972738796 1.5449796 1.6197522 3.7698317 -3.2257154 1.5463653 9.076569 1.5340667 92.04724046438541 
Car -1 -1 0 561.9768294340921 178.62281468106312 603.053783107813 217.1836420778585 1.5065702 1.6057491 3.4040236 -1.0712836 1.2489865 29.835094 1.5074631 27.212050796998984 
Car -1 -1 0 376.61793633727757 184.3410768991677 478.1869425714424 256.1605603017203 1.5095701 1.607111 3.6753654 -4.114093 1.4911865 16.9768 1.5323617 45.100216550482024 
Car -1 -1 0 138.73028597804478 182.8812310732544 252.77162893478544 234.93603753903554 1.5317347 1.6346765 4.157953 -13.164999 1.463042 23.298836 1.4773159 23.136871467703077 
Car -1 -1 0 237.4184081864656 183.49447032099593 343.03562289440293 248.19490918292533 1.5211791 1.6209991 3.9362578 -8.214259 1.4807111 18.974861 1.4073995 6.007493412485658 
Car -1 -1 0 314.2403188342583 183.0765114655469 397.08948503205426 228.23618949357555 1.5408242 1.6180388 3.9464474 -9.164224 1.4678363 26.51363 1.587737 2.8669143777247212 
Car -1 -1 0 477.7508872638191 176.48386968678545 524.070300286622 212.8868844196027 1.5572541 1.6172692 3.7178526 -4.7632027 1.1837225 32.624916 1.552284 1.2855799201272278 
Car -1 -1 0 358.4474770397184 163.63799543538562 456.2605370473562 200.3509090867641 1.6142733 1.6669629 3.999326 -8.983373 0.6654979 32.543755 -0.051609907 3.0124941625150625 
Car -1 -1 0 269.80472321333554 182.02652557261422 335.67755197034705 218.9706146763101 1.5339477 1.6216447 3.9987378 -13.425671 1.4015307 31.924746 1.4591179 0.9016934342535087 
Car -1 -1 0 614.8903090171551 183.42153010614942 672.7630874484034 225.9627048290611 1.5487564 1.6198561 3.8868558 1.3633971 1.4834378 28.198706 1.4480116 0.5465651190469425 
Car -1 -1 0 632.7716159585723 179.9270699468306 704.8488590279862 216.91991976582304 1.5268319 1.607861 3.7530408 2.6470509 1.3085506 31.711279 1.1729231 0.46222227811813354 
Car -1 -1 0 461.2126646280623 184.27097513635795 538.7234523090752 258.0064358869311 1.5510857 1.6234318 3.900827 -2.4849558 1.5312127 17.151445 1.4574243 0.355603105087279 
Car -1 -1 0 597.5219372869446 178.53315800615556 655.6396006143544 231.96590600873856 1.5495753 1.6327271 3.8943002 0.5376121 1.3557785 22.816366 1.5428559 0.6139187430162509 
Car -1 -1 0 98.16261032611966 147.78637619305283 147.67860310667191 168.7204903338382 1.6889852 1.6572467 4.1035814 -42.58855 -1.5005181 63.324364 1.5510569 0.27833613753318787 

