Car -1 -1 0 678.0876696571663 186.85324432162534 960.3237792818202 375.0 1.5279467 1.6102335 3.7689898 1.9178289 1.5978899 7.4799895 1.5143453 2.6071368480052524 
Car -1 -1 0 633.5517561120374 139.48850144534907 696.3998091079242 195.90267876245247 1.506228 1.613149 3.8309526 1.813923 0.3842178 21.117674 1.6004069 1.1099513652207198 
Car -1 -1 0 493.1169344413963 183.9625781481017 541.6098857950967 216.60593790051252 1.5544131 1.6195184 3.8756065 -4.159557 1.6858811 36.524353 1.6824803 1.22365780292894 
Car -1 -1 0 355.89810210260515 191.94327982291793 443.99893553987204 249.5607870418718 1.5322971 1.6167269 3.8149476 -5.9400053 1.8752849 21.707865 1.5652049 0.9208937327054054 
Car -1 -1 0 728.3905541010395 192.011762291934 1242.0 375.0 1.541398 1.6462522 4.1029234 3.225915 1.647386 6.1805243 0.12409478 0.4933061204806055 
Car -1 -1 0 655.3632348008574 156.72271065766924 770.2610821941929 202.15792059003502 1.5582479 1.6488161 3.9358287 3.986961 0.7080663 25.717949 0.13506992 0.8641470517757502 
Car -1 -1 0 529.533619751687 183.10749939989466 572.2201536735404 204.44149251756315 1.5048726 1.6066633 3.9318461 -3.6984873 1.6274582 53.09193 1.0552989 0.38247570395469666 
Car -1 -1 0 793.201086965229 173.36807954930688 899.377855912179 246.02846790122592 1.541825 1.6229346 3.8743393 5.7593355 1.3690099 17.25991 1.685169 0.3505770266056061 
Car -1 -1 0 0.0 224.84294804983963 143.13744173789735 375.0 1.5153296 1.6223152 3.8873672 -7.8679123 2.2706022 10.417202 1.1269099 0.34655076265335083 
Car -1 -1 0 277.4252302634067 195.08895940393913 401.1222922427058 286.7553664096546 1.5005426 1.6121709 3.9014564 -5.064418 1.811831 14.418317 1.4159678 0.542024352399763 
Car -1 -1 0 464.5337045201409 189.7148936482341 513.5769485834402 230.12262847523917 1.5010443 1.6292181 4.022482 -4.5138025 1.8622687 29.576513 1.509963 0.33415526151657104 
Car -1 -1 0 577.2271925109718 181.75493112325267 609.2426830914744 197.63099292768422 1.5027325 1.6107097 3.8145397 -0.66778636 1.5271263 70.12463 2.0165906 0.3103210926055908 
Car -1 -1 0 730.1780862995996 170.12148438423134 825.1328003015989 244.2544989415355 1.5479996 1.621239 3.9302444 4.0687127 1.3101456 17.031853 1.6639822 0.30574342608451843 

