Car -1 -1 0 8.432967538224064 186.83227888506576 344.5582848882094 300.3099513904144 1.5174981 1.6425607 4.057079 -6.2831597 1.7432109 10.759703 0.034746163 75.72948571733004 
Car -1 -1 0 99.30971440355032 183.2905569779353 362.9685530959691 275.82873407019844 1.53884 1.6291851 3.9221318 -6.7113047 1.7416729 13.113386 -0.048958745 12.738880339731892 
Car -1 -1 0 333.6413287536118 183.01114438455127 488.78782727346214 240.02645543004886 1.5029107 1.6294343 3.957312 -5.61604 1.8093137 20.600483 0.18546146 26.1842872508123 
Car -1 -1 0 664.0873036330569 176.94390062587496 701.0954883827146 209.71226702334326 1.5230021 1.6287063 3.9717286 3.5982585 1.7388743 36.062145 1.6177863 13.805085059023787 
Car -1 -1 0 287.19241216225856 183.73456596624138 470.6659672086268 248.94368495378325 1.5232649 1.6390473 4.123583 -5.7758465 1.8152714 18.288977 0.1276105 14.307391515482921 
Car -1 -1 0 434.63938548590164 178.75005320197067 539.1202850970525 215.71317050429727 1.5032892 1.6415372 4.097451 -5.158788 1.7614737 30.62513 0.07429307 7.1391064134733595 
Car -1 -1 0 371.5811952402307 183.28877690524848 511.15507277989303 233.35211012963316 1.499893 1.633188 4.0421996 -5.3395576 1.8499432 23.134317 0.12949827 13.052181160784908 
Car -1 -1 0 396.9844427818873 185.3819340986182 518.2458629602788 230.21812794320962 1.5140595 1.6320778 3.9611554 -5.4273458 1.9837205 26.000727 0.12097048 4.533825825271032 
Car -1 -1 0 459.0575969496011 166.08743877236242 549.2021944206435 201.30296491537672 1.5716436 1.6297615 3.8673828 -4.7834945 1.2696567 33.064808 0.025070747 2.2045142706013054 
Car -1 -1 0 971.9213706646664 151.44212659141482 1053.1794171960091 197.05545839631588 1.5344919 1.6060028 3.6110682 14.529565 0.81416845 26.209759 1.7883351 0.5142966404103635 
Car -1 -1 0 1118.505334739515 164.89483398510865 1242.0 207.85863222491324 1.4934316 1.6462697 4.182751 21.004196 1.216769 25.96446 0.02910265 0.28513312339782715 
Car -1 -1 0 640.1726601020491 176.76983651628524 672.2942850001076 199.20574545785817 1.5299716 1.6141272 3.7070096 3.3925207 1.8224872 51.90049 1.8315587 0.258851021528244 

