Car -1 -1 0 518.1912662075543 172.7929156993687 569.5170977891441 206.34351186381605 1.4924617 1.609254 3.5457287 -2.605002 1.1045935 33.834187 1.7335885 29.062361681269426 
Car -1 -1 0 0.0 181.89242753189566 156.8409893737088 244.65476304390472 1.542237 1.649615 4.0771856 -14.324748 1.553047 19.045393 -0.2923311 37.99607463659452 
Car -1 -1 0 325.88804424175106 178.6323655534593 395.9521628212775 208.04038073696893 1.4757034 1.62162 4.0428414 -12.649658 1.331192 38.203564 1.8143287 8.54153751749989 
Car -1 -1 0 586.9015162716017 167.89742819014407 611.9997064079805 188.51688486355533 1.4773595 1.6201866 4.0365973 -0.03561598 0.50187683 53.53213 1.6323036 1.280954767429809 
Car -1 -1 0 768.6899785278791 155.96653446184513 811.3963051666107 186.89045968270278 1.4996455 1.5987992 3.7401917 9.654015 0.26081657 36.785137 1.6862181 0.41979557275772095 
Car -1 -1 0 860.1654959318614 119.20417534591473 950.1619198814284 170.95557585430223 1.5227385 1.630635 3.9102812 10.046497 -0.38201085 23.97684 1.6559796 0.5229039697939438 
Car -1 -1 0 0.0 143.88643148758328 85.50178518313142 182.06637266419344 1.5332363 1.6221621 3.9137526 -24.037718 0.022254273 30.932577 1.353929 0.33296898007392883 
Car -1 -1 0 637.1504561164462 172.0890852896714 669.2405805367347 199.7281509625349 1.5275011 1.6263158 3.9980245 3.11383 1.0067227 41.78873 1.703836 0.3107057809829712 
Car -1 -1 0 745.2062251861739 18.40517183173146 1033.8285326703535 301.33716156063156 1.5472016 1.6308299 3.9747853 2.6513624 0.6552577 6.057881 2.0913851 0.27608007192611694 
Car -1 -1 0 627.3057035815712 159.9381715330238 665.8410437447567 186.98287258741544 1.6770763 1.6346388 3.9129796 2.9487498 0.33924294 46.61105 1.401608 0.2510911226272583 

