Car -1 -1 0 435.6280565783333 180.92130143922876 511.31879463222185 236.56324175282936 1.5239807 1.6099036 3.5437827 -3.8990698 1.4063612 21.46296 1.5679631 65.65354681248635 
Car -1 -1 0 0.0 184.09975695689013 217.43052874821998 296.9663681711261 1.5383348 1.6226003 3.8167076 -8.132832 1.5231249 11.747429 1.516377 104.78438221078923 
Car -1 -1 0 252.34106252590823 186.36503842656046 444.06815628106295 306.6822575949637 1.5195305 1.6160033 3.734745 -3.7092593 1.5400991 10.98959 1.5611644 94.74968901212556 
Car -1 -1 0 698.4884783269815 185.54616116949416 817.2361898109159 268.85631844768494 1.4870274 1.606086 3.6833992 2.9298277 1.4946369 14.699347 1.5557547 72.02926624273508 
Car -1 -1 0 650.4919309835498 181.6375367797522 706.5381892641338 222.72975371398599 1.5028292 1.6161528 3.8206925 2.7296925 1.3719683 28.243664 1.5133646 31.52201250237752 
Car -1 -1 0 378.9276296949631 180.5241883049789 442.74502121345375 217.92627775074735 1.5162718 1.6184261 3.7961876 -8.402196 1.3260791 31.064457 1.6017178 22.328189737177905 
Car -1 -1 0 482.8787492215156 180.88851138912938 535.6340147836106 221.74771849791307 1.5683987 1.6241678 3.8699443 -3.9525611 1.4022977 29.5321 1.5751569 14.183755043414065 
Car -1 -1 0 261.7000193473598 185.26292090970432 369.1412419571393 243.3504936342409 1.5048183 1.604424 3.773768 -8.190323 1.506292 20.529474 1.5493221 5.7700585337055434 
Car -1 -1 0 527.576466929549 178.4423666792769 559.1395067194833 200.05919074680122 1.5052382 1.6044703 3.8033352 -4.580047 1.0335927 52.02573 1.6668373 2.9058424453425586 
Car -1 -1 0 622.2991171106895 180.7468303024458 647.0959995509248 200.64570358557066 1.5096852 1.6118174 3.6286082 2.1272697 1.1706417 56.394188 1.5154433 4.3615910067167425 
Car -1 -1 0 583.2449394101823 180.11349479780046 608.1495868263825 202.09350895691793 1.5317621 1.6161046 3.7098753 -0.8626987 1.1761954 52.000786 1.5043021 2.428119387486424 
Car -1 -1 0 424.8002420345965 180.2227959045579 472.28281245734064 208.7803743732044 1.5440006 1.6173439 3.795682 -8.947689 1.2740532 40.816936 1.6428012 2.825875624729194 
Car -1 -1 0 498.84141988066983 179.8648563405421 535.5060628963001 208.34515270879177 1.5012522 1.6136969 3.949077 -4.9435325 1.2191988 39.882324 1.5511392 0.38789358735084534 
Car -1 -1 0 569.6053859292181 170.2106147932462 590.9697157821039 185.43052983005242 1.6197243 1.623649 3.6804361 -2.961113 0.022862673 78.48208 1.3308342 0.2580197751522064 

