Car -1 -1 0 467.6387480172596 169.31813884115974 555.1891793051441 238.223337490336 1.5362787 1.6234919 3.8836658 -2.1094441 1.2644054 17.976133 1.5944172 90.93479162753407 
Car -1 -1 0 382.52813535043913 161.16730689395882 466.4000527987031 221.45476863774203 1.5810871 1.6294669 3.9054039 -4.9842515 1.0475258 20.825096 1.5274374 63.54884434735927 
Car -1 -1 0 436.03339507432366 158.9894036160039 498.6067961378321 205.41204305936296 1.6419063 1.6438749 3.8879118 -4.9828963 0.845305 27.354782 1.5760376 2.4748493295926584 
Car -1 -1 0 928.1598357512884 142.8496785456625 1097.6160664418574 264.4481095098945 1.5356576 1.6234615 3.8821683 6.1681004 1.0473914 11.172829 1.9139351 1.3361585784068764 
Car -1 -1 0 762.6963188197442 180.84620612333615 861.0894205112498 263.81432987293607 1.607171 1.6338111 3.9691 4.5696354 1.59427 16.006483 1.7355416 1.6823658889302486 
Car -1 -1 0 0.0 166.33375041484962 133.97286809573833 236.08432126218236 1.5352123 1.6224915 3.8637369 -13.897791 1.201134 17.863216 1.7662501 0.4456259310245514 
Car -1 -1 0 561.9726637535817 168.46093152705566 590.7445444251402 193.98337169116215 1.5131507 1.6148311 3.9266274 -1.4514873 0.7393788 44.559258 1.5807782 0.3601161241531372 
Car -1 -1 0 574.4902900554038 162.7273607535328 619.6528001599282 194.62316867697132 1.5322441 1.6062149 3.4912643 -0.11930674 0.62983805 36.37924 1.7724366 0.29473909735679626 
Car -1 -1 0 625.5416558698641 129.04575341709943 744.9363040667893 173.98770949718843 1.4857892 1.6091485 3.9184403 2.877416 -0.26968056 24.890038 -0.026051965 0.293062299489975 
Car -1 -1 0 562.0970871484215 161.17671630604323 590.0155193046169 182.52601568646767 1.6317279 1.6252247 3.8696477 -1.9632442 0.07748544 56.956482 1.3793484 0.282982736825943 
Car -1 -1 0 33.45799294281327 148.2272171158511 166.83662328319642 220.80789959123493 1.5519 1.6216987 3.9205701 -11.973235 0.8402096 17.475388 1.2487556 0.2748903888644443 
Car -1 -1 0 307.5540449718665 182.90656335481694 401.1519951089493 234.15934849916928 1.520303 1.6191413 3.8382032 -7.877576 1.5694219 23.359222 1.6047914 0.3894108338496763 
Car -1 -1 0 535.409996220242 170.7970078659101 615.3166059117415 241.20303000391348 1.5523865 1.6109599 3.905457 -0.5158509 1.3161265 17.83788 1.6333566 0.26393997068169467 

