Car -1 -1 0 755.2198763299542 180.12620293194067 1017.6465507851029 345.1915231287809 1.537487 1.6190195 3.7910042 3.0461805 1.6458131 8.819304 1.5276399 92.75584719777412 
Car -1 -1 0 228.86385033187491 180.76211227443076 446.6071218041465 255.18577293918392 1.5122812 1.644751 4.151442 -5.846053 1.6957347 15.799699 0.056682266 32.80388614724519 
Car -1 -1 0 704.3675633412538 175.4494578055952 783.8963394614403 209.4678803102727 1.5012327 1.6050217 3.8237596 6.3117604 1.6316965 34.21215 1.0466192 31.336449315647723 
Car -1 -1 0 21.659423020600304 172.40810614658656 352.93653418305706 284.7612295387412 1.5168804 1.6301148 4.0150485 -6.101393 1.5108603 10.691167 0.068051524 16.313802734204256 
Car -1 -1 0 621.9625848633948 175.39666988599825 657.531556215764 200.760876756588 1.5535676 1.6195548 3.7012596 1.9048216 1.7244306 46.535812 1.4218282 9.457122367432232 
Car -1 -1 0 269.7869468140263 179.892250199165 447.83041828149703 244.6582457118783 1.5290403 1.6225151 3.9448783 -6.277872 1.7172512 18.275429 0.10809811 5.81108460460574 
Car -1 -1 0 371.9289770593991 175.88457093795196 486.4670270852927 218.3758849985517 1.5456777 1.6289725 3.9015572 -6.7440577 1.6636221 27.225002 0.021382853 4.5191179985591585 
Car -1 -1 0 116.68628372461468 176.54732604692475 376.2959766788986 267.2561851004126 1.5324912 1.6320494 3.977037 -6.534837 1.6050969 13.226293 0.072626226 6.229095989217172 
Car -1 -1 0 0.0 161.42499561290677 412.0162026074308 333.55193197200884 1.5893598 1.6609716 4.0565505 -4.3221817 1.4838283 7.7579613 -0.13479945 1.983656476460669 
Car -1 -1 0 405.63266514615816 160.17065530397346 514.9768168828866 197.61651262039183 1.5077529 1.6536901 4.181428 -6.1240473 0.9970594 29.900478 0.010066867 0.6597912413026199 
Car -1 -1 0 611.3826166584311 175.96195446247435 637.2932108741818 196.77814945325014 1.534829 1.6165358 3.8548713 1.1757421 1.7839091 55.813858 1.694153 0.3938542306423187 
Car -1 -1 0 493.09876492804375 175.1130797545761 521.6532276677722 202.13181384383722 1.5217538 1.609465 3.7726548 -6.0575485 1.6623861 42.942986 1.4416273 0.8946044280234837 
Car -1 -1 0 693.5205125159247 150.83873492607742 729.048380272096 178.01683743056665 1.5366671 1.6094971 3.7220771 6.0736284 0.29190987 42.80517 1.8433356 0.5640053799004405 

