Car -1 -1 0 732.8527217798502 180.89349856843114 821.7615576650787 247.03077159686532 1.5040793 1.6141474 3.8010805 4.2558975 1.7353835 18.81995 1.6220611 35.11493200467464 
Car -1 -1 0 850.3527674976325 190.13609746160986 1185.9080507736787 375.0 1.5081096 1.6140544 3.7676 4.0063143 1.7420558 7.858883 1.6026016 67.77036492234504 
Car -1 -1 0 759.6798818282225 181.5040403842729 913.3853052483618 277.2082092812621 1.53017 1.6106707 3.656535 4.133482 1.717341 13.743496 1.5165236 81.3881934950799 
Car -1 -1 0 439.01621509767125 184.4206711879118 517.4457793539681 236.21022821882605 1.5094497 1.6200824 3.9015265 -4.253953 1.9253056 23.93396 1.6480391 40.05639095877565 
Car -1 -1 0 700.7752464347271 179.1051933554272 771.4996391726612 228.62473575803568 1.514061 1.6044756 3.6839957 4.193403 1.7417667 24.408474 1.5285355 13.222913908813059 
Car -1 -1 0 558.1058869419188 178.7816126930625 586.765556474115 201.26512750344656 1.4938812 1.6321933 4.0638647 -2.589643 1.9306822 51.100883 1.6186981 7.252539987120683 
Car -1 -1 0 677.5420607124063 178.4283980320795 734.2775938909166 219.3285125461312 1.5255407 1.6163304 3.938818 3.8587859 1.7686741 29.465069 1.5232352 6.600974345398596 
Car -1 -1 0 451.63263418629464 164.09452898527852 506.2196935163331 187.61458806209384 1.5234921 1.6189634 3.8085976 -8.825861 0.95610446 48.609604 0.7294081 0.9491797089576721 
Car -1 -1 0 681.508813213381 179.43672308610283 729.1094283362278 209.2763688180713 1.5205688 1.6181444 3.9706345 5.214659 1.9022218 39.758446 1.4381655 0.9043892866490616 
Car -1 -1 0 511.43750463084814 184.4302975038368 558.2892639824634 219.8499512511971 1.5269392 1.6264281 3.921561 -3.5008066 2.111243 34.416668 1.6255586 1.4276936360107215 
Car -1 -1 0 491.0763490049851 183.67710159232345 548.0012873487514 224.81190456374225 1.5133748 1.6178561 3.9945393 -3.6240582 1.9889513 29.662756 1.6308978 2.2908932369321957 
Car -1 -1 0 660.0873289156026 196.81543137623106 698.5117717188995 231.08573061436152 1.4871285 1.6069403 3.75698 3.4144852 2.740412 35.84768 1.5876712 0.5021394491195679 
Car -1 -1 0 925.7162802796811 164.81004181319202 1069.8122752846643 215.39149735608336 1.5700176 1.647392 4.027586 12.657919 1.3203379 23.602451 -0.19944987 1.3863517056712837 
Car -1 -1 0 869.9068162583519 166.14963782744516 947.0737746475211 208.96575248231673 1.5472606 1.6309266 3.9346924 11.532671 1.3049827 28.097885 1.6465642 0.5606200259627199 
Car -1 -1 0 1095.6370907712846 179.8435862474287 1242.0 236.4555306690946 1.5218772 1.6175699 3.8770432 17.01797 1.7536695 21.911406 1.4590515 0.2752147614955902 
Car -1 -1 0 970.2894419906421 119.49793407799868 1070.4206132543848 161.90277233014885 1.5345457 1.62454 3.8969774 16.462927 -0.47274148 29.145967 1.4996681 0.26612773537635803 
Car -1 -1 0 938.4556783547554 172.9618868905717 999.3315848069733 202.20290573346696 1.515192 1.6113983 3.8934898 19.5381 1.5213821 39.401493 1.6411633 0.2525655925273895 
Car -1 -1 0 974.6014020183569 159.06896721496716 1093.689556011784 222.09729606466692 1.5557497 1.6342332 3.866547 11.519494 1.2154889 19.864208 1.7641268 0.25243598222732544 

