Car -1 -1 0 347.37946867001875 190.67048305784357 444.05041912570533 250.576418347685 1.522212 1.6205829 3.8497849 -6.2289286 2.0999374 21.445866 1.6044289 64.39770913502406 
Car -1 -1 0 663.7413257839082 176.72637125781762 727.191057390972 224.9032703241849 1.511508 1.6086111 3.6993725 2.8750606 1.6547928 24.818977 1.5323138 56.020879504156035 
Car -1 -1 0 408.02727916377995 188.49926982472815 477.24875704581535 234.8659319050681 1.5137126 1.61884 3.9211383 -6.120009 2.1388521 26.85855 1.5851778 37.22251339425081 
Car -1 -1 0 0.0 202.04285034759613 71.41215230177473 247.46967801055467 1.5291092 1.617022 3.827142 -23.559534 2.7791686 28.887865 1.4203207 5.998794040120479 
Car -1 -1 0 14.73261386156892 200.62690583509328 127.78927473878724 246.87284099738605 1.5316467 1.625226 3.802113 -20.827322 2.6877823 28.118443 1.5495844 25.25042969490776 
Car -1 -1 0 460.01400733850323 183.67221467519542 496.81276356919085 218.83138190871608 1.5395324 1.63059 3.9834118 -6.409876 2.096311 35.01666 1.3590319 11.228361437242691 
Car -1 -1 0 1090.6033037953755 143.31576503744088 1183.857351031103 178.6040207792824 1.5694488 1.6271751 3.9774914 24.816692 0.2557326 34.11309 1.6148219 8.143141661086224 
Car -1 -1 0 91.76097767768168 192.379079989827 188.8432806269628 236.60173065852135 1.4772254 1.6186097 4.06366 -18.137388 2.2954178 28.108416 1.4258822 2.0440550780552558 
Car -1 -1 0 628.7869326230636 174.91811548012242 646.4276359163094 189.96792654120637 1.4922305 1.6196104 3.8647823 2.9025831 1.7098824 74.08661 1.6594412 2.277910163426223 
Car -1 -1 0 222.17085654497484 188.5348617051953 393.8950469401885 268.61000899733654 1.4970895 1.6169215 4.0503387 -6.6690197 1.9018286 16.477118 1.7736373 1.1437561556453586 
Car -1 -1 0 511.3016563725488 181.97763870619275 538.867206072036 205.0142091626973 1.5107613 1.6122413 3.811914 -5.998252 2.1807375 50.955574 1.3683076 0.5494463942757214 
Car -1 -1 0 531.829054361159 181.77014150604649 549.9599022417659 198.86230175721116 1.4970648 1.618587 4.0027704 -6.3885846 2.3554163 67.403694 1.4928445 0.2556040585041046 

