Car -1 -1 0 740.2677409565018 181.61806216746263 959.2986199208862 330.5160947307011 1.5324717 1.6131855 3.6317816 2.8797202 1.6697307 9.470957 1.5536356 91.69917002325656 
Car -1 -1 0 348.86718422630105 189.95376282283846 466.21624636289147 272.14932399277546 1.488435 1.6129897 3.8327477 -4.270296 1.9092878 15.816106 1.5375717 57.78233212659399 
Car -1 -1 0 672.173911145107 179.55054553893206 744.9835415744254 241.21209416824038 1.5047143 1.6028059 3.5201116 2.6240106 1.7047808 19.775574 1.5979447 54.2632980656308 
Car -1 -1 0 437.2697510686265 182.32084178022433 508.9185420838335 234.1727205141542 1.5878452 1.6381308 4.005672 -4.6014714 1.940383 24.851004 1.5903981 38.650129783357514 
Car -1 -1 0 495.9862419448906 182.7471003017851 529.5646740409466 213.7120828464807 1.5263139 1.6256955 3.8682318 -5.1636653 2.086305 38.842705 1.4807503 14.001785062290502 
Car -1 -1 0 644.9362927503573 177.62176595910057 680.7293489771345 211.76002152733517 1.5636016 1.636689 4.0576887 2.5836067 1.8130198 35.68489 1.6125641 16.470783593415494 
Car -1 -1 0 526.9913672388204 182.40582720614606 565.1806016907047 204.13194278436748 1.5235908 1.6191823 3.8377435 -4.749726 2.272195 54.48267 1.8447804 0.5226211547851562 
Car -1 -1 0 991.9126153757294 125.35263139425673 1194.0510481212555 193.4784135740041 1.5573285 1.6417774 3.930265 11.643774 0.47146586 17.50847 -0.10076339 0.4957799017429352 
Car -1 -1 0 625.5432360812604 176.68900535660566 646.4946919555991 191.80830218040046 1.5198705 1.6228046 3.805557 2.7965338 1.9323413 75.58168 1.7631227 1.786488423718827 
Car -1 -1 0 703.9699341487316 176.7384786154193 802.8745068434895 215.17983540233595 1.5401464 1.6265202 3.9014516 6.1723595 1.7182662 31.188637 0.71923035 0.8317354144180141 

