Car -1 -1 0 194.46652124917554 183.79969505790288 326.50213981279995 252.42157139376266 1.5117928 1.6150427 3.681697 -8.37081 1.4805971 17.713043 1.5247166 56.61672904927294 
Car -1 -1 0 415.3014366585862 180.93708031445158 491.763074925466 236.1175739391011 1.5023379 1.6213737 3.9222865 -4.5040665 1.3858488 21.567589 1.525146 45.48150496637306 
Car -1 -1 0 573.0127019536169 177.42496362398012 653.3112417911527 253.88390943499212 1.5394095 1.6180036 3.6604507 0.14621206 1.3825524 16.315092 1.5853245 46.62010737218606 
Car -1 -1 0 268.8249646142004 186.6846626483593 426.0810840346772 281.34684005068306 1.5040934 1.6146575 3.7622232 -4.625208 1.535291 13.373806 1.5556769 78.85580262014759 
Car -1 -1 0 0.0 185.94052462967858 169.66502369183831 256.0049041084157 1.550817 1.6293551 4.0070167 -12.864645 1.5710703 18.020254 1.4845759 24.264949425424664 
Car -1 -1 0 376.85714956891377 178.76953932631642 439.50306267646283 215.51405633506687 1.4740759 1.6117275 4.0126257 -8.453552 1.215476 30.852137 1.561312 2.552689963598286 
Car -1 -1 0 643.3523103451964 180.2888987101768 664.2673405211931 199.52190281902043 1.4893024 1.6180426 3.9308634 3.76219 1.107797 57.685635 1.646844 5.1787946056644385 
Car -1 -1 0 438.6543982904819 148.65690394455316 543.1230648221118 190.19788886287913 1.6226766 1.6905961 3.9478767 -4.6207027 0.19461465 28.950949 -0.013031518 2.466793181456293 
Car -1 -1 0 340.7047847496873 171.09484448200936 391.94488785451455 204.4642318149147 1.6173388 1.6316229 3.8108287 -12.263389 0.9329329 36.808598 1.4866008 1.4422797041465107 
Car -1 -1 0 276.18829105762535 172.16192697492622 351.5099827360721 211.05516990496943 1.5207467 1.6207755 4.008222 -12.190815 1.0103372 30.134533 1.5416502 0.5309149067853571 
Car -1 -1 0 486.1496400766271 179.6079432313889 544.251469968069 235.12521095288278 1.562224 1.628721 3.9131165 -2.766356 1.404425 22.248604 1.4830314 0.27276646571652363 

