Car -1 -1 0 554.8184768770907 174.69402792825042 713.4279486802772 327.6626087785117 1.5565484 1.6332302 4.0782576 0.19011262 1.5859265 9.455977 1.53877 32.67643188087454 
Car -1 -1 0 405.32319901506486 179.86377501299154 440.45701290628455 205.52121288993538 1.5033667 1.6190104 3.9862487 -11.716965 1.9654068 45.4851 1.4535532 2.0370240946246434 
Car -1 -1 0 585.1155455668309 171.55567189687753 643.6143747750159 221.96097997329653 1.4952855 1.6146114 3.9509566 0.07832086 1.4567702 23.42942 1.5041875 4.872027043852886 
Car -1 -1 0 116.74488628461806 182.24930188370828 201.95916373314066 218.46818501132483 1.5423763 1.6202948 3.8852096 -20.913643 2.0067554 33.70334 1.5488335 1.8661268385177394 
Car -1 -1 0 245.7421813888161 179.23399725430357 299.46928725515176 206.6497803728519 1.5980394 1.6291406 3.8194664 -20.888227 2.0119495 44.882835 1.5479563 0.35433560609817505 
Car -1 -1 0 722.1255638101493 170.31761618458026 748.8935458749108 192.45498066235996 1.5368353 1.6130857 3.5729043 9.032826 1.3607525 51.943695 1.6621922 0.3431398272514343 
Car -1 -1 0 44.63553510380223 181.2616698162191 150.12537598399751 222.95165088195085 1.5761676 1.6255769 3.9039328 -21.167702 1.9487618 30.021482 1.5680479 0.5669566077859244 
Car -1 -1 0 0.0 181.44823256397783 91.60369022409887 232.4461927249059 1.640243 1.6376717 3.842146 -20.719608 1.9703376 25.785072 1.579807 0.36155378533623656 
Car -1 -1 0 530.0260846644525 174.86191997032614 568.6352942642878 211.98224392429196 1.551485 1.6240442 3.9169948 -2.726128 1.6472987 32.403538 1.4756176 0.4807165922912733 

