Car -1 -1 0 49.69911051826436 187.63498634888646 257.99308960436207 279.25031870230083 1.496308 1.6102091 3.8387122 -8.406378 1.5491583 13.773195 1.5566967 32.124876630283396 
Car -1 -1 0 333.297508533798 185.7039907566872 456.6017075000772 263.72331756590944 1.4982145 1.6101086 3.6594715 -4.466056 1.5100942 15.658133 1.5693028 80.92549849871007 
Car -1 -1 0 575.4215109365792 177.8330711286579 610.7860565462771 211.09346613309273 1.50239 1.5993394 3.2218852 -0.70717686 1.1689128 34.11571 1.5267433 17.741305658897293 
Car -1 -1 0 285.4189692612602 181.35347762655925 375.7893713316208 231.44767666749115 1.5149919 1.6207517 3.9111423 -9.004862 1.3981873 23.72852 1.5282673 22.212596260988256 
Car -1 -1 0 406.5537965642519 179.84835273694753 479.5796698027881 230.45205613924773 1.531151 1.6187508 3.828863 -5.3094015 1.3687476 23.684906 1.545902 42.09351028431124 
Car -1 -1 0 516.6013452873061 174.87299223418356 548.0547334423223 197.2828768680391 1.5185773 1.6227132 4.0445776 -5.336564 0.817717 50.873955 1.3156683 0.6025335466719591 
Car -1 -1 0 473.04627433997854 179.1467185991414 529.5653315520624 217.09327660673932 1.5526769 1.6230906 3.887291 -4.553548 1.3043497 31.414093 1.6478179 0.347881019115448 
Car -1 -1 0 597.3749391583805 179.42945232027705 682.0202991542608 219.0020121952287 1.5218248 1.617368 3.968667 1.2686858 1.2993057 29.767412 1.04669 0.2649402618408203 
Car -1 -1 0 249.47990760872565 164.13443765142796 319.4038954526611 193.68590473708866 1.4826869 1.6043212 3.7906294 -17.00038 0.424976 38.055775 1.7105653 0.2631816565990448 

