Car -1 -1 0 238.05886054972987 207.06287763838847 443.20984908397674 348.39183883260534 1.4982843 1.6225138 3.9811087 -3.6769536 2.0976448 10.632013 1.5463754 105.60056451687123 
Car -1 -1 0 686.1587354876987 194.90565862256122 798.149532239068 282.2171954964652 1.4872179 1.6156853 3.9157043 2.650605 2.0132618 15.247545 1.5621147 46.65083949912321 
Car -1 -1 0 735.596663675874 193.0578076780891 950.2296630202603 345.6304883996059 1.5008352 1.6096549 3.7290316 2.7810292 1.8178619 9.4567995 1.5716035 51.28541731882826 
Car -1 -1 0 377.60126342161504 205.8787844004245 491.3791962073835 289.39589329076773 1.488705 1.610239 3.85482 -3.8095808 2.3244257 16.325096 1.5791146 54.59408363152344 
Car -1 -1 0 430.4215709205981 203.85864069133632 505.4645400479775 264.38406184495705 1.4969972 1.6157436 3.8309085 -4.172003 2.5157423 21.769966 1.5416324 20.988868051902593 
Car -1 -1 0 670.6359525300638 194.99577355988484 746.4093775148428 255.58036900572003 1.5026282 1.6152012 3.879205 2.8187125 2.2159326 21.285948 1.5465294 33.70305782329888 
Car -1 -1 0 658.418917980063 192.6742773153011 711.6253276912449 240.0861666941849 1.5506296 1.617561 3.8696449 2.7689133 2.3499267 27.15856 1.5760831 13.951423291197832 
Car -1 -1 0 470.46782377398233 201.17431592829936 520.4543974114497 250.38667383076745 1.5066054 1.625011 3.9707808 -4.1228814 2.628593 26.524017 1.4623001 16.91305376847469 
Car -1 -1 0 626.1748316841075 195.04682423932724 661.5031880593457 220.94499102260724 1.5459805 1.6229434 3.9965587 2.2715387 3.110475 48.766747 1.4181391 2.92301397518506 
Car -1 -1 0 427.6324536908754 178.4910155713373 482.48489840670027 200.80101693331426 1.518017 1.6135064 3.8226738 -11.125437 1.9413922 52.15751 2.167127 0.2546323537826538 

