Car -1 -1 0 655.9209167617297 182.0547279353138 725.4082814071763 231.06050124826643 1.5092745 1.6108673 3.7444277 2.713377 1.8516154 24.899975 1.4646125 54.7061566134703 
Car -1 -1 0 878.4118590320528 174.51910821199525 1146.6474043531177 279.8328175052212 1.5087622 1.6045955 3.7881079 6.709746 1.5422355 12.453404 1.0973285 52.13057041105713 
Car -1 -1 0 113.43325446741187 194.91205667646324 367.32190162012927 285.2329729337863 1.5278378 1.6252906 3.8946176 -6.730881 1.9640859 13.440307 -0.0087966705 15.57912132250682 
Car -1 -1 0 305.94786139708845 190.42184759949373 463.8294292442284 247.61194200196843 1.526603 1.641043 4.0182447 -6.3370776 2.0505548 20.655365 -0.02179949 30.646000484877675 
Car -1 -1 0 377.5695578106896 187.57066061726 492.1446269694021 230.05974471811732 1.5266461 1.6263764 3.9512186 -6.6502795 2.1117196 27.66027 0.10996571 15.668785730484332 
Car -1 -1 0 185.37436757430106 192.36975112521316 394.63256311074076 268.69425232660245 1.531467 1.6231657 3.8887148 -6.9163566 1.984734 15.850194 0.05015061 14.286877302982735 
Car -1 -1 0 634.5025858010614 179.9610788488532 675.11965535534 214.90466213645027 1.5294354 1.6261072 3.998964 2.1021948 1.8881966 34.41098 1.5552976 11.856017335918734 
Car -1 -1 0 356.17327223750584 184.53402562871938 476.4793301981172 231.3051756865142 1.5015883 1.6041391 3.9106345 -6.7962713 1.9363546 25.380379 0.384853 1.65278139163841 
Car -1 -1 0 444.4486335286916 188.53930667171952 530.1165169790687 217.6538026588125 1.4668291 1.6434811 4.2328525 -6.418829 2.3149476 38.14917 0.020536806 4.621717714698601 
Car -1 -1 0 0.0 176.05545294946063 316.4934757737444 331.40078263798324 1.6167995 1.6468458 3.9431279 -5.734355 1.6582344 8.442533 0.037107274 10.950541665067341 
Car -1 -1 0 486.3602424618015 173.68210770222012 526.0606201785539 199.17172032297535 1.4871068 1.6062045 3.6635764 -6.2705064 1.5399128 44.114742 1.6596656 1.1345142209736923 
Car -1 -1 0 432.2313672099487 188.32367236467064 500.9566925488168 226.9515238081463 1.4969342 1.618129 3.9396253 -6.1990194 2.2216144 31.715939 1.7549605 1.742231407449579 

