Car -1 -1 0 649.5361289597707 180.82798252118928 714.2120096330078 225.9600927424089 1.4933757 1.6101795 3.7780504 2.5794737 1.8083797 26.536787 1.4593691 42.20939036347068 
Car -1 -1 0 843.9576442378825 174.12311076549543 1070.603890946969 264.45499807431514 1.505024 1.6032674 3.766432 6.603272 1.5334358 14.116047 1.0719426 57.917080226320536 
Car -1 -1 0 628.7109912152166 179.39690453614153 668.2755353682704 212.25795165866907 1.5141332 1.6156334 3.8862922 1.8904998 1.8585294 36.005707 1.5311928 18.44834424434316 
Car -1 -1 0 217.24982496989864 190.7389879914001 408.2331403709449 260.84792265218243 1.5424261 1.6271348 3.9273186 -7.0373583 1.9955143 17.320984 0.07480584 10.255160970194737 
Car -1 -1 0 153.35916995777356 194.7584469452505 381.15430901255473 277.06618881922043 1.5537802 1.6400774 3.9477515 -6.968766 2.0357604 14.985807 -0.036096282 9.319869798854121 
Car -1 -1 0 324.7791347151706 189.06136053887266 471.2330808151849 242.09890521057008 1.5346115 1.6437991 4.0244102 -6.426158 2.051783 22.201897 0.0001213121 19.698528383297113 
Car -1 -1 0 434.2768870275344 186.58183106410524 491.2191003198033 227.13423252179155 1.508913 1.6235137 3.9078813 -6.0550356 2.1196866 30.139513 1.5596281 9.941277752594337 
Car -1 -1 0 365.4908244593462 187.77402227235652 477.8542538736935 232.7045756587994 1.5191686 1.6098901 3.9185286 -7.0245934 2.1083586 26.955545 0.42274824 4.231925300542713 
Car -1 -1 0 3.8779334619507795 178.88776312145785 357.6655146696965 305.45535292233336 1.5841029 1.6475226 3.9520066 -5.759245 1.675191 10.004016 0.033058014 12.987921106293529 
Car -1 -1 0 488.04028326049274 186.68224360748957 528.1404167125962 216.47173055916394 1.5142686 1.6333736 4.1262217 -5.6629767 2.3335223 40.67466 1.5828726 2.319956222050921 
Car -1 -1 0 457.25413344628845 185.02615965179 514.084853911056 220.19659877686092 1.5103894 1.6209422 3.907012 -5.8397226 2.125629 34.433113 1.6915066 0.35753589529012764 
Car -1 -1 0 724.817187875024 150.72448009182605 783.1130852087263 182.39344734909662 1.5217543 1.6079069 3.9135725 7.279924 0.45838845 36.736404 1.399606 0.2991594076156616 
Car -1 -1 0 25.44727983607726 181.05138736786495 135.88627403333592 229.62863490067778 1.5193033 1.6092846 3.8180504 -18.369055 1.8293753 25.27093 1.3918643 0.28056371212005615 

