Car -1 -1 0 398.73393291067856 184.8161941419498 441.9257003096005 209.1929119923481 1.5246466 1.622919 3.949808 -12.836309 2.3734405 49.162125 1.6541219 2.865341741569121 
Car -1 -1 0 421.43109004319854 184.90341631056768 460.60160301774664 214.6328523856658 1.5054125 1.6158824 3.9147487 -9.336136 2.2106204 40.203636 1.4755787 2.0385569429401618 
Car -1 -1 0 583.7886640121261 180.65264258239668 608.825156393202 204.4089548207038 1.4912498 1.6170983 3.8993688 -0.90978885 2.037396 48.55861 1.5430434 2.0605806239009725 
Car -1 -1 0 489.582864285262 183.41054645358264 510.8817641803242 199.90221114263971 1.5378399 1.6186439 3.8107622 -10.83072 2.614523 71.66804 1.5483727 1.4431317882003059 
Car -1 -1 0 406.3717060081269 178.39094479510686 463.43502008428646 220.65379054831192 1.5256188 1.612 3.819354 -6.8280716 1.7596481 28.529522 1.4913249 0.8916490762000407 
Car -1 -1 0 622.5115416975309 183.76589629118823 664.4069230806 220.98934982904328 1.5221475 1.6193763 3.8990068 1.5910857 2.0478437 32.728912 1.6904371 0.38026633858680725 
Car -1 -1 0 460.10609434365915 179.84582491354664 505.54005576888017 210.8328715771183 1.5368762 1.6212347 3.9434946 -6.7339096 1.9311104 38.685974 1.6045316 0.34503036737442017 
Car -1 -1 0 689.6433588216441 179.98900073957066 723.2686352268213 207.16137424472328 1.4872024 1.6320516 4.0226912 5.783469 1.9311794 42.756798 1.7911403 0.32954028248786926 
Car -1 -1 0 326.5983409855085 181.82347791108268 419.7154741899932 238.63845925963386 1.500994 1.6158347 3.905273 -6.9696145 1.7948246 21.661419 1.5415778 0.43136864165918704 
Car -1 -1 0 366.04856283972543 185.88518726774768 445.61349699937364 236.43080136238657 1.4842206 1.620447 4.040051 -6.742177 1.9594758 24.276575 1.5475122 0.2998208999633789 
Car -1 -1 0 212.887273922199 176.3949225477483 359.3388553375112 256.38249357207667 1.5158331 1.6150749 3.8728135 -6.890863 1.6031258 15.817951 1.5271562 0.2601109445095062 
Car -1 -1 0 796.3189090878965 153.2855214574725 866.4174747387664 210.5217582173557 1.5144882 1.62228 3.9429624 6.4118648 0.9967002 21.18894 1.779683 0.25258123874664307 

