Car -1 -1 0 302.5309847830914 184.9978378812028 390.34282587067355 233.8507951392523 1.4835695 1.6146488 3.7994432 -8.498334 1.4769535 23.751907 1.5427088 19.844741213416246 
Car -1 -1 0 446.24705154147574 184.16740748646143 515.7268160881641 229.44653767149384 1.5190858 1.6217425 3.8733494 -4.4914675 1.4839163 26.100964 1.6336824 30.29586420180707 
Car -1 -1 0 127.74766925077783 184.91050078028726 294.5646023132399 266.53635370110663 1.5522476 1.6233467 3.8725452 -8.387372 1.5464438 15.638709 1.528997 51.52252362749849 
Car -1 -1 0 327.10893070122023 189.43544654295843 458.16791745505066 277.7088022470036 1.5240848 1.6173365 3.8321793 -4.1622596 1.6208229 14.538433 1.5382302 50.865923045386324 
Car -1 -1 0 91.54358462654514 187.82011921219564 217.32070324220894 244.6551358842565 1.4924893 1.6026357 3.7542758 -13.05813 1.5756395 21.003124 1.4712839 10.785182007365044 
Car -1 -1 0 482.30127083982063 180.59031893495703 535.6659017867375 213.27872794792918 1.544014 1.615524 3.7955809 -4.8473783 1.3255374 35.955784 1.7285533 8.171228344701715 
Car -1 -1 0 397.25706649681524 181.1746789476413 449.64165774136836 214.75522029703245 1.5212369 1.6204618 3.982365 -8.765779 1.3381741 34.58166 1.5380234 8.080119858011148 
Car -1 -1 0 579.2517226862791 181.48375128064163 609.6679244683452 209.96939734798596 1.5084713 1.6112318 3.5717888 -0.7141582 1.3108442 39.870834 1.548431 6.89397542425698 
Car -1 -1 0 374.52825052855627 178.29006826175646 418.88919521199034 204.05717714775312 1.5158697 1.6146214 3.7689793 -12.876973 1.1084374 44.176476 1.5732126 5.3278522691579075 
Car -1 -1 0 0.0 193.0373586158954 190.07247124394937 331.3309291851138 1.4949121 1.6093681 3.8677604 -7.4535856 1.6265893 10.052185 1.3839269 2.12730977440154 
Car -1 -1 0 248.48359620647975 176.30412115709183 360.9154698702001 215.0820606522236 1.5807478 1.6658483 4.012491 -12.616283 1.2174754 30.136564 6.020721e-05 5.239528692675514 
Car -1 -1 0 508.7415702734734 179.86571163035364 542.8577772143844 204.70612101325239 1.4950881 1.6071534 3.9193091 -5.176712 1.1730845 45.364735 1.3177893 2.0729368771297674 
Car -1 -1 0 438.5060976215304 182.22204426084187 490.6339438648395 208.60910518920358 1.4985727 1.6142304 3.9409356 -8.452345 1.3285573 42.922424 1.7855006 2.1979626624675106 
Car -1 -1 0 0.0 191.7755244300216 75.36239710720174 251.4106557510188 1.5379353 1.6294384 3.9655142 -16.726799 1.7484463 21.028172 0.86965483 0.7015306353569031 
Car -1 -1 0 42.88627840983662 134.71677472205118 190.02478253192916 188.50046050439917 1.6091237 1.6416416 4.037691 -15.947877 0.098274946 23.637877 1.7455931 0.38540181517601013 
Car -1 -1 0 610.4977123293088 181.18735226749834 633.8502402810473 198.57616372367403 1.4953089 1.6037514 3.8568006 1.3001837 1.148901 63.817715 1.4664605 0.372468501329422 
Car -1 -1 0 657.7653831671461 193.14082909585505 715.4836016965752 236.3885530589497 1.4818075 1.6067538 3.7674148 2.9373245 1.8034173 27.2528 1.5241674 0.36658504605293274 
Car -1 -1 0 622.7957807037897 180.22681459463038 800.3129971936823 312.7612620929254 1.5800498 1.6443368 3.934367 1.311759 1.5205733 10.618094 1.4566364 0.3323654234409332 
Car -1 -1 0 221.396680441329 193.12653013001105 419.3902770084689 323.61046199584115 1.4986827 1.6244093 3.983094 -3.930369 1.637517 10.560753 1.4830022 0.340442499147838 

