Car -1 -1 0 432.3142425226196 184.12119407136012 514.8995566599388 240.8510340823243 1.4973047 1.6176436 3.8972821 -3.999992 1.8688045 21.81044 1.6115446 57.35239085281666 
Car -1 -1 0 244.31571799228104 186.43099658614034 427.47576925337324 299.448996174534 1.5405133 1.6242195 3.9168742 -4.403448 1.8081719 12.26515 1.571907 114.92590942966143 
Car -1 -1 0 368.261499881963 187.41840202250825 484.3710322111529 261.33787434614135 1.4948977 1.6146309 3.894398 -4.2572737 1.8855699 17.365082 1.6267309 50.208270046701266 
Car -1 -1 0 565.3112625404978 177.737381427453 596.3706134620828 201.6520183252291 1.5146313 1.6322037 4.070585 -1.8937782 1.8580114 48.64421 1.6469951 7.260223304810085 
Car -1 -1 0 711.5994160487611 174.91207038412114 781.6733069016623 223.46467774603627 1.574522 1.6319712 3.9224846 4.760172 1.6530625 25.551302 1.5416356 27.222964087592292 
Car -1 -1 0 744.9015749593981 197.4531381877509 830.0708370809143 246.67902291082726 1.5178181 1.6299745 3.9502926 6.402155 2.488648 26.39966 1.4172423 0.6310738921165466 
Car -1 -1 0 861.0060206281121 137.1060134559343 936.0607360213528 169.57083571317781 1.5107467 1.6246212 3.9910698 14.366877 -0.17389172 36.10936 1.395535 0.6904024961505273 
Car -1 -1 0 63.71089509716018 183.25515023237304 207.7432579801625 228.89771088411754 1.5547649 1.653878 4.044682 -16.948128 1.9424578 25.951458 -0.05820403 0.6371629347606784 
Car -1 -1 0 392.15378432245217 155.87296373829895 462.5915725777968 180.10952498070247 1.4941206 1.6389189 4.099348 -11.435315 0.4472839 45.482376 -0.09055839 0.29434144496917725 

