Car -1 -1 0 563.5006225737168 179.6295441138234 602.4245354870114 216.327491968485 1.4829311 1.6016213 3.597025 -1.2149817 1.7978368 31.686913 1.5041153 25.28420509582876 
Car -1 -1 0 517.847389829117 179.55423257185825 548.9687622679248 206.0313468224499 1.4890895 1.612353 3.7901025 -4.547123 1.9106882 43.4774 1.5333064 6.5181573155470005 
Car -1 -1 0 27.109369348954203 206.77781411261802 103.0773002828003 242.46656566964077 1.5224836 1.6159384 3.9526463 -27.725792 3.3558917 36.8897 1.348816 0.463112473487854 
Car -1 -1 0 213.45220839350074 186.04945965568558 275.83872937920364 216.4895910442612 1.4813703 1.6136057 3.8909023 -19.557766 2.2282302 38.841927 1.501045 0.6191784135318996 
Car -1 -1 0 0.0 188.66230230900456 123.85274913291113 237.76648875330116 1.550529 1.6351937 3.9350123 -19.624249 2.1659343 26.082235 1.5197054 0.7909767440944319 
Car -1 -1 0 126.72274997286667 187.30536410303588 215.2360921036654 226.98559200823425 1.5327004 1.6211138 3.9015527 -18.90846 2.1996002 31.30832 1.5204087 0.9108283413100562 
Car -1 -1 0 1000.7697215195576 138.4889080053097 1061.0430950482357 172.60591868544364 1.5186329 1.5902066 3.6319742 19.836067 -0.012402415 34.10875 1.8425586 0.3628523349761963 
Car -1 -1 0 827.3330999063724 180.38149676855082 861.2119882367404 201.68391420591558 1.5077416 1.6168523 3.8175235 17.661514 2.0962317 54.43608 1.6594629 0.3300537168979645 
Car -1 -1 0 867.5062516550562 177.63250418275692 913.5950200962081 203.45682080697202 1.5836887 1.625836 3.8118546 18.201832 1.9070821 46.89777 1.6062633 0.3146938979625702 
Car -1 -1 0 572.6793493439089 163.19492021895144 625.2290124798874 185.5594217282585 1.6584482 1.6688199 3.8735178 -0.8257879 0.94217515 54.483856 -0.07540874 0.29412660002708435 

