Car -1 -1 0 900.731463258902 166.527166127856 1034.8078176067663 242.6281007971796 1.4929435 1.6231399 4.0395617 7.886242 1.368824 16.28346 1.7416903 44.86038062745558 
Car -1 -1 0 812.3777198227498 169.84623342191438 888.414915896879 238.32287930755186 1.5050962 1.608979 3.8430357 5.892286 1.4389863 17.928802 1.8533382 44.384921992890725 
Car -1 -1 0 397.6926237895627 189.12873891691632 521.5531501175641 267.92492761783285 1.4700491 1.5996966 3.6918771 -3.4827166 1.8821805 16.278261 1.0270653 67.92813388190672 
Car -1 -1 0 283.94497439424845 184.00804386609357 343.1677866270527 226.09148279989745 1.5191638 1.6189456 3.776898 -12.009365 2.0012891 29.1559 1.0174509 20.923757114562974 
Car -1 -1 0 551.52996813696 172.96713010146223 822.1217869608023 326.16457222346975 1.6234844 1.624968 3.9069662 0.80518365 1.6253408 9.745097 1.0387511 68.44004705405895 
Car -1 -1 0 68.22544367604497 189.66253898854805 120.82475326375437 222.15367478954977 1.5284271 1.6284635 3.9302547 -27.234798 2.4692538 38.26306 1.1209729 8.088011235821174 
Car -1 -1 0 465.5540884754259 173.9254478948134 560.598617827533 209.5001952351658 1.552159 1.6425152 3.9631615 -4.331979 1.6022861 32.652393 0.14801279 12.404257895073055 
Car -1 -1 0 271.1612884190256 184.01681429001806 316.77929412608484 219.55090754737077 1.5137998 1.6083815 3.7313538 -14.922431 2.0715063 34.028366 1.058981 5.737570195561335 
Car -1 -1 0 993.3469951888336 158.5535961114256 1192.6663186720127 225.05595016449536 1.4972085 1.6167194 3.9384336 12.111548 1.1752546 18.369116 1.1200879 7.258001395137832 
Car -1 -1 0 423.73962888531344 179.0246276428312 507.45153602646946 209.8544609361305 1.5585691 1.6397237 4.012439 -7.50623 1.8901808 37.81786 0.069839105 3.4957741542778646 
Car -1 -1 0 855.1479606017604 163.51287413557972 957.3613824288739 205.3283881493957 1.497551 1.6043968 3.8451583 11.362455 1.1630144 27.911345 1.2851918 1.3098400308633937 
Car -1 -1 0 876.973006827589 148.946493125336 973.4663102611751 195.93849615691437 1.4819132 1.6260687 3.9236197 10.684883 0.7279795 24.72477 1.5819608 0.5003693021827531 
Car -1 -1 0 848.0002948807058 132.53112644343597 889.8955217892409 161.83716748263 1.5737776 1.6188676 3.909346 15.165998 -0.6780986 42.353268 1.72982 0.7133759188360069 
Car -1 -1 0 987.9796020201584 118.63312873264096 1146.470868605771 174.30855205742563 1.6147885 1.6763886 4.086559 14.305467 0.042187154 22.736208 0.5705604 1.2694988616989806 
Car -1 -1 0 866.4333582633841 144.9042157233203 953.04900596434 180.18525905821193 1.5478165 1.6057591 3.7953255 13.933776 0.32162988 33.7115 1.2299972 0.3028653562068939 
Car -1 -1 0 323.2748677805879 163.94878714202076 368.06294834557275 185.77455541425238 1.5959494 1.632683 3.714458 -19.956926 0.9447799 54.713295 1.7105353 0.29754823446273804 
Car -1 -1 0 735.2604315346694 131.57446669534815 819.1339114770359 167.73737945217198 1.5652725 1.62005 3.8424227 7.7997847 -0.25488424 33.87921 1.0302188 0.35216024518013 

