Car -1 -1 0 997.1769112222732 201.7942908978235 1227.8269617908447 307.6031868559475 1.524024 1.6172067 3.9025147 9.027513 1.9507383 13.113155 1.6361216 6.638252175506143 
Car -1 -1 0 773.2495717822209 168.18335414025384 928.9711585269647 265.61117330102405 1.5387232 1.6263635 3.9009843 4.434748 1.3282144 13.318859 1.6005975 7.628478760845975 
Car -1 -1 0 523.7437568576499 161.80924755815659 553.083003641843 183.89484534403857 1.5276392 1.6329383 4.0617013 -4.4233804 0.16480476 51.743553 1.6042453 2.8648719915470813 
Car -1 -1 0 564.2392210855468 161.2575706083982 602.055065576072 198.40183427246438 1.6288358 1.6377995 3.9105082 -0.85422254 0.74063736 33.498337 1.5145664 2.1718941593110523 
Car -1 -1 0 940.5053733425639 178.5348980094314 1242.0 346.0585184395923 1.5344937 1.6163101 3.9004548 5.5527577 1.5072219 8.632351 1.7275896 10.661410709933314 
Car -1 -1 0 646.9157382485048 148.1660495190193 741.7548077111376 182.92478773432245 1.5349469 1.6460304 4.0275655 4.2326818 0.062379606 32.69908 -0.077976316 0.9032041808625507 
Car -1 -1 0 931.5357529567545 102.20396108238964 1054.8072190532052 169.1186186656827 1.5118184 1.6196175 3.9163783 10.238998 -0.36412945 19.048218 1.7199861 0.850739452152423 
Car -1 -1 0 805.0594647524914 160.2915125275815 925.3428189946824 237.27970315733023 1.6009909 1.6137766 3.760124 6.0542436 1.1597006 16.85921 1.6253057 0.8261555136496143 
Car -1 -1 0 749.5329210798717 161.47334014604073 905.2396008998178 218.75634815099852 1.5555356 1.6248116 3.9078932 6.3408656 1.0113747 20.357622 0.019855097 2.080350238484304 
Car -1 -1 0 651.0897831316365 172.2641703035347 790.2736967571591 224.3125884070351 1.5643592 1.6487858 4.026343 3.7550583 1.2864016 22.715174 -0.15484019 0.39768680930137634 
Car -1 -1 0 171.0896832447641 169.96076385332864 420.05083871828685 261.4583874849009 1.5609372 1.6238828 3.882521 -5.4652243 1.3638711 13.168413 0.053038623 0.25781556963920593 
Car -1 -1 0 721.6981246590332 159.10743180355686 818.4660549293963 226.62816844634327 1.5399919 1.625195 3.934862 4.2055483 1.0289907 18.368717 1.5932186 0.2539798319339752 
Car -1 -1 0 477.17874461837283 163.58756466857722 514.2758209787803 187.4218776702672 1.5316079 1.6130387 3.8695614 -6.968807 0.37975913 48.158695 1.6585708 0.25345319509506226 

