Car -1 -1 0 703.1688582638217 176.8531071427577 830.7887301836297 266.6256583331173 1.4840112 1.6167554 3.895783 2.8942552 1.5727236 14.053726 1.5654223 61.4054334857145 
Car -1 -1 0 786.5991484040446 175.87938364467522 1242.0 375.0 1.4863156 1.6171237 3.8913515 2.7138557 1.5189447 5.834506 1.5729051 58.2372004861025 
Car -1 -1 0 453.72083031590466 181.86233529150135 521.576754447445 234.4116788669239 1.4955344 1.6208358 3.9331508 -3.8271809 1.8100708 23.20488 1.5428587 38.73059470338323 
Car -1 -1 0 356.91013858904716 179.6273410732303 496.63409240663356 280.2299381381273 1.555927 1.6297364 3.8510969 -3.1949508 1.6993648 13.349577 1.5649275 91.92797580426259 
Car -1 -1 0 664.1336033210627 175.59893121440294 732.255966593735 229.95031341874687 1.5273857 1.6111431 3.6726818 2.6543732 1.619282 22.309631 1.5580826 34.950217693112734 
Car -1 -1 0 639.4062221043756 174.8552694200683 682.8083453183662 210.81256818022885 1.5272956 1.6145058 3.7387094 2.283842 1.6233592 32.746284 1.546308 11.322645042910683 
Car -1 -1 0 552.788643000699 177.50831424608424 569.1481470821121 192.7319981153745 1.561017 1.6266601 3.8647714 -5.1730003 2.0712924 77.14511 1.534423 3.642452657599568 
Car -1 -1 0 982.0363413429809 172.12826305578136 1242.0 308.1168037006631 1.5165246 1.6023229 3.6403706 6.9291196 1.5084312 9.907492 1.5164634 0.4244457341667145 
Car -1 -1 0 655.115014033374 152.73275974995224 718.2276131585363 175.8592015706646 1.4907935 1.5983306 3.8680315 5.1331854 0.19372323 48.093872 0.4650119 0.6687982384792187 
Car -1 -1 0 645.8604233348457 157.61256410436727 677.6655169403369 187.727655600549 1.5278388 1.6124698 3.8519218 2.8139088 0.75458986 38.59297 1.6550262 0.29807397723197937 
Car -1 -1 0 470.4901441938682 168.5149683660197 545.6772624925655 195.8344552290206 1.482498 1.6212784 4.025409 -5.589558 1.2470393 40.091434 -0.063654765 0.6447199437544552 

