Car -1 -1 0 501.0060362435282 181.19906660031123 560.0968984875055 227.39515068981842 1.4961907 1.6219012 3.9436722 -2.7753901 1.820791 26.076769 1.5926608 32.351649420916395 
Car -1 -1 0 649.2012800408246 175.2620118571904 700.8434461192505 213.4530915246639 1.543018 1.6328968 4.0200977 2.7855518 1.6549261 31.472012 1.5037552 16.544762026101758 
Car -1 -1 0 552.5598524208011 179.48845534665782 580.1004231520668 205.84881202791422 1.5078869 1.6121763 3.8509967 -2.6481843 1.9327384 44.235394 1.5115575 3.8518198386892353 
Car -1 -1 0 628.978694656722 174.4838427939996 650.4443677857099 192.2102090858038 1.5362754 1.6213818 3.7656794 2.7368808 1.6872408 64.86406 1.6955674 2.7252830559718513 
Car -1 -1 0 706.327781611126 174.95654976518273 762.1842606824853 219.28490401286118 1.5778102 1.6276995 3.8751466 4.73461 1.6646607 27.836834 1.6099588 2.0699307477246 
Car -1 -1 0 641.0924376716678 170.9205151932865 671.762315160977 196.2739155114334 1.5351666 1.6111993 3.8704867 2.9238865 1.4180925 45.641106 1.5501298 1.0159902592100578 
Car -1 -1 0 643.7365279791351 177.84806657322278 682.2634383876248 207.3652174135888 1.574309 1.613081 3.9309092 3.000209 1.873412 41.1911 1.4917012 0.8636013749777374 
Car -1 -1 0 521.5540586213161 184.17165757334269 572.5205448052137 222.13971162647164 1.5225258 1.6213765 3.9531722 -2.7216911 2.0593176 32.185223 1.6538463 0.8353046799766086 
Car -1 -1 0 289.7180499955935 183.94604891279485 393.4127831865694 240.7547612991484 1.5083513 1.6091979 3.755721 -7.9697866 1.873058 21.813978 1.6130819 0.29713237285614014 
Car -1 -1 0 476.6517811950631 181.17890898151822 514.5595532069998 206.10409807679915 1.5362859 1.6185623 3.8689692 -7.4996786 2.1107469 47.796837 1.6507676 0.2912449538707733 

