Car -1 -1 0 51.450436855363655 191.76064282030265 316.52221620910797 281.45649303406617 1.5050218 1.632971 4.0312405 -7.8021603 1.8819026 13.443018 0.062076714 27.00827512194278 
Car -1 -1 0 212.56974616158564 191.93505774241635 394.1165562188369 256.34389479010497 1.5308359 1.6413947 4.0269775 -7.822949 2.05227 18.726927 -0.08607986 57.989952899193426 
Car -1 -1 0 845.5210809793359 194.29932749222138 1242.0 375.0 1.5404677 1.6401823 3.9608095 4.5515537 1.7766904 7.023828 -0.05307152 74.86026775362855 
Car -1 -1 0 690.1467607925214 194.25581621479117 871.2356100524206 262.03051179508566 1.523725 1.6493444 4.0387373 4.138378 2.0806432 17.805296 -0.07341252 80.88011905386479 
Car -1 -1 0 0.0 193.66054073473313 265.8174803210515 307.9026416145883 1.5267422 1.6402248 4.041743 -7.5837564 1.8651233 10.849749 -0.03221097 28.865243507585873 
Car -1 -1 0 338.79168937310436 186.6451221956271 401.3001687641138 238.43410596151622 1.5469623 1.6205616 3.7326653 -8.082496 2.0554385 24.608854 1.3610926 3.3859071589564906 
Car -1 -1 0 661.2258684434586 194.61631371184632 808.2975264486347 254.0913879143281 1.5306587 1.6188383 3.9191184 3.4213767 2.170237 20.240585 0.08076881 6.045240681482435 
Car -1 -1 0 356.3978350265156 191.68997074280074 416.66908985627066 238.8957723999966 1.5195849 1.6265059 4.0902104 -8.284863 2.2830288 27.093975 1.406029 2.4545942150006947 
Car -1 -1 0 463.2366049259503 191.60771666105416 492.86928538109277 213.10577007496414 1.5051591 1.6234212 3.891266 -10.292661 3.023196 56.2991 1.2159287 2.452076024090644 
Car -1 -1 0 881.9144797964499 195.26517074677483 909.28698144868 221.012290094228 1.4910526 1.6110115 3.8179052 18.785666 3.0295238 47.461006 1.9365451 0.2917456328868866 
Car -1 -1 0 1119.6531840458472 201.2080641792825 1237.61287923402 247.79163610812068 1.5171629 1.6160662 3.9084587 21.853966 2.6924071 27.915401 1.6198971 0.4348003103035693 
Car -1 -1 0 211.5301884802868 182.74090848648555 278.84211458830976 208.78719117145897 1.5107055 1.6122901 3.874229 -22.48421 2.141536 44.519733 0.4143023 0.26361632347106934 

