Car -1 -1 0 838.4164037489894 193.03222082040529 1141.0186979031164 366.5438980209796 1.4851336 1.6185428 3.953855 4.1318874 1.7825117 8.636985 1.5960529 95.3270232707931 
Car -1 -1 0 755.2969162333776 183.59031746532426 879.4732418568904 271.52479333287096 1.4807848 1.6136231 3.8576436 4.0373254 1.7275059 14.6067505 1.6315224 67.36896986125502 
Car -1 -1 0 728.5411877332392 180.4581953841937 816.8666922233406 242.75350880015765 1.5195246 1.6103157 3.708337 4.3881803 1.7489257 19.910217 1.5742395 36.92684297303712 
Car -1 -1 0 546.2152200696122 169.36115883686307 584.5648384082751 204.95558743524856 1.5062474 1.6240027 3.9336445 -2.0403295 1.3584409 32.562527 1.484864 29.722703696465835 
Car -1 -1 0 447.2257647405716 169.98207674235206 551.3536659048357 246.44632996456045 1.5450454 1.6216364 3.8761008 -2.3932102 1.4870149 16.55492 1.6198086 16.96516500928843 
Car -1 -1 0 354.27876718611327 157.68451215208034 516.2486316742963 287.13388392163426 1.5718336 1.6287913 3.863349 -2.3705502 1.3876387 10.726667 1.5270722 71.02068837409584 
Car -1 -1 0 684.2784110585836 172.4443842897537 740.3735855309515 210.31653213678297 1.5332973 1.6164236 3.8504202 4.370219 1.5167134 31.19167 1.4972575 8.846626939908452 
Car -1 -1 0 702.7246217312705 174.4731448919702 768.3433696815845 219.98398568013724 1.5476193 1.6159788 3.8105836 4.5607815 1.6116768 26.609968 1.5309603 13.315888065163078 
Car -1 -1 0 677.596870247273 171.05232757632842 719.2177623044156 202.59758743174874 1.5208125 1.6156594 3.9397874 4.4698 1.4339528 36.759804 1.5655371 1.2947365154531736 
Car -1 -1 0 680.0206823868307 181.4023252108963 800.1818667118512 275.44326125908697 1.552316 1.6161633 3.8800561 2.411384 1.743852 14.215977 1.5569912 0.37362475232425274 

