Car -1 -1 0 686.0308128997821 182.90201657872169 780.6754480044679 251.00581735045503 1.4859073 1.6176364 3.9359531 3.0161219 1.7687943 18.322124 1.5403234 86.08828492408074 
Car -1 -1 0 366.33566941156073 176.36569320886736 496.0540029741404 269.6846149757488 1.525005 1.6146388 3.7804174 -3.2498229 1.6016275 13.839012 1.5528243 75.6890018701326 
Car -1 -1 0 463.9101923313818 177.84676165464793 526.6262656507081 236.23084246365448 1.4862226 1.6190611 4.0584135 -3.300859 1.6453353 20.863207 1.4128877 8.292431025807076 
Car -1 -1 0 651.4685902081359 177.0496506700392 689.1032090611111 207.73564007861614 1.5338659 1.615591 3.5962546 3.183872 1.7676128 38.380886 1.5464573 13.25332758676351 
Car -1 -1 0 556.8527515158419 176.81086907101144 583.3326076925428 197.94240207316557 1.5547104 1.6290089 3.891507 -3.0908058 1.8725654 55.907883 1.4055169 2.378351657877764 
Car -1 -1 0 965.639739874375 234.1915534678866 1098.8245892877808 327.23399403445995 1.515295 1.6115092 3.8447163 9.491226 3.095345 16.526852 1.8142368 0.3741231858730316 
Car -1 -1 0 145.50086534039704 163.55480868383955 261.5558572835656 235.11139257118933 1.532515 1.6204484 3.876741 -9.881505 1.3333558 17.432709 0.83350086 0.43467447153144095 
Car -1 -1 0 632.330488680706 160.9496432605759 693.660321398105 184.80909238383398 1.58687 1.6587394 3.9114652 3.6071632 0.7951219 49.045544 -0.11956851 0.29184913635253906 
Car -1 -1 0 0.0 110.26846584443776 203.1594935881414 173.44575941714007 1.5534818 1.6757433 4.2267246 -13.057231 0.01455082 18.597729 0.008432432 0.5229418323540062 

