Car -1 -1 0 148.42487535949547 186.69540774107642 315.98209562136225 268.7798954276355 1.4914753 1.6200688 3.9234536 -8.003313 1.8311272 15.739553 1.5653163 88.16711367199552 
Car -1 -1 0 428.1255760839736 180.07202308669758 470.7865006576614 211.29810629154736 1.5028923 1.6293888 4.057073 -8.320833 1.9016715 37.777416 1.4926984 12.873161854097757 
Car -1 -1 0 961.4442259488394 219.6865389690501 1006.0207328767273 253.89666476916028 1.5082002 1.6223035 3.953309 20.56484 4.2288504 39.78332 1.9027326 0.5260894298553467 
Car -1 -1 0 282.6528285228556 182.28636478150827 349.7749292809665 216.37310864581917 1.495563 1.6155465 3.8433058 -14.002743 1.9739424 34.660828 1.5854366 0.6338125603044171 
Car -1 -1 0 672.0447593087152 174.7126519514782 756.139229199906 234.834559015911 1.5325824 1.6150528 3.815928 2.8572454 1.5903413 20.468037 1.508834 0.35894808173179626 
Car -1 -1 0 102.89343805839036 210.23448203040292 150.76781223159605 239.57480145459832 1.5110745 1.6109416 3.7422338 -29.622225 3.915499 44.377396 1.2189987 0.3560118079185486 
Car -1 -1 0 638.1325656104987 176.4423946415474 683.2662130764867 214.11312034563608 1.5034654 1.619791 3.8996322 2.1458385 1.6680396 31.131224 1.5572386 0.3935094475746155 
Car -1 -1 0 967.251720110973 71.15597607654428 1242.0 280.73697875537124 1.496399 1.6042972 3.6158838 5.095344 0.77027965 6.997136 1.620256 0.2821660339832306 
Car -1 -1 0 574.6577958874478 175.40062887106478 595.3974394852609 190.7447553799318 1.4952624 1.6064492 3.610915 -2.5009558 1.7592053 72.866165 1.3972214 0.2608361542224884 
Car -1 -1 0 635.7414825412202 177.84868750289755 700.5439602389115 226.9639578475794 1.4902476 1.6232778 3.8893325 1.8875883 1.6722056 24.292072 1.5050578 0.25774362683296204 

