Car -1 -1 0 978.7651408091803 164.07999027825952 1219.7637444839456 254.69042716599105 1.5323683 1.6276056 3.942687 9.342003 1.2375615 13.500969 -0.29558837 29.560612161671312 
Car -1 -1 0 677.1322970144712 154.18429724971003 820.5608819722437 207.67582926604672 1.5489607 1.6387239 3.956348 4.451272 0.75762314 21.828697 -0.1079822 9.816893661515127 
Car -1 -1 0 0.0 122.64792602079855 160.6461973037877 179.98546573346397 1.5232446 1.6774962 4.329902 -15.366589 -0.047416687 20.738407 -0.37372568 4.629349811334126 
Car -1 -1 0 219.38552236179686 162.14115819735292 338.53254171359407 205.28337517539856 1.5651896 1.6507864 4.0696063 -12.291584 0.86241245 27.63498 -0.41382796 0.8699125554004895 
Car -1 -1 0 0.0 184.54855948101581 231.66826798172033 277.51057958293575 1.553355 1.6443627 3.9808729 -9.28279 1.616358 13.500008 -0.31913027 1.1296728569390166 
Car -1 -1 0 488.92376038590373 183.4435372582767 830.4572130966694 375.0 1.5560117 1.6069093 3.836261 0.31365362 1.5814847 7.4122686 1.044306 0.4390433430671692 
Car -1 -1 0 509.56902939247345 166.53696386273128 699.0203398898294 241.86793982543225 1.5624623 1.6444476 3.9837022 0.06810771 1.2518563 16.304844 -0.31913465 1.1495376580896355 
Car -1 -1 0 928.7023899336426 128.5536869688242 1075.5491781505966 191.37523276694404 1.6675705 1.6691722 3.884657 11.527977 0.2618097 20.610483 -0.41203567 0.32919156551361084 
Car -1 -1 0 869.8681658153706 150.09924355543558 999.6786167212128 199.66626489506567 1.5542368 1.6386335 3.9669871 11.168806 0.5692435 24.002913 -0.3683737 0.2859571576118469 
Car -1 -1 0 220.6549747753733 175.3678380103346 433.8737502150064 259.5017402059868 1.5695765 1.6445302 3.88049 -5.4480906 1.454949 14.729123 -0.2810033 0.47478579282244 

