Car -1 -1 0 0.0 207.8646515946829 276.5658538041121 372.91804946483177 1.5111455 1.6194177 3.913924 -6.017155 2.0644667 9.424509 1.5426949 75.46938305722985 
Car -1 -1 0 645.3474224125582 175.8669902508369 688.5465309376217 209.00522150124982 1.5308164 1.6100085 3.6943493 2.775533 1.687268 35.571182 1.5063163 18.027638189139314 
Car -1 -1 0 439.023133398659 186.59095922558083 498.3772506652547 224.87054574914166 1.5241817 1.624925 3.9091752 -6.2046967 2.1751122 32.180992 1.6448326 18.895985499831333 
Car -1 -1 0 147.03126999570148 196.79684671444892 212.79455690353757 228.0020705799416 1.4871085 1.6253726 3.9685674 -23.498354 2.8703847 39.620644 1.4538581 9.629722546211712 
Car -1 -1 0 185.41746462157323 196.35675900729876 253.33134648604496 228.50577866750885 1.5013531 1.6242254 3.9006276 -20.760208 2.8218286 38.562206 1.5371001 10.364430974008984 
Car -1 -1 0 467.21457412634885 185.55081218972143 512.9203317624218 218.13128554400825 1.5422034 1.6187121 3.8762097 -6.17481 2.239322 37.650913 1.6056488 6.895085554208477 
Car -1 -1 0 99.29730154162772 200.58856636455258 170.0619440874543 232.74967700024246 1.5285621 1.6169002 3.7732472 -25.958616 3.1248665 39.586563 1.4947001 4.4555432850792185 
Car -1 -1 0 233.9404145484815 191.54974926289202 304.20695375338096 223.4273809331933 1.5093186 1.6181929 3.9759932 -18.131067 2.563126 38.619404 1.6580034 1.2724467626339415 
Car -1 -1 0 689.7773686553732 182.42503634896798 724.1493232347734 207.52756958610917 1.4964113 1.6209074 3.961557 6.233964 2.1400185 46.526318 1.5545064 0.43132802844047546 
Car -1 -1 0 639.8264461283835 173.6538379656947 692.6859953340678 212.27160698127736 1.5313163 1.6347048 3.9305224 2.344732 1.5676169 30.721165 1.4881977 0.3076300024986267 
Car -1 -1 0 270.5179289586988 181.15746018217263 339.73989412962345 222.47630958159866 1.5083495 1.6142259 3.8256612 -12.200821 1.866776 29.14494 1.4415352 0.3040345013141632 
Car -1 -1 0 359.34830655609215 185.6843364358174 412.82963269372226 231.2297125044269 1.4860356 1.6229162 4.080922 -8.262326 2.003645 26.93713 1.3411752 0.4896866232355521 

