Car -1 -1 0 345.67664700359654 181.58963879110857 474.8911270501482 278.11276715931115 1.5499758 1.6200861 3.6460068 -3.5062447 1.4917482 13.414001 1.5075499 98.87142999296266 
Car -1 -1 0 152.45328825188858 186.49221197829857 304.17538475845566 262.5916987562318 1.491526 1.6201221 3.860507 -8.299013 1.5237238 16.143967 1.4921604 69.48996161526112 
Car -1 -1 0 545.8414876090762 178.726761109767 592.8646966719097 222.19876576321005 1.509146 1.6087793 3.5202386 -1.4646776 1.2838802 26.782526 1.47784 30.153712336797074 
Car -1 -1 0 312.79527535685685 181.90196018834553 384.457358489239 227.64588514010356 1.5118296 1.6076518 3.500898 -9.110744 1.4023111 25.582083 1.4675003 18.38946349746857 
Car -1 -1 0 406.56231485316687 181.86521111940226 484.2532690219066 238.13225770615097 1.51877 1.6139731 3.8491547 -4.702354 1.428333 21.364792 1.5224836 14.09187316790474 
Car -1 -1 0 0.0 173.26104555778295 165.3191070836161 250.83605365000017 1.6922591 1.6498207 3.9718368 -12.811571 1.4314744 17.730122 1.4860041 32.09772505848255 
Car -1 -1 0 0.0 139.50108100961205 107.41492067890158 198.47442944177814 1.515475 1.6185223 3.8643403 -16.167017 0.3407179 20.508873 1.4116926 0.4507143795490265 
Car -1 -1 0 598.7188303098119 178.5257193261611 665.8597787924489 232.1434292918395 1.5514591 1.6304133 3.8946846 0.7098038 1.3578807 22.817892 1.4734057 0.5884026466413345 
Car -1 -1 0 372.6238427665471 161.8211230247625 447.8877444593837 193.23518696984465 1.641297 1.6646262 3.839351 -10.572907 0.41899586 38.801815 -0.22735898 1.4411975972860898 
Car -1 -1 0 593.126953976668 184.28102519360235 641.396877431429 225.75808324744153 1.5071937 1.6197975 3.8534632 0.33041447 1.4732295 28.09097 1.5146091 0.5821722267112719 
Car -1 -1 0 300.25621326801985 180.79427091276125 373.52624143406587 209.9282397581824 1.485125 1.6218511 3.9287972 -14.491734 1.2597395 38.761288 1.874907 0.9498420146607235 
Car -1 -1 0 123.07401409682247 173.627229427351 210.62944527751378 216.84498832404054 1.6517689 1.6548703 4.031938 -17.99932 1.2088614 29.59464 1.4145021 0.26760590076446533 

