Car -1 -1 0 174.59055641236677 199.3511115945395 425.55088450106973 362.33905154736783 1.4924444 1.6227285 3.9448466 -3.6210973 1.9054575 9.2512245 1.5413494 92.71420131055393 
Car -1 -1 0 357.9546638121411 193.86857028786633 488.33983435363587 283.3673511928817 1.4927356 1.6144835 3.873718 -3.6780698 1.9838399 14.907272 1.5937184 66.36721554899437 
Car -1 -1 0 698.2468658838065 180.73709772857927 822.462454852778 273.9399406722276 1.4925112 1.6152576 3.9237604 2.7269883 1.6654987 13.860808 1.5844244 64.63820083728942 
Car -1 -1 0 756.1046174509636 182.43151267221893 1030.4592898546164 364.9576117808249 1.5114913 1.6110129 3.7101755 2.8038826 1.642756 8.029604 1.5762358 50.38109233351243 
Car -1 -1 0 461.92206398715194 186.9308920597071 525.4440925879233 236.25803417791408 1.5103335 1.6201944 3.9553728 -3.9614275 2.0409281 25.211197 1.5611111 21.705335020574918 
Car -1 -1 0 677.3519495135104 179.20317363821542 763.7668588134404 242.91161886853672 1.5366404 1.6197013 3.9050503 2.9285855 1.7281829 19.783173 1.5295436 32.65909560896982 
Car -1 -1 0 419.7538816081191 189.60937394088455 501.9721217206884 251.8421343892467 1.5026679 1.6143823 3.8598142 -4.097105 2.0220861 20.41951 1.5474353 25.135759494293442 
Car -1 -1 0 664.4289058357342 178.46348422730813 723.8635049971772 225.37900379768746 1.5148398 1.6177484 3.8161077 2.9318476 1.7293684 25.675423 1.5570029 13.854679994656433 
Car -1 -1 0 628.1244620917886 178.538444218693 667.266393445866 203.89347437539607 1.5570586 1.6202487 3.8944902 2.4533415 1.9461038 47.31054 1.364816 4.517395513133418 
Car -1 -1 0 854.4536415280169 151.20289664201076 940.2919497009924 179.04155791691127 1.5213615 1.6558803 4.166708 16.068954 0.33814508 40.43373 0.085212216 0.31465214490890503 
Car -1 -1 0 474.4622620222959 187.160335771125 550.1428023513675 255.29243430342868 1.536515 1.6235865 3.9659312 -2.4731636 1.9557785 19.131666 1.53082 0.31553723020638713 
Car -1 -1 0 446.3925993348264 161.59278480018457 471.9797863540792 185.10360178372719 1.6242557 1.6483358 3.8101943 -10.772748 0.84626913 51.86245 1.4056191 0.28035402297973633 
Car -1 -1 0 838.7619568168585 156.76750259795944 944.43485517074 192.0644814168283 1.5479815 1.6473613 4.1541653 12.6843605 0.8424932 32.636204 0.082729116 0.255595862865448 

