Car -1 -1 0 1044.8555251609484 197.4395441679807 1176.0162220183827 278.52410498411666 1.5020082 1.6219449 3.9764135 11.477196 2.148098 16.814571 1.9404198 0.6366592049598694 
Car -1 -1 0 646.2688629456361 177.6423530459506 690.6845227447151 220.1125340055523 1.5361034 1.6353774 3.944058 2.383988 1.7395424 28.60728 1.6779197 1.2082301396753896 
Car -1 -1 0 705.6470248356642 174.52181633317028 746.9790653771632 207.36589017597757 1.5622988 1.6257118 3.855412 5.8470907 1.6511602 36.482204 1.6146758 0.874811131633793 
Car -1 -1 0 713.786945682936 174.04125962748657 765.5868001812496 211.87467314699586 1.5644917 1.6289403 3.9039729 5.6865406 1.6202438 31.921352 1.5822079 0.8633800064090714 
Car -1 -1 0 149.72236948047805 195.46668701190416 221.65728549638035 226.7033008304014 1.4953377 1.6191812 3.878312 -22.991512 2.7879868 39.301674 1.5779153 0.8531299990249762 
Car -1 -1 0 196.35653760535723 198.78311638666014 266.71403646965 232.0313048697406 1.5222354 1.624458 3.8856735 -19.836388 2.9595747 38.04142 1.5871782 0.6306322963003278 
Car -1 -1 0 73.96824216191786 199.59711855663667 164.65552272820534 237.5056413490046 1.5060875 1.6185555 3.8979616 -22.576916 2.8173397 33.41031 1.5469943 0.7041130065917969 
Car -1 -1 0 584.0859641005694 162.2622639224583 631.067325395236 180.36745238015484 1.5320542 1.6305428 3.9731078 -0.14600885 0.63578516 61.942413 0.035959758 1.25939628205999 
Car -1 -1 0 119.42796718816915 198.15473993159821 198.67916246331401 233.3751003036269 1.5331879 1.6206932 3.881166 -22.484503 2.870683 36.183907 1.5469184 0.9783340303819241 
Car -1 -1 0 0.0 194.73734285444138 76.98343111249184 240.9558105661588 1.5285573 1.6181977 3.9207141 -22.684774 2.4281566 27.693943 1.5616736 0.3297339081764221 
Car -1 -1 0 32.131837208722835 203.1956422732397 144.3575225629363 250.74626938291215 1.5539248 1.6278449 3.8458164 -20.073254 2.8125165 27.991497 1.5513455 0.5449400554296684 
Car -1 -1 0 472.13926581302525 182.98404848879872 514.0478271239488 223.9255148485745 1.5493875 1.6341944 3.9746017 -4.9534955 2.0063782 30.448196 1.3893844 0.27479246258735657 
Car -1 -1 0 236.27861550432232 195.77508032876332 289.47115694126836 222.0067130645708 1.4851031 1.6195819 3.9405813 -22.186375 3.0201588 46.328407 1.5404494 0.4738979603212079 
Car -1 -1 0 383.41973474693845 205.87215081781258 430.7116709796743 253.9817469005582 1.5134754 1.6269745 3.910098 -7.7043858 2.875459 27.668497 1.3238051 0.2542828917503357 

