Car -1 -1 0 360.5266372973302 175.94726401747894 492.468628780593 266.63151452379424 1.5131247 1.615663 3.687398 -3.254477 1.4370492 13.642246 1.5720078 83.52864845467096 
Car -1 -1 0 475.38657208078337 169.72692690745177 497.970052634106 190.61117519160237 1.5377548 1.6364069 4.050516 -8.963307 0.74402237 54.1849 1.42382 8.111799113574724 
Car -1 -1 0 317.0987813507303 168.82411182395347 357.58131116071024 192.04992511412112 1.5544846 1.6232646 3.9302607 -18.558662 0.7725848 49.346947 1.4892433 0.8650445598661993 
Car -1 -1 0 118.78317479184072 189.32148744202067 255.0821250637828 246.5131283584133 1.554967 1.6315368 3.982655 -12.742179 1.8537264 21.910257 1.6559477 0.43918856978416443 
Car -1 -1 0 1117.7442716246208 140.21035505062108 1242.0 180.18863524505983 1.5990312 1.6501937 3.9487872 24.03043 -0.013756722 29.444094 0.16913097 0.7281203823424495 
Car -1 -1 0 257.71325543585374 176.21096412940852 378.5384659578137 240.85670579505114 1.5629755 1.6292319 3.821684 -7.7559032 1.4591174 19.016293 0.7782171 0.6338571870018747 
Car -1 -1 0 1059.143913959965 146.20467634960607 1143.0021695737796 171.60974426350873 1.5191283 1.6352625 3.9910963 30.789385 -0.5640406 43.88233 0.06368053 0.29453936219215393 
Car -1 -1 0 909.4033894050162 153.33558470863775 1063.591342326881 204.66272462516503 1.5745738 1.6628106 4.0530815 12.141073 0.74104244 22.599352 -0.038628235 0.4828334585666849 
Car -1 -1 0 720.2820213353543 135.23857738910343 767.8539211474231 158.0874802332747 1.4984361 1.6092429 3.8333573 10.350345 -1.7314175 52.526352 1.1776152 0.2781755328178406 

