Car -1 -1 0 53.50120766672125 188.3678301257502 371.7688605554661 299.34603506373537 1.5051751 1.6305046 4.032739 -5.925804 1.7633475 11.032969 0.080346614 54.56665412545357 
Car -1 -1 0 147.9702623717408 187.97712797141511 407.5069888851087 277.765850881824 1.503818 1.6303968 4.0562243 -5.9934506 1.8020293 13.310745 0.05082369 27.142234834427786 
Car -1 -1 0 928.8649252237548 187.4499910095086 1242.0 320.49251122536526 1.5164611 1.6396205 4.0224876 6.4963055 1.7234147 9.326597 -0.04220472 58.74997187173022 
Car -1 -1 0 398.9533580839566 181.1777633161506 507.2391373535642 220.16934654083792 1.5190609 1.6391538 4.0293183 -6.316 1.8683448 29.384394 0.036714427 14.984328705892851 
Car -1 -1 0 0.0 193.84094699563013 284.6707968817058 334.17035584131526 1.4922013 1.6329366 4.0740786 -6.379285 1.7755053 8.840791 0.041005936 16.33948152021453 
Car -1 -1 0 731.0729001168503 183.4045359406551 882.8240073664854 238.69303739448375 1.5436231 1.6530929 4.0379033 5.7427206 1.8677683 21.31849 0.011344388 55.18106319890512 
Car -1 -1 0 865.3558323113272 183.6356450956335 1160.1316902117526 290.15517851218516 1.5487077 1.6254494 3.865097 6.334688 1.7356722 11.59429 -0.055089287 31.197524953309795 
Car -1 -1 0 222.39078093274017 177.46905851923725 431.4635401194884 251.7663605105954 1.5400304 1.6441545 3.998888 -6.130258 1.6481919 15.990374 -0.04953798 26.71261399602595 
Car -1 -1 0 633.7003335891634 181.87686784677402 673.8107260937201 214.93712533911764 1.4952829 1.615157 3.947736 2.1342556 1.9670513 35.726192 1.5369822 8.243625969003306 
Car -1 -1 0 314.38126757933793 179.88295212933622 466.34680247480884 235.18608112509636 1.5303838 1.6193299 3.928869 -6.3018274 1.7432544 21.015528 0.01350975 9.48585496456946 
Car -1 -1 0 430.89344431656673 177.86613763599163 488.80019723687417 214.08952688813378 1.5085397 1.6130122 3.9427004 -6.690307 1.7490778 32.616367 1.6234529 1.1452629048602112 
Car -1 -1 0 618.2058955601439 177.79634708314651 645.24599520176 195.90446172159412 1.5088599 1.6175225 3.8402786 1.9761064 1.956543 63.30123 1.8081789 1.5849463595418316 
Car -1 -1 0 263.4615116414998 178.5270802373092 439.1046758895105 240.2818993488811 1.497934 1.6129361 3.93785 -6.5243225 1.6502961 18.518997 -0.027025953 1.0255656840016987 
Car -1 -1 0 684.8990935151918 170.03883553420343 748.1950383211398 194.40596102559186 1.5144368 1.6205761 3.884418 6.903542 1.3394718 46.807816 0.80767393 0.4251804053783417 

