Car -1 -1 0 452.84107632545096 186.35156484927822 535.5257783130226 252.48810732070558 1.5098823 1.6059507 3.707931 -3.173471 1.9086952 19.306671 1.2497323 64.23299424556417 
Car -1 -1 0 0.0 180.17429855419553 231.30652655768336 356.42321321675405 1.5548937 1.6299502 3.9745166 -5.7246046 1.6648579 8.691352 1.2014295 85.07269367619226 
Car -1 -1 0 227.44745356958626 188.48892588170483 284.50644774314446 236.9842851819832 1.5325532 1.6196856 3.8574796 -12.777268 2.146531 26.24271 1.179271 28.164754633559774 
Car -1 -1 0 383.03276269776035 183.99222623359879 420.1778636728912 212.8249627645384 1.5177486 1.6200413 3.9508862 -11.956772 2.1931767 41.672348 1.4048471 4.9544317166771386 
Car -1 -1 0 404.6755212471329 185.812590160731 458.96575581946104 228.3389557371513 1.5424664 1.6178906 3.791009 -7.318186 2.1090574 29.487282 1.1826758 15.166465462962007 
Car -1 -1 0 424.6191296571745 185.3606188853138 491.1561082426096 235.75495942308623 1.557694 1.6166698 3.8069448 -5.4054403 2.0337534 25.397133 1.1778623 15.355618946900108 
Car -1 -1 0 255.28835197119034 175.9942802176281 298.4951144309585 212.10658136349005 1.6070485 1.6344814 3.8672378 -15.876951 1.7666464 34.572487 1.2032098 5.556674400254533 
Car -1 -1 0 422.9958398741784 166.40220662522876 447.34237269794835 187.5644622767246 1.5381174 1.6159774 3.9432883 -13.215244 1.0691872 54.561398 1.2892241 0.5131093263626099 
Car -1 -1 0 526.7446212325208 177.88552669879786 604.1842919859113 224.61091246490398 1.5087497 1.6088717 3.8453727 -1.6575681 1.7034132 25.831264 1.180057 1.4218421331629802 
Car -1 -1 0 34.38275739917612 185.170769336331 271.15963692241655 295.87748960862723 1.5222671 1.624028 3.9398632 -7.609789 1.7547969 11.956978 0.5059785 0.5948006195742209 
Car -1 -1 0 350.82541971481237 187.77956994112458 375.9951423229605 206.39645693509706 1.5389104 1.6137341 3.6493888 -22.137508 2.9211178 64.82796 1.0922296 0.7494799372631225 
Car -1 -1 0 392.88653299364796 190.15522430802915 467.57642824445907 259.6491868128911 1.5504982 1.6357423 3.880874 -4.864538 2.0622597 19.243256 1.249201 0.31847475519902724 

