Car -1 -1 0 736.9676415487814 176.7873347395936 929.8174715593724 308.76145616201416 1.4904802 1.6157222 3.8704472 2.9092252 1.5568492 10.2201185 1.5957104 67.51036662482562 
Car -1 -1 0 419.7958220638285 181.93892712080967 507.12681076819507 245.57465734875746 1.4942044 1.6195563 3.9092863 -3.8233688 1.7641195 19.470362 1.5556475 80.09052888544382 
Car -1 -1 0 228.37093358925767 180.41519054116552 464.2242176160372 333.45240866076506 1.5569658 1.6301334 3.9053404 -3.149054 1.6771076 9.499815 1.5860732 92.33299552478407 
Car -1 -1 0 675.2033103828852 175.84027684465585 761.1083351998452 242.6562570508958 1.5258975 1.6098759 3.6085577 2.6708326 1.6097889 18.45494 1.5576029 44.00518375203145 
Car -1 -1 0 646.849064883088 174.24775933909683 693.2289042522978 214.8943762017499 1.514152 1.6251454 3.9336104 2.3669937 1.5740055 29.000164 1.594553 17.33698195724378 
Car -1 -1 0 549.695734659962 176.66530308962282 568.6652937782864 192.71824415735773 1.5659285 1.635308 3.9749188 -5.093237 1.9637341 73.320175 1.5746279 3.4913859358684816 
Car -1 -1 0 450.1936887918008 173.79846086630474 532.782215935632 206.30798498117875 1.59133 1.6446134 3.9014475 -5.8798194 1.6398911 36.234276 -0.02198593 1.6052244090634362 
Car -1 -1 0 665.5331241748454 150.23809268346068 733.5413871527853 175.36348593503578 1.485003 1.5938488 3.8503356 5.4998407 0.1483196 44.087044 0.37156114 0.6145328283309937 
Car -1 -1 0 674.3923967553947 158.69235445183773 747.7329180861334 186.7017482677788 1.5631363 1.6568509 4.096813 5.8550863 0.772809 41.46621 0.18922505 0.3900188207626343 
Car -1 -1 0 642.591661564261 161.19587488112177 701.9003322060684 193.61659001432903 1.4681326 1.5843887 3.3893182 3.0459287 0.94020844 34.54015 2.077354 0.26071643829345703 

