Car -1 -1 0 0.0 185.43023675090276 318.49636797703664 334.6096676321021 1.5120628 1.6449239 4.126895 -5.8104086 1.6777207 8.494029 0.09287283 69.05937187130291 
Car -1 -1 0 747.8767138228782 182.7972974415532 913.9080693869126 297.3674817437817 1.5169284 1.6203784 3.7809303 3.3974657 1.7056849 11.790681 1.5910451 64.88342897279986 
Car -1 -1 0 715.3622930362199 179.96561597046997 820.8367739885659 255.72702578777822 1.5200331 1.6140605 3.7858303 3.5365567 1.7035381 16.725088 1.571096 65.84773111737378 
Car -1 -1 0 201.81191018578568 181.09574545127623 427.2002493556509 257.97652913236175 1.5168546 1.649932 4.1088686 -6.1224656 1.7018352 15.309991 -0.029129637 77.84058867729067 
Car -1 -1 0 676.0004293644281 181.70670891598502 728.6176667777497 221.5148346926821 1.5229971 1.6191016 3.8616219 3.8416567 1.9202724 30.426712 1.5422722 33.08872363291196 
Car -1 -1 0 321.8554437725559 179.15642217270187 475.7859536734857 236.07236662706526 1.5602235 1.6435417 3.9596388 -6.0246906 1.7506969 20.893976 0.04630737 24.544557766984568 
Car -1 -1 0 564.2962647302181 177.63302768118012 584.5539611315417 197.26133129178723 1.561051 1.616059 3.6363366 -2.9017048 1.9714563 60.121956 1.541451 2.9920289811352765 
Car -1 -1 0 473.3275785978281 175.23647567126963 557.2790796341072 208.07692229738063 1.5658689 1.6373783 3.9083126 -4.570369 1.6853673 35.3575 -0.0072977482 3.1761913669924366 
Car -1 -1 0 434.53262749257755 181.99646256140826 515.3126918470571 234.1982640002527 1.5214919 1.6200054 3.929225 -4.5366645 1.8510921 23.892664 1.1102959 7.081549432945509 
Car -1 -1 0 466.73094051547645 181.54873782904826 514.1953584009979 225.05929553698624 1.5077364 1.6244727 3.955014 -4.671021 1.8698726 27.947947 1.3588077 5.361924468470338 
Car -1 -1 0 442.30981187562264 183.7351041466507 544.3898756943538 223.010847342741 1.5399027 1.6184956 3.9055467 -4.8529177 2.015417 30.262463 0.25130495 1.2964601829657356 
Car -1 -1 0 309.9528870567985 162.27707443750802 363.9624852716327 196.94991523612208 1.4964322 1.6065811 3.8882716 -12.4632225 1.0399464 33.19155 1.40303 0.43131282925605774 
Car -1 -1 0 380.90197920770197 176.9065282677573 505.9156077986718 223.2515013219883 1.5651033 1.6475916 3.9986815 -5.803275 1.7134082 25.467964 0.057436347 0.49784488960215173 
Car -1 -1 0 704.6022061156784 172.73644731706577 781.657501926178 201.06323381454044 1.530297 1.6552651 4.126787 7.3594065 1.5239463 40.06925 0.13077644 0.5756222390253645 
Car -1 -1 0 522.0765091468953 176.73992145014145 577.1211915817785 197.3642831988792 1.5060244 1.6294849 4.0322742 -4.4465766 1.8012205 53.91835 -0.03949689 0.549423768457682 

