Car -1 -1 0 485.6175035014651 190.83880705147922 544.2093784441175 238.49642476135884 1.5354773 1.6273335 3.9373007 -3.4240808 2.2504804 26.711288 1.5775955 52.71120473691247 
Car -1 -1 0 663.9512812053896 161.17852724817814 726.5266636825139 185.15091128026972 1.5584118 1.6453824 3.9430943 5.6321917 0.7994051 47.73046 -0.00080734864 0.8901181817054749 
Car -1 -1 0 0.0 118.59349950386462 284.3929252001812 266.1292064144892 1.5122979 1.6125739 3.8980203 -5.98396 0.9561068 9.380459 1.6173478 1.194789130799744 
Car -1 -1 0 649.068224934917 192.14510072363947 675.86504286067 219.7580700272747 1.5663862 1.6207094 3.8198633 3.3687353 2.839789 45.656918 1.6555737 1.0668299718496965 
Car -1 -1 0 673.0296407994231 185.05150915332158 725.3001615783601 234.84898632890634 1.6322998 1.6310492 3.8838499 3.2318177 2.1154675 26.601372 1.6207049 1.9790968739785753 
Car -1 -1 0 804.8546733502577 163.75531788037233 943.5973174985694 218.537276134009 1.6622641 1.6744763 3.8687987 8.321051 1.3861802 22.965979 0.12515628 0.349046915769577 
Car -1 -1 0 544.670779598567 193.94263927823746 582.5456444395971 231.79750439747227 1.5607274 1.6339595 3.9522128 -2.1109993 2.6119642 33.970543 1.5443342 0.5761953515316766 
Car -1 -1 0 776.6052630275813 144.4037932152606 809.3461860806102 166.24796586522586 1.4996986 1.6238663 4.0034986 13.382622 -0.5024533 52.828682 1.6372787 0.3304465711116791 
Car -1 -1 0 633.8140314153144 197.51810480733002 660.6223188298969 214.93029224180142 1.5062506 1.6340873 4.0824428 3.7279387 4.0022006 70.824486 1.8827091 0.298593133687973 
Car -1 -1 0 986.5027993774241 218.5697038496721 1242.0 372.7294482396538 1.5574454 1.6149834 3.9592485 7.0879617 2.3627732 10.620035 1.7471188 0.269599974155426 
Car -1 -1 0 507.0982320940752 196.19833112699092 552.1308843990918 226.55837909203123 1.5544312 1.6275709 3.9240577 -4.617898 2.986216 42.187595 1.7309641 0.2534530758857727 

