Car -1 -1 0 63.94145417999204 190.23751445292075 345.74783032649265 338.4088688601351 1.5076376 1.6199155 3.9047065 -5.088887 1.7896408 9.752451 1.5704174 102.04565771779784 
Car -1 -1 0 460.5118048927385 180.52971005789252 524.751743111501 222.70204084059603 1.4995123 1.6206927 3.9225368 -4.519202 1.8231702 28.407333 1.6472096 47.90670483183698 
Car -1 -1 0 669.3694970683106 174.12859139332932 710.4425695438279 214.8991936268263 1.6022522 1.6155272 3.46029 3.3629446 1.6589255 30.27565 1.6782887 11.40237672516014 
Car -1 -1 0 231.83238001312364 133.64521727942784 393.01197425177844 232.03418026346716 1.5282047 1.6198899 3.9600751 -5.5664597 0.9192029 13.245829 0.87464094 1.0074449083085646 
Car -1 -1 0 917.4905185323948 138.5663510872529 1158.4213083829652 219.3267103819499 1.5208879 1.6235934 3.8443809 8.422017 0.87517905 14.418513 0.009717319 1.592159720910784 
Car -1 -1 0 558.3559269570341 144.04836656403828 589.418179965948 162.86419615688996 1.5472211 1.6335227 4.022816 -3.1148858 -0.91262126 63.765793 1.8191336 0.8030416342785098 
Car -1 -1 0 502.21724938852094 176.42052602712016 538.281844110577 201.38130824795124 1.5511544 1.6182859 3.809846 -5.8165245 1.7949662 47.362537 1.6495411 0.2963343560695648 
Car -1 -1 0 685.2687395372182 175.22499245929876 727.0580743815791 204.9795076156744 1.5347793 1.6218779 3.8712947 5.3537345 1.6719129 39.641758 1.880166 0.26383501291275024 
Car -1 -1 0 253.06234343482234 141.09044241754853 357.8096836499707 208.66894425583035 1.7130322 1.6600056 4.130287 -8.459104 0.90786487 20.439524 1.4511905 0.25620996952056885 

