Car -1 -1 0 184.1184054919066 189.19054365240365 281.73133605268856 235.79613601940753 1.5032809 1.6213101 3.9319067 -13.775373 2.1515121 26.64719 1.5487964 70.19113953743906 
Car -1 -1 0 429.32460632787854 185.38801710404275 455.9564079515101 205.1674703174872 1.5220784 1.6265686 4.060469 -13.905079 2.6055145 60.27443 1.480879 0.9770909543736116 
Car -1 -1 0 646.513827297457 193.08434407917056 702.9355371083759 238.7689175387734 1.5070828 1.6164142 3.839585 2.4099672 2.3329349 27.496206 1.5194668 0.9792279296494525 
Car -1 -1 0 719.140922805519 178.42498053711776 775.9934665292528 220.66475398959932 1.5974604 1.6312371 3.8530467 5.610269 1.8419236 29.729834 1.5780326 0.9649028169584885 
Car -1 -1 0 769.71961710998 183.57297668685408 828.8891144679338 217.75300910906222 1.4927179 1.600004 3.6579874 9.024473 2.034691 34.5902 1.4827937 0.4312417507171631 
Car -1 -1 0 133.3311799700315 188.58712011103432 204.43571547064383 220.05746632905877 1.4961628 1.6048024 3.831065 -23.24818 2.3723643 38.223392 1.5108613 0.3492348790168762 
Car -1 -1 0 293.779417385015 199.5988371830373 361.14431701363384 245.0477001314471 1.5214007 1.6213936 3.9484553 -11.106375 2.6601496 28.654308 1.4317718 0.2923981547355652 
Car -1 -1 0 641.9254589343145 186.1659653319197 677.0495864056953 220.45965072590366 1.5038719 1.6157745 3.8526373 2.4770947 2.1896968 35.180744 1.6629333 0.28702831268310547 
Car -1 -1 0 0.0 189.9544040677872 79.63161545069944 232.86084775130396 1.4699836 1.622554 3.982703 -23.031626 2.1906648 28.374842 1.5146708 0.27558794617652893 

