Car -1 -1 0 23.879926079478032 190.06516612327286 279.244062851804 323.0865902119603 1.4941576 1.6177554 3.820805 -6.1232696 1.576613 10.2215605 1.4371792 88.0202525937975 
Car -1 -1 0 252.21310627549468 185.7217165628525 372.73663363642277 260.1270661766628 1.5023885 1.6149621 3.8412673 -6.6161733 1.5154485 16.54777 1.4474412 71.14524432050005 
Car -1 -1 0 584.1669599765602 182.20869369403852 675.8737378802248 253.58251451229563 1.5345272 1.6127324 3.669209 0.44336528 1.469877 17.38458 1.4306138 89.2427433148966 
Car -1 -1 0 483.40628217131257 180.65053676011195 530.7596317332126 225.21965839232496 1.530061 1.6186154 3.6819334 -3.737457 1.3733387 26.623074 1.4141228 36.17519071859747 
Car -1 -1 0 330.58275509501306 183.50664272668416 403.8234869101179 231.04917826135465 1.4970069 1.6217613 3.9386344 -8.137048 1.4431926 24.686409 1.452492 28.52425808427285 
Car -1 -1 0 0.0 166.8406802917781 181.52543845639374 254.2130196167896 1.6139445 1.6464999 4.022931 -10.897174 1.2745206 15.383629 1.4340786 24.03185743315842 
Car -1 -1 0 396.16595733111717 181.8228109949944 436.2221390245989 214.2386209816167 1.5632288 1.6364511 3.975902 -9.709871 1.3996093 36.764782 1.3991952 8.440342964863607 
Car -1 -1 0 471.28257665846724 183.38676474245423 511.5688595897166 215.12514694085496 1.4837856 1.6010753 3.7082462 -5.6646914 1.398282 35.50522 1.5114627 2.3690499231559277 
Car -1 -1 0 228.20974333331068 182.7980843757667 312.2756125130698 231.8119950299145 1.5576462 1.6303252 3.9387217 -11.559727 1.4808152 24.920677 1.4075365 9.647913759612823 
Car -1 -1 0 284.78986296616455 172.4750846126548 340.0346638271452 209.14233026915258 1.6419816 1.6655577 3.9906943 -13.986323 1.0714492 34.305393 1.3855815 4.905049372395285 
Car -1 -1 0 518.2917571106851 184.33846557756198 597.2952592566711 259.9246627952061 1.5587964 1.6332769 3.8511057 -1.1834915 1.5407054 16.812836 1.4856348 0.8647879773851721 
Car -1 -1 0 375.9232647424301 178.43197309738878 402.20853504798527 198.41105599016734 1.5772803 1.6246529 3.7933612 -17.793646 1.0417284 58.761623 1.3931105 1.7153249419228491 
Car -1 -1 0 529.0737032062543 182.80001637574708 552.5758656468134 201.77105887432847 1.4772967 1.6147966 3.885025 -5.386427 1.2891848 58.026306 1.4070053 1.7937361481398284 
Car -1 -1 0 0.0 148.98133369621917 108.70888803000513 213.08226027964224 1.5993166 1.6319218 3.8927603 -15.793894 0.69527006 19.980886 1.4227545 0.861130591141098 
Car -1 -1 0 491.7281655321373 158.7077048500772 517.9046063246134 182.64534156924393 1.6272311 1.6365049 3.6645675 -7.25258 -0.18972963 51.167595 1.4868904 0.6458232366687304 
Car -1 -1 0 385.951108244466 200.887830428858 441.4066746999334 244.65871916597527 1.5286406 1.6165733 3.8630905 -7.781835 2.199954 28.69828 1.1683953 0.31227970064588884 
Car -1 -1 0 394.8010120541381 180.85119322152644 464.69552449207515 205.66750719579477 1.4912622 1.6149971 4.029648 -11.03447 1.2289903 44.704567 -0.3862729 0.26711103320121765 

