Car -1 -1 0 462.49172708082557 183.0901437929928 494.0128911604682 203.1662535001082 1.4829075 1.6193737 3.9379058 -10.393701 2.3248837 57.345318 1.617967 3.0618917867830064 
Car -1 -1 0 266.5343288645769 203.44191585608957 294.08222705844724 222.83608679052696 1.5285791 1.6174018 3.8276076 -29.80537 4.3882694 65.40296 1.3213153 0.7784025151040506 
Car -1 -1 0 613.7864945209714 180.17089684135223 658.68140007071 209.63999616951162 1.4952507 1.610604 3.835875 1.4128122 1.9181466 39.663143 1.3707476 0.5745276628111895 
Car -1 -1 0 633.0930438927214 184.97059292663906 686.7470786928725 220.31328540133848 1.5956458 1.6263026 3.9241552 2.4552047 2.2370358 36.102413 1.3512172 0.35405683517456055 
Car -1 -1 0 549.6116141449277 184.04650315413505 569.4063171390106 200.20439004518025 1.4858177 1.609176 3.7187042 -4.950887 2.6181977 71.03579 1.4095076 0.5703746052600432 
Car -1 -1 0 206.30667728723193 196.0899063027831 278.130464596865 229.43717481757707 1.5232705 1.6234168 3.8584557 -19.088339 2.800096 37.67759 1.6263233 0.33515360951423645 
Car -1 -1 0 302.32618516114525 179.9686829399772 433.6914876282182 228.70957367127144 1.5700879 1.6479824 4.0115047 -8.148911 1.8236184 24.63462 -0.13011356 0.5363778197613384 
Car -1 -1 0 0.0 223.43878656284573 82.5237157473018 264.5456206445334 1.5295081 1.6182208 3.9067867 -26.816408 4.045904 33.865818 1.4650631 0.28610777854919434 
Car -1 -1 0 683.0498545146911 180.5207605846039 759.9258873739291 227.02311328610938 1.4879063 1.6171541 3.8330355 3.903809 1.7832086 25.772074 1.4134098 0.27509674429893494 
Car -1 -1 0 753.682391193012 182.43462582109015 783.5233366071816 205.3633100101348 1.5044191 1.6185429 3.7730603 11.186428 2.2066905 50.93334 1.6681705 0.25562283396720886 
Car -1 -1 0 596.9561137591402 184.0943307204833 635.2172959460072 210.19426132192677 1.4734635 1.6224539 3.9504192 0.35632154 2.2012944 44.628574 1.3822368 0.2552899122238159 

