Car -1 -1 0 0.0 192.12433320898415 176.83096598332233 269.55882852592924 1.5269482 1.6238388 3.9105878 -12.331415 2.0387795 17.188143 1.5975634 92.32117662156038 
Car -1 -1 0 419.7571188945689 183.68881166032446 465.7767520972096 208.84545470036772 1.4940348 1.6215363 3.9339347 -10.731797 2.2258706 46.679634 1.7027619 4.692857155437451 
Car -1 -1 0 166.04297488802067 184.56382441131728 248.73265943382705 231.60013847936182 1.5427744 1.6156956 3.8820403 -14.798846 2.0106692 26.763233 1.3586923 2.5800380563412704 
Car -1 -1 0 10.708702308077944 135.60551597280428 164.34558312724573 191.3913615794329 1.5022503 1.6250095 3.932355 -15.293261 0.49919027 21.422977 1.6049496 1.2534089415911092 
Car -1 -1 0 436.69948934148096 188.1112876257444 495.3577064037945 227.56750158126508 1.5241017 1.6133184 3.8392262 -6.1583548 2.22823 31.342054 1.6202327 0.41586530208587646 
Car -1 -1 0 353.4237046550316 174.9140728343466 455.82639280976196 229.8421121006807 1.4919014 1.6134555 3.8738136 -6.052117 1.5598041 21.765928 1.6862413 0.9828972737413518 
Car -1 -1 0 268.13231273811795 180.45006178642848 339.6655175633593 214.8721083891744 1.580524 1.6315733 3.891223 -15.172962 1.9810942 36.034515 1.6670896 0.468973261538005 
Car -1 -1 0 583.7528794755839 179.67924942143486 651.0223809783911 205.16218802589754 1.5348272 1.6439103 4.0369773 0.46021566 1.9705255 45.033985 -0.10360403 0.2895728051662445 
Car -1 -1 0 255.14868553348512 140.1194288066675 346.4522340301335 171.16262109870846 1.5397861 1.6433041 3.9546514 -15.6888485 -0.08828777 36.774677 0.034087013 0.2677634358406067 
Car -1 -1 0 241.71754532485122 171.01603566577856 389.1325338170397 253.0260288124508 1.5146694 1.6148084 3.8900416 -6.032287 1.4807234 15.2897625 1.5473094 0.256083607673645 

