Car -1 -1 0 864.7167501453855 161.73652829444404 903.3968407055044 183.41364677562922 1.537703 1.6273744 3.992754 20.199453 0.7490661 53.240765 1.6542677 2.2585541041118935 
Car -1 -1 0 240.42777945820148 178.84059141803863 318.33834917633203 209.04589660154267 1.5073588 1.613621 3.965438 -17.748522 1.8484781 38.982864 1.8614936 1.3389866328730575 
Car -1 -1 0 518.1888367295203 173.30752380796363 539.8042589479503 193.0511976059294 1.5436716 1.6420445 4.1107845 -6.5144997 1.5818543 58.62944 1.48491 1.164828254150918 
Car -1 -1 0 95.21682834406296 190.7335280997805 156.97103425773622 215.83981904981306 1.4826235 1.6264297 3.921435 -31.727688 2.7089348 47.479614 1.5066233 0.7344496661141523 
Car -1 -1 0 434.43174425293364 174.4222791833408 493.2006446093305 203.7979038246696 1.5088053 1.6147599 3.9356275 -7.8863144 1.5989919 39.38902 1.8140714 0.3881071209907532 
Car -1 -1 0 594.4485985989685 136.60311865139033 633.2502600517312 163.7890593619544 1.5067372 1.6172856 3.8992627 0.3053807 -0.57180256 43.442368 1.7700202 0.8143438537394888 
Car -1 -1 0 463.35855028496934 173.60708939577714 509.46952982457753 198.32734233191013 1.5461259 1.6119404 3.7837808 -8.016756 1.5975912 47.280716 1.8088888 0.5680015131082206 
Car -1 -1 0 245.40000276065382 184.6742365283903 322.91888836135695 218.17992756618597 1.5204461 1.60667 3.927189 -16.267006 2.1488452 36.283157 1.7514081 0.3190504014492035 
Car -1 -1 0 2.708292050024159 190.20140817094114 86.89671397930992 219.99914525638584 1.5011306 1.6189262 3.8809414 -31.668585 2.5245605 40.60267 1.6026559 0.501145815295373 
Car -1 -1 0 426.4179904443151 175.96857822005245 496.55680572672054 203.41812055817826 1.54765 1.6386262 4.080089 -8.815301 1.7403502 42.863476 0.56047356 0.252921462059021 

