Car -1 -1 0 204.35671937324207 172.7149360937319 510.2312279332492 307.9952884866238 1.5249085 1.6181761 3.899301 -3.3586369 1.4370792 9.547569 0.45070493 7.530674077018438 
Car -1 -1 0 320.11790124913057 162.5616202427613 397.90361097218624 233.5657913921853 1.5422668 1.6223313 3.8508277 -5.969394 1.1524875 17.437527 1.2672286 2.808802166868961 
Car -1 -1 0 577.4159745662979 151.16869933154692 631.5594637855827 191.68896790411839 1.5647262 1.6154096 3.5002756 -0.04340881 0.43181682 29.172247 1.3856692 0.818217966554404 
Car -1 -1 0 200.9763328398428 164.08681435815117 448.1588202365285 261.7260546822917 1.5280495 1.6205028 3.8770633 -4.8731117 1.2710805 12.414514 0.30141938 1.1815391219217886 
Car -1 -1 0 1072.622344036594 117.51454010565861 1242.0 171.66658567971487 1.5187163 1.6345586 4.083712 16.57276 -0.27886546 21.24062 -0.124136925 1.0319665105972635 
Car -1 -1 0 221.90984459919466 152.60527210520482 450.01569743972647 233.67168344161243 1.5327251 1.6327907 3.9947357 -5.266179 1.0051937 14.271608 -0.043971665 0.333918958902359 
Car -1 -1 0 16.023213180161587 155.91803819497397 157.13511708203671 200.11629341453434 1.5424411 1.6201162 3.8409276 -18.822681 0.68434346 25.881435 -0.21824896 0.26877033710479736 
Car -1 -1 0 350.1917934548928 137.66286845700554 384.5329106870752 169.71114759945925 1.6642699 1.6374246 3.811474 -13.394001 -0.64446527 40.15515 1.3040597 0.25326254963874817 
Car -1 -1 0 390.3521166164646 144.19312793360422 424.77575365255376 176.0716313050958 1.514955 1.6126201 3.805632 -10.031923 -0.23998797 36.215126 1.3142507 0.2517421245574951 

