Car -1 -1 0 331.8837540265571 178.05229706279616 411.9749225038124 222.27151048374762 1.4870229 1.6188264 3.92914 -8.445756 1.2461289 26.1404 1.5730611 14.04542459746956 
Car -1 -1 0 55.21792968497218 192.2746526675307 358.90674723434586 350.4792113558927 1.4958054 1.6161467 3.8020687 -4.537781 1.6016372 8.872115 1.5762128 85.27513587865711 
Car -1 -1 0 581.1516267757302 179.15664399732083 658.9556777211716 252.75936154621144 1.5226197 1.6096535 3.5252025 0.26954484 1.397276 16.635197 1.5728111 35.60870786398985 
Car -1 -1 0 361.34310756376135 181.8038378462181 469.20220061270123 254.2653037204947 1.5184097 1.6253546 3.9257088 -4.4032936 1.4469151 17.05167 1.5382719 73.91407911256314 
Car -1 -1 0 51.69637771898642 186.35783065078306 258.52015818475275 278.3884473815304 1.5032713 1.6145195 3.8246386 -8.351806 1.5281428 13.722071 1.5456853 42.9406976979801 
Car -1 -1 0 212.23340582446545 181.14291551352136 305.9831285220147 226.23979192006112 1.494935 1.6146119 3.8443434 -12.356015 1.3599247 25.779995 1.5343133 19.648259744440846 
Car -1 -1 0 223.94810789509495 177.69350436163967 263.6461345560431 196.93553797751255 1.5682437 1.6374669 3.985758 -30.601213 0.9551779 60.646675 1.4794779 3.2835099724679577 
Car -1 -1 0 668.8579071085231 181.00256161284446 699.69107449309 199.6632595895309 1.5108869 1.6189212 3.9815707 6.50515 1.169765 60.351547 1.9334702 1.9968886591636719 
Car -1 -1 0 280.05230979939915 168.2271038802408 381.94349622825644 205.6975840451127 1.5943025 1.6420887 3.863862 -12.052331 0.87146795 31.545784 -0.07298438 1.9706445582771506 
Car -1 -1 0 503.73163356327365 179.1996574188193 553.4635000082528 219.5755264615298 1.5535269 1.6225877 3.843994 -3.1678514 1.32205 29.581957 1.571798 1.3408838984658442 
Car -1 -1 0 454.61029760818917 177.82309799669557 522.8373410708841 224.86937043949453 1.5523968 1.6227021 3.924812 -4.147366 1.3084614 25.719055 1.6184064 1.9515573912490494 
Car -1 -1 0 541.766202665904 158.7012601069575 565.8483776254972 181.91080685047334 1.870297 1.6795484 3.6375744 -4.5141935 -0.28663743 60.41291 1.4012948 0.38090282678604126 
Car -1 -1 0 513.3853861165393 159.0515820231123 531.8296436161696 176.60228720762836 1.6899409 1.6326729 3.5756822 -8.547639 -0.89472055 72.84232 1.5171343 0.3298349678516388 

