Car -1 -1 0 605.5673353158434 167.96267164370414 639.5322838977199 199.61355119025595 1.5181975 1.6296029 4.132435 1.1265395 0.86826706 36.54661 1.6014739 9.15154437349916 
Car -1 -1 0 1039.0521181061913 172.0663259069293 1242.0 299.33615706973035 1.5643864 1.6206262 3.8454654 8.486248 1.4482787 10.79923 1.6332177 7.979318687060903 
Car -1 -1 0 943.7992699219224 158.94497178085817 1240.309149393771 318.1025983963221 1.558823 1.6232159 3.8143563 5.7783594 1.3377948 9.049665 1.7348906 6.464097376293875 
Car -1 -1 0 901.2375551959924 193.71502235957055 1043.9416126769308 310.63350750882586 1.5715683 1.6266444 3.9324145 6.1226506 1.8153173 12.2238455 1.9097615 3.8167847498736647 
Car -1 -1 0 1133.5394092245945 111.3887900227153 1242.0 190.2338617725758 1.5346192 1.6141014 3.8583536 13.580877 0.16975594 16.070107 1.9175389 0.9726082231215696 
Car -1 -1 0 666.3335985824443 153.1848506070841 714.1242822348861 197.24917044895955 1.6571106 1.6384623 3.8536174 3.559125 0.59181416 28.980911 1.622747 2.487739983274632 
Car -1 -1 0 329.3976216987081 138.28974945558537 431.8858823779261 185.66695696393683 1.499374 1.6094215 3.8333638 -7.4662733 0.13148779 24.791515 1.82668 0.3964804410934448 
Car -1 -1 0 844.3914513634484 163.18889114660155 1075.80993110868 251.296368397914 1.570883 1.6372447 3.9069982 6.9809175 1.2441936 14.052694 -0.2317256 0.9597382079504501 
Car -1 -1 0 399.0632124579095 178.50595293577842 488.6162310774861 224.7075773373034 1.5858383 1.6265815 3.865121 -5.724946 1.4826508 26.737503 1.8472165 0.29529649019241333 

