Car -1 -1 0 250.01006482905453 191.83920293567203 422.51705833565717 302.7086665909448 1.4902487 1.6179068 3.9238768 -4.449401 1.8683934 12.376614 1.5278208 110.68385586402863 
Car -1 -1 0 683.4128775191394 176.20337921661013 757.9702663465995 236.5035667423996 1.516773 1.613848 3.7935395 3.0246544 1.6198287 20.281635 1.5994341 41.119975179869286 
Car -1 -1 0 728.7949999338887 173.51221927061 888.2937665796032 284.6789881741491 1.5181855 1.6103092 3.6385996 3.0252247 1.5305259 11.701577 1.579244 66.96172800017875 
Car -1 -1 0 372.33689601953733 183.56551062225236 477.5278362398039 258.53029117524824 1.58383 1.6247373 3.8536086 -4.3957663 1.875728 17.729654 1.5632429 75.85230087763708 
Car -1 -1 0 436.3624170267239 183.0157483308803 517.2583614540408 237.37485282874755 1.5429548 1.6285408 3.9522855 -4.173582 1.8992214 23.267921 1.6417491 19.42913057490216 
Car -1 -1 0 669.0519052081464 175.09921290733487 730.1035462678847 220.62553812839582 1.5162278 1.6153138 3.8754177 3.1861825 1.60382 26.18663 1.5386692 10.313815434281944 
Car -1 -1 0 584.4751405418472 177.8303181012447 607.2051670677431 193.12305950592813 1.5003304 1.6294093 4.122489 -1.4437146 2.028432 74.38993 1.3712822 0.8384183489971225 
Car -1 -1 0 543.6599173647453 179.737129256799 563.7892818177985 195.1282902027508 1.5340421 1.6097373 3.8031344 -5.8242083 2.2737634 75.598755 1.6273857 0.8948738979033765 
Car -1 -1 0 628.8385874859118 175.45888521402088 657.3551007863517 195.8002726256714 1.5036095 1.5915049 3.4041812 2.6155643 1.7111461 55.64645 1.8043228 0.4191249907016754 
Car -1 -1 0 624.7467455167313 176.3329313745703 686.8559936857922 223.23789917693279 1.5266494 1.616587 3.9008756 1.5734092 1.6607916 25.802645 1.4750476 0.3714887797832489 
Car -1 -1 0 634.1828646850505 144.15818891247167 676.4569716761072 184.08665335697006 1.6418864 1.6191714 3.928941 1.9488537 0.4618944 31.637705 1.5746424 0.34346604347229004 

