Car -1 -1 0 514.9040642116864 174.68804632757275 548.1458225514258 204.4722697322794 1.5180838 1.6120615 3.6133857 -3.84452 1.2215153 37.88793 1.5132556 19.222799811212667 
Car -1 -1 0 942.0205289338201 144.2855522148003 1088.7798366435452 191.40872259920255 1.5321311 1.6407084 4.0314717 13.815432 0.35446405 23.881647 -0.036376648 19.372588656862437 
Car -1 -1 0 218.14704929684484 132.21779388232844 302.16098425352527 169.25950113702223 1.4621646 1.6052748 3.8055854 -15.000959 -0.52532494 31.06278 1.6522231 1.1740887833832077 
Car -1 -1 0 596.2504650224346 174.20334729368292 623.6780321888425 197.99386110862665 1.5345302 1.6173325 3.9110222 0.4329208 1.1279588 47.611717 1.6385721 1.2098059077045218 
Car -1 -1 0 642.9046469732665 171.5680296862122 676.315562832295 197.55322547954924 1.5683666 1.6161554 3.4200902 3.4506803 1.0288684 44.43481 1.5042014 0.7701435714329864 
Car -1 -1 0 1108.541556594327 153.53629005189913 1207.740002157729 196.1167736133474 1.5819643 1.6251038 3.8794458 22.062279 0.5799541 28.339643 1.7930261 0.3623429536819458 
Car -1 -1 0 358.87225315980186 186.31495304320936 423.40703233231346 209.72142676678914 1.5052373 1.6223874 3.9519937 -14.422284 1.9123206 47.91784 -0.4831726 0.3221950829029083 
Car -1 -1 0 1096.2681562756893 124.10360815219082 1193.171693927765 162.70151953225286 1.5222633 1.6083473 3.9630065 24.193014 -0.85296154 31.82329 1.6648313 0.2730979919433594 
Car -1 -1 0 29.41214393912066 156.31971644949056 87.9191988549863 182.42623053573328 1.4928341 1.6187447 3.818386 -32.697304 0.10976875 42.498 1.2488463 0.2515479326248169 

