Car -1 -1 0 557.4500745438091 208.39220394615776 599.4749387663896 244.04775668577471 1.531415 1.628756 3.9221067 -1.5429506 3.4570923 37.067215 1.6668495 26.85771064479342 
Car -1 -1 0 713.3142475758802 194.49725383898814 777.9953538951928 252.1457359685624 1.5761554 1.6261082 3.889766 4.2920175 2.3329897 23.230436 1.6463894 5.320734757385731 
Car -1 -1 0 453.3978053794437 217.3711969958973 551.7156839278472 256.01915260892486 1.5174168 1.63728 3.9856215 -4.6289473 3.5217276 31.520191 0.07508059 1.3136589032528985 
Car -1 -1 0 688.3533608342677 201.24343413846213 727.3916207659494 237.28065215520377 1.5792267 1.6355176 3.8486285 4.943493 3.0992222 36.67055 1.618641 0.9844677617557658 
Car -1 -1 0 1052.3407670406698 198.37145951879492 1242.0 273.99090687381965 1.561148 1.6170709 3.8072171 13.376833 2.2618823 17.975502 0.6935056 0.6127408332549348 
Car -1 -1 0 585.2509490767823 197.2791332019237 615.9157563726974 219.71859884953315 1.567733 1.6191316 3.8314035 -0.74379224 3.5641947 56.926098 1.337501 0.700891748547598 
Car -1 -1 0 682.6815788087672 198.48271315560655 717.696362593149 226.82363581404422 1.5267305 1.6137999 3.897062 5.526429 3.1724095 44.3723 1.5572082 0.3670157194137573 
Car -1 -1 0 721.466512657259 191.2676432415046 824.2129549173675 269.4577714844497 1.5803015 1.6289315 3.8472402 3.8045926 2.074042 17.419157 1.576267 1.0811228757339486 
Car -1 -1 0 692.0007057824868 182.8012975832011 716.5685846796187 203.2373023940097 1.5492307 1.6153908 3.7153745 7.7250786 2.385033 58.6326 1.8016653 0.3055535852909088 
Car -1 -1 0 691.1482042154823 203.18165745985812 741.0026052854126 250.45803594164852 1.5388776 1.6291459 3.934616 4.0782604 2.8048444 28.098846 1.642025 0.5488966044583873 
Car -1 -1 0 850.0655036707009 200.16978932265292 985.5306600447024 298.00740981860116 1.596415 1.6281102 3.9449818 6.212434 2.2424705 14.996849 1.7140402 0.2511601448059082 

