Car -1 -1 0 347.0024316084007 186.3586471499844 412.4373334538192 221.743894909803 1.5195985 1.629535 3.9877534 -10.93216 2.205385 34.5944 1.6414089 31.762653480125007 
Car -1 -1 0 597.8972957869737 178.2428772815297 627.9240009844609 203.77953456925252 1.5249441 1.6271279 4.0451827 0.254515 1.8843588 46.04415 1.6479994 1.5390095649746394 
Car -1 -1 0 57.61674843753358 184.15256492189178 179.9069609788968 240.60990429676767 1.5271157 1.620072 3.9485092 -15.078375 1.9108186 22.426056 1.411799 0.7753763183614596 
Car -1 -1 0 188.64414835717972 182.5287793230266 278.8905614551543 224.00237270217738 1.5640919 1.6274486 3.9086976 -15.565203 1.9944847 30.117046 1.6054007 0.6099147534554992 
Car -1 -1 0 658.7399080307473 185.2628049413911 692.6300128021219 208.71887788135626 1.4889861 1.5948445 3.7516773 4.52478 2.3795142 49.826687 1.4555763 0.37168288230895996 
Car -1 -1 0 424.5105101522165 179.11642213799252 485.2977349648952 228.43805647176268 1.5030195 1.6239263 3.982283 -5.1814513 1.734298 24.580101 1.4626591 0.3640802204608917 
Car -1 -1 0 346.0052388671573 176.86201207865406 435.4231222011106 228.74538830375394 1.5294795 1.6246059 3.9341316 -7.028167 1.6714575 23.568686 1.6010919 0.30863457918167114 
Car -1 -1 0 409.8400491553147 177.22751903796006 483.1508747032542 217.1784898471613 1.4944167 1.6190354 3.958325 -6.577333 1.6859114 29.518377 1.7135663 0.3008340895175934 
Car -1 -1 0 331.0048903776423 175.31965044465906 423.50670694643014 238.26137542694048 1.5374483 1.6019963 3.7153127 -6.2171545 1.6112933 19.692314 1.4881761 0.2979074716567993 
Car -1 -1 0 183.42123879042592 133.8651387064762 295.80396454469604 170.90676225989714 1.5418665 1.6546038 4.0794764 -15.937546 -0.086930275 31.177185 0.10383537 0.2865583300590515 
Car -1 -1 0 448.63935254942623 172.66476227029932 503.077072164735 205.59686267657628 1.5661623 1.6257538 3.9453058 -6.6677694 1.5571625 36.364536 1.6810862 0.2578042149543762 

