Car -1 -1 0 86.06000674030513 194.78016284682272 313.97184412372354 313.07054571485094 1.5231854 1.6258107 3.9816396 -6.520627 1.9504073 12.04771 1.544973 98.32921474158051 
Car -1 -1 0 468.76466274927054 187.11538415809454 530.977143061746 233.59953453244484 1.5068506 1.6245229 3.9936388 -3.9634557 2.0730205 26.634056 1.5881842 67.30499700900478 
Car -1 -1 0 345.8461284810408 192.3445442706703 435.7409726080515 247.68084929016462 1.5009952 1.6165079 3.8791711 -6.8238144 2.1724107 22.90189 1.5888268 37.29218822452047 
Car -1 -1 0 626.907807807028 179.33739229437 657.4654391810005 205.01602829100494 1.4756991 1.6198682 3.8956618 1.9679334 1.8925269 44.42334 1.5483516 11.756449728284528 
Car -1 -1 0 509.7813196022777 185.25803182665746 548.8425463158292 217.19276456779411 1.5199602 1.6133113 3.8960185 -4.151671 2.203333 37.803513 1.5707744 3.900023434408225 
Car -1 -1 0 708.9062362887769 170.30373481512888 756.0379116006595 198.66263482825892 1.5093448 1.6193609 3.917658 6.82664 1.3736119 40.432655 1.4701391 1.2355098982740638 
Car -1 -1 0 781.0846111167599 163.85143313036926 806.5567356370061 178.65564192530627 1.52441 1.6215414 3.917574 19.443695 0.59740275 76.2726 1.5504797 0.8072800875792531 
Car -1 -1 0 454.52146013190907 188.79034876561462 487.75058246569586 221.04162380926223 1.49652 1.6146927 3.9631422 -7.209277 2.3743405 37.648308 1.3861831 1.211158026903253 
Car -1 -1 0 707.1324579130355 175.03253508165037 791.0908097339133 205.2219610217436 1.5300992 1.6369699 4.0097675 7.260582 1.6470556 37.72607 -0.09780743 1.715721532041862 
Car -1 -1 0 260.2224800406738 194.66547381733022 416.5616155749841 254.596356832023 1.4871686 1.5985473 3.9046428 -7.551157 2.1360183 20.159477 0.27831912 0.8231848056750848 
Car -1 -1 0 886.4385287028234 144.64441479229973 935.8835557970956 168.90437914164622 1.5286014 1.6149776 3.7307713 19.990643 -0.27298075 47.974968 1.5330136 0.35670843720436096 
Car -1 -1 0 685.2717650899662 174.8646272967348 769.7653531199871 205.2808309701189 1.5429225 1.6585606 4.1050687 6.103869 1.6502124 37.610825 -0.030516835 0.34265449150413074 
Car -1 -1 0 1048.9036184226877 127.49099478568014 1154.138133344874 159.37615061154412 1.48413 1.6209694 4.0428224 24.492168 -0.69878495 36.06532 0.28386202 0.3278254568576813 
Car -1 -1 0 271.6737358955776 190.40504067310556 367.7151458864934 225.20767628846133 1.5436218 1.6226587 3.834004 -13.48971 2.3841681 33.70707 0.019466706 0.293511301279068 
Car -1 -1 0 751.8275826204484 180.62189063057247 887.5432871190743 234.95243327301796 1.5722013 1.6241693 3.8717735 6.7166553 1.8423293 23.248976 0.67375106 0.27743765711784363 

