Car -1 -1 0 767.7639182530745 172.54985438041797 1044.7269951132573 335.58632004490386 1.5160514 1.616894 3.863231 3.2011828 1.5132232 8.671337 1.5315245 78.61912096915486 
Car -1 -1 0 627.4480148807589 173.24128249213965 670.3927173270243 203.30027106410085 1.5084794 1.6121128 3.832798 2.0337844 1.5300919 38.263733 1.4447883 8.514049806802213 
Car -1 -1 0 665.0973662835975 169.1874341641661 728.6883486995758 221.3309303143046 1.5718448 1.6280735 3.9571514 2.7851846 1.4613175 23.732365 1.5748992 10.714823127573045 
Car -1 -1 0 576.2561949495823 176.5624580485728 603.8123613734832 196.97602356384235 1.5326803 1.6148467 3.7564623 -1.5719955 1.8353238 56.891113 1.3897483 5.067080992781706 
Car -1 -1 0 482.808591525633 178.01311818489464 520.8116944780824 208.16536345867684 1.5818617 1.6358078 3.904555 -6.1175513 1.8877107 40.673893 1.2951217 3.9641727470881363 
Car -1 -1 0 654.896636253046 173.83795395097226 701.9373173349861 215.00163637914994 1.5677431 1.6218033 3.865398 2.7536902 1.6106539 29.520035 1.5885334 1.3542247059587875 
Car -1 -1 0 605.2189794992302 172.20987864062369 642.5782946661552 199.30103963123614 1.615533 1.6299987 3.6761208 0.8509121 1.5771217 44.982056 1.3904375 3.094247347457695 
Car -1 -1 0 313.14258178165426 182.27868175035405 370.67053692190694 219.68704921823485 1.5046602 1.6270463 4.066359 -12.01982 1.9542457 32.263893 1.0130342 1.1324452300692054 
Car -1 -1 0 663.4267267261126 167.2018481717748 749.5521368271495 244.30124605758937 1.6601267 1.6323645 3.786627 2.229459 1.5384228 17.442852 1.5872575 0.6057403508730345 

