Car -1 -1 0 784.0217875926454 184.66136341805984 1198.2950188255109 375.0 1.4801689 1.6085511 3.7735317 2.8179884 1.6150751 6.3464313 1.5571432 91.33142649115784 
Car -1 -1 0 358.31515017424323 173.0309992041706 490.20142274866646 219.40290960692053 1.526646 1.6403017 4.0660763 -6.2731986 1.5329266 24.682274 0.050100174 21.657835831937103 
Car -1 -1 0 652.4124098443446 173.18720749889133 702.841165776656 212.52402070665119 1.5003803 1.6045439 3.5835593 2.7088394 1.5147815 29.368374 1.5384538 32.18649295597126 
Car -1 -1 0 256.12301859540224 177.06411235427666 439.78172639810595 248.51824475844467 1.5006154 1.621371 3.9849353 -6.110622 1.6077583 16.847025 0.395255 17.918572019024932 
Car -1 -1 0 172.22866406732314 178.81782855291607 411.96211249204106 261.65817883911734 1.5116415 1.6351712 4.0570498 -6.1797304 1.6378711 14.28988 0.08257078 27.725270230307963 
Car -1 -1 0 687.0938631712722 171.23184879705988 800.1868813906732 254.45668020393333 1.587401 1.6245894 3.6908722 2.7646034 1.5564606 15.640439 1.5285668 71.27945308147122 
Car -1 -1 0 393.2351499730765 174.6576535498382 508.46367197278295 217.14100603819188 1.5160079 1.6274054 3.9740222 -5.8127193 1.5852675 26.767262 -0.064241916 11.00515065057741 
Car -1 -1 0 286.28534331969064 154.9182489230313 460.5919646154201 216.86522791310523 1.5822425 1.6679298 4.1279583 -6.213017 1.1241295 19.31121 -0.023277368 10.13074749608449 
Car -1 -1 0 466.4244561089634 169.3151496425727 511.91873205283093 201.97064408293804 1.5145723 1.6139057 3.9486053 -5.851891 1.3504391 35.44759 1.5605845 2.4966621552447816 
Car -1 -1 0 428.93230512938806 180.63177001244415 528.6612805574517 216.74467399763074 1.4994378 1.6216877 3.9760969 -5.6583986 1.8495321 31.441628 0.116466396 1.698038654780301 
Car -1 -1 0 401.29242102935854 170.63715182662017 511.20777757177103 210.95116427997468 1.5804652 1.6550376 4.0600834 -6.164244 1.493556 29.255997 0.07073647 1.638940443165029 
Car -1 -1 0 690.3332873602891 168.3950136474855 776.714315235761 202.46624189411156 1.5832031 1.6284436 3.97524 5.873847 1.3760052 34.542194 0.10295099 1.1021493810140777 
Car -1 -1 0 290.70099470388055 168.08987465007147 440.6094533461268 219.98015704076946 1.5015306 1.6341752 3.9867442 -7.2676163 1.3636727 21.775091 -0.040032245 0.9798962996995899 
Car -1 -1 0 26.235959471757145 164.12800134151576 285.0543235990801 308.727374382925 1.5832481 1.6496371 3.9538217 -5.9091063 1.4877053 9.988371 1.4004853 0.79438458997603 
Car -1 -1 0 310.21185674159415 160.93151704246864 369.8245012924334 184.28856957355546 1.4725288 1.6078583 3.881051 -17.709805 0.7208841 47.58352 1.8893712 0.338369220495224 

