Car -1 -1 0 783.4802138509698 175.26574400050015 889.0155735621206 241.43934674749335 1.4917939 1.6225662 4.0404778 5.654129 1.5604368 18.476332 1.6233743 44.84183855996201 
Car -1 -1 0 703.3202677982413 178.15276831231972 768.7174071832062 239.96621200045797 1.5071285 1.612545 3.856667 3.4337852 1.6685905 19.962908 1.7137548 38.070190369961516 
Car -1 -1 0 314.90801365641505 193.11429798105047 437.7997004966232 268.96130066039603 1.4790597 1.6010778 3.7855015 -5.620642 2.0157123 17.122616 0.91715604 55.425223909759154 
Car -1 -1 0 187.67933464339114 187.46045591828363 252.3389815352581 229.84477655022067 1.4994096 1.6178162 3.8516335 -15.6579485 2.1255088 28.919315 0.8959764 22.122171222854153 
Car -1 -1 0 465.0553525806167 179.62669831905362 702.5558723627814 310.4403794764246 1.5980299 1.6214755 3.9177845 -0.5631496 1.7209663 11.06119 0.8958956 67.12078729063482 
Car -1 -1 0 377.6612925105144 179.33205770166597 470.85104736996817 213.5646472803051 1.5216075 1.6237072 3.932681 -8.504133 1.8292924 33.34605 -0.057997704 4.175748801458665 
Car -1 -1 0 319.4539723298606 181.7932676355634 406.0042355587362 211.6129707118936 1.508625 1.6378341 4.017834 -12.939637 1.9907624 37.98803 -0.054920062 4.388922498896931 
Car -1 -1 0 864.5307363210571 169.03410160357754 1020.7455019381741 227.57866969020566 1.5537896 1.6270828 3.9729893 9.679657 1.4524083 21.277412 1.0488319 3.9466534021176423 
Car -1 -1 0 363.96470102446983 181.6654115572678 450.85408131882855 213.27407236064417 1.4865531 1.6228874 4.027956 -9.950478 1.9377673 35.769756 -0.19083238 0.5911362720290998 
Car -1 -1 0 739.8599958724282 169.9505984480652 805.0289236727485 207.98821310278396 1.5408452 1.6131815 3.9070358 6.9702826 1.4232327 31.250069 1.4750388 1.7118602217163517 
Car -1 -1 0 759.6015548690029 159.73233117206902 825.615626867286 191.01923862064078 1.5119468 1.6064358 3.8257608 9.292585 0.877839 36.924522 1.3073411 0.8015002602646694 
Car -1 -1 0 728.5601955486422 138.59221779949226 780.6863296630885 164.64789609846352 1.5158567 1.6121264 3.7995143 9.054263 -0.53876376 45.320606 1.2794732 0.41842585802078247 
Car -1 -1 0 903.1316677914656 133.2560389482679 1044.4078462553584 181.45981803311926 1.6024228 1.6689192 4.118683 12.612039 0.28608033 25.22631 0.20730992 0.8806440707608209 
Car -1 -1 0 137.0605645826907 185.44267499867522 168.7023989759927 207.06048353763387 1.5570242 1.632339 3.7083888 -35.622696 2.5755513 56.35299 1.1333088 0.6333944299890641 
Car -1 -1 0 722.2025781213916 162.74788597936674 775.3107377109035 198.91149944994058 1.5206655 1.611662 3.9387205 6.160983 1.0957073 32.311226 1.5689403 0.33100239581145363 
Car -1 -1 0 630.5494356093203 178.15864230122952 690.2160188141268 229.54117700243845 1.5117638 1.6119106 3.9685612 1.5835634 1.7002351 23.638596 1.5543048 0.5279621122761688 
Car -1 -1 0 990.7523293743408 167.49995104961704 1242.0 248.80375119756386 1.5632386 1.6395879 4.0059333 10.245504 1.4602956 14.768229 0.037915487 0.281180739402771 

