Car -1 -1 0 222.9185026503567 187.0279991494098 415.4578048894776 298.0616247472452 1.493509 1.6135755 3.7326803 -4.3963485 1.527454 11.597326 1.5698878 89.64587642921032 
Car -1 -1 0 361.85503129845716 180.48118896026168 459.72652252608594 241.60121594046325 1.5079983 1.6182249 3.8399134 -5.2403755 1.391185 19.658266 1.5734793 72.41270516984564 
Car -1 -1 0 214.26123676868156 183.71768660155524 337.9432208000713 245.6361577161447 1.5287805 1.6281837 4.0024424 -8.930636 1.4917942 19.766953 1.5493203 23.463286367205594 
Car -1 -1 0 574.9095393728254 177.0702906926462 611.3131029786974 210.79202856832418 1.483988 1.6024284 3.494158 -0.65089464 1.1255342 33.395752 1.5528828 23.05532636687925 
Car -1 -1 0 426.8842881558895 176.53276483809142 466.6973134058656 204.4427791930289 1.5114136 1.6213152 3.9610395 -9.206496 1.0412059 41.068123 1.1944728 1.6814287005559907 
Car -1 -1 0 451.55136976773156 177.38607362896212 511.5687104832517 220.79450019966308 1.537221 1.6228197 3.831198 -4.7040567 1.2599508 27.374 1.5688436 1.6868891341623962 
Car -1 -1 0 489.87426584401726 176.97951811509793 535.6602301952718 214.80188913326202 1.5691228 1.623755 3.8895676 -4.1132298 1.2274314 31.790892 1.5411744 1.2968063236716194 
Car -1 -1 0 351.06149528667805 167.22401659374057 461.56112170774105 208.72243295996614 1.571125 1.6431432 3.8446953 -7.841459 0.88996214 28.23102 0.103190765 1.2685517781577713 
Car -1 -1 0 514.8105979259551 173.91890306665843 550.5364379692172 198.12304039457314 1.5066056 1.6057925 3.691605 -4.8837824 0.8034277 46.747353 1.2663847 0.33926206827163696 
Car -1 -1 0 684.8213840166238 138.42568756741323 734.5024135320933 169.5850701371097 1.5130123 1.6183883 3.905252 5.4987373 -0.8929211 39.014538 1.4218278 0.307298481464386 

