Car -1 -1 0 163.0572995145352 183.08437006383093 377.92734772470124 296.29167614863525 1.5102664 1.618778 3.8405266 -5.108281 1.481833 11.5168 1.5788841 102.2471808709954 
Car -1 -1 0 140.3128339183626 180.81913811511566 262.04163650014834 237.9209554206634 1.5371313 1.6199718 3.8272107 -11.869192 1.4187797 21.307922 1.5133656 23.69398385617805 
Car -1 -1 0 0.0 186.85230658851134 180.63520357537487 301.6905071794214 1.5244997 1.6183364 3.8466387 -8.771851 1.5551649 11.533697 1.5553694 60.705690483326535 
Car -1 -1 0 574.8422537179471 176.08767122561167 613.0825715813183 211.56690970288193 1.4782234 1.5938987 3.3114254 -0.5862443 1.0979091 31.623007 1.5495679 18.7511191121548 
Car -1 -1 0 335.4079739319146 180.9491939432859 408.034691455328 223.96149817049124 1.5137385 1.615781 3.7987943 -8.820322 1.3635868 27.22388 1.537724 30.096623859912153 
Car -1 -1 0 244.73047891408658 171.2624180496406 358.5513077706618 232.67964091679107 1.5414659 1.616748 3.800024 -8.332194 1.1912627 19.959934 1.5480666 19.60270598485008 
Car -1 -1 0 444.2956316666824 153.20108239589467 508.5888807882448 206.13954210544756 1.5738579 1.6321483 4.043027 -4.17171 0.6220649 23.445673 1.5000876 2.7899921203383715 
Car -1 -1 0 498.16913428803815 171.4100933652009 531.9293170050947 201.9631275383753 1.5577499 1.6156936 3.8279872 -4.998577 0.85386956 38.677105 1.3941956 2.8095142775898574 
Car -1 -1 0 396.3562991095439 176.7813423254879 486.6266979617901 242.59568738341972 1.584197 1.6269137 3.8903077 -4.318628 1.3811762 19.271425 1.5416136 2.5394058271419317 
Car -1 -1 0 725.6586154302478 144.08988998485003 787.6366679379772 184.22360926071178 1.5446037 1.6200353 3.8501914 6.0974064 -0.043716192 29.71959 1.5298364 0.32715269923210144 

