Car -1 -1 0 322.43508799542263 185.79450809932376 453.2337197069015 269.93430929736974 1.4988154 1.6170048 3.8987129 -4.5578675 1.8102177 15.408711 1.5644033 101.94255296217327 
Car -1 -1 0 793.6041289532017 184.02088213889044 1004.9496397082506 316.48860073458883 1.5001823 1.6122515 3.7544127 3.893125 1.690294 10.387483 1.5953295 82.19518026591189 
Car -1 -1 0 411.6033538793944 182.87237895604926 495.9189202747293 242.10604282469282 1.5230103 1.6184958 3.8802452 -4.454374 1.8437054 21.153255 1.5752025 40.396367847049675 
Car -1 -1 0 704.2795247800141 179.4519780137367 790.5841465204554 237.3915976044615 1.4921796 1.6157538 3.8857706 3.9004912 1.7023673 21.009127 1.5269011 33.6660632123978 
Car -1 -1 0 737.3430733602414 181.225796678272 850.0669822030118 260.16124734369413 1.505266 1.6085254 3.6417685 3.9349809 1.711909 15.978859 1.5836117 58.86372910212144 
Car -1 -1 0 530.0549808432644 178.36946341463286 565.5092159305914 205.78864445258725 1.5096856 1.6258626 3.9417832 -3.5934675 1.850036 42.527935 1.6043185 10.223611142255681 
Car -1 -1 0 458.9697630155407 182.35800887829328 524.0907276960236 228.4015521917247 1.5103564 1.6192168 3.9278078 -4.24463 1.8854023 26.481882 1.6062295 18.84557466620461 
Car -1 -1 0 699.5663374840543 180.26771471538527 750.2477643510337 226.89630695821774 1.5193788 1.6157978 3.9173384 4.1156197 1.8093857 26.191298 1.6774732 5.97053508283304 
Car -1 -1 0 691.9751588991671 174.56151929883444 737.1767367425425 211.4751267753788 1.5175757 1.612083 3.8115897 4.565437 1.5973938 31.785809 1.6191933 3.431656621190569 
Car -1 -1 0 930.9138344234618 166.16184773277726 1054.6760937933975 221.7730008855156 1.5555823 1.6289406 3.9058728 11.605868 1.368386 22.161827 1.5379611 1.7268142048556658 
Car -1 -1 0 1044.1206441713632 154.14256707086702 1237.4716898378329 227.13691317502693 1.5552521 1.6368284 3.9452899 12.324875 1.1565773 16.768845 -0.3187776 2.7951972734706314 
Car -1 -1 0 993.8152444339854 167.6602799899968 1133.7308568625615 218.09622593853635 1.5581295 1.6174102 3.8316185 15.187893 1.3976786 24.365236 1.2400315 1.1872483083073384 
Car -1 -1 0 944.4154178452579 129.47699149636964 1079.273114139642 182.6934926145844 1.5051491 1.6159359 3.9521842 12.358412 0.27829522 22.475624 1.4336325 0.40837955474853516 
Car -1 -1 0 1075.309502970474 153.13698895082956 1242.0 234.8583331894062 1.5309988 1.6352462 4.0125847 11.863513 1.1616127 15.05389 -0.40128204 1.6395540539068745 
Car -1 -1 0 662.3903988155499 178.3898450166437 700.0301234155678 210.42405006505481 1.5368323 1.6122954 3.8953977 3.6481595 1.8376762 37.252296 1.585681 0.6036028242088711 
Car -1 -1 0 1127.6637983487321 164.7180264630661 1242.0 216.36992541807078 1.5336982 1.6138211 3.8752134 18.810703 1.2921169 23.463404 1.7255121 0.36984285712242126 
Car -1 -1 0 415.3746613834528 147.70032592102825 468.69113902929416 175.79526737258774 1.586205 1.6164113 3.8624306 -9.871353 0.16606003 42.791245 1.7728847 0.3656628429889679 

