Car -1 -1 0 243.8587211555525 180.8904760458745 415.2703023750581 290.6035391360215 1.4937776 1.6158489 3.9897358 -4.2937636 1.5012505 11.702714 1.4772885 9.604821459992497 
Car -1 -1 0 531.6900994957905 154.26768805667007 693.5958830858688 216.99042438825307 1.5578982 1.6645052 4.04838 0.18687901 0.9061797 18.483578 -0.044759255 7.338869063672187 
Car -1 -1 0 648.418809775403 181.70439642360492 856.2031480610286 261.35275793807875 1.5933671 1.7007064 4.157594 3.042675 1.6207635 15.173281 0.07250324 1.2416122179414064 
Car -1 -1 0 790.2902493591951 182.15185730631438 1001.3569737366938 293.815341564862 1.5051259 1.6176617 4.0281835 4.5145373 1.5370283 11.650612 1.509996 2.539363069929084 
Car -1 -1 0 59.866749399014125 204.720343754668 118.98068574598577 254.6341055128287 1.538213 1.6451572 4.0585537 -18.842358 2.5018482 26.00091 0.9671167 0.5312551856040955 
Car -1 -1 0 986.2298064812602 178.62874856531323 1242.0 372.61668111129853 1.5741566 1.6286767 3.9111202 5.679333 1.5589184 7.832486 1.816744 1.9932781768108474 
Car -1 -1 0 289.52256438126153 169.60720169023432 497.33498391485415 245.40327195388568 1.5874617 1.6832407 4.1674895 -4.6694727 1.3591862 15.937709 0.14268163 0.48874032497406006 
Car -1 -1 0 482.4677571308213 110.99492672191342 585.2953790334398 174.9207538485652 1.5842512 1.6323224 3.9305258 -1.8622736 -0.174644 19.998537 1.8260155 0.4074326455593109 
Car -1 -1 0 57.8353349569937 138.0194591938799 273.5228922303267 213.9497662337832 1.639212 1.6724302 4.0719914 -10.0305395 0.7219835 16.324923 0.11321569 0.3593488037586212 
Car -1 -1 0 260.66907761688265 209.02794716354455 430.512472854482 272.1322597816763 1.5290751 1.6294225 3.9876726 -6.893303 2.3385181 19.055964 0.10030807 0.25877678394317627 

