Car -1 -1 0 238.88850584016302 180.0118505090942 422.24230712980824 287.8351742790885 1.4963689 1.617787 4.031555 -4.320293 1.4895027 11.8516245 1.5406876 11.766634010919294 
Car -1 -1 0 529.7401324669363 154.69711148863692 691.420811382077 217.20580284224926 1.5498729 1.6561786 4.0427604 0.12902503 0.9099389 18.469997 -0.055554304 9.045458779185182 
Car -1 -1 0 652.9353240200785 177.50467589192314 850.930884280708 257.9423046558279 1.5984209 1.6678605 3.9376588 3.0818481 1.5387678 15.166779 0.14880624 1.3653127693957559 
Car -1 -1 0 880.9235404096639 173.20695972330384 1242.0 371.90965759517115 1.575866 1.6311009 3.8858662 5.201332 1.5179741 7.691673 1.0257124 2.4645335478276214 
Car -1 -1 0 806.6596884379902 179.16212156963334 1023.175664223182 289.9008181548956 1.4973104 1.6117845 3.970159 4.7995987 1.4791315 11.590508 1.5099447 5.110032592245616 
Car -1 -1 0 56.61697384782055 209.71099404500958 142.7054307575116 260.5891750457834 1.5441666 1.6368524 4.000333 -18.488728 2.7114658 26.100151 1.2043972 0.7601152491039084 
Car -1 -1 0 274.4855071336686 165.29731790909713 476.72182558786045 243.03103925099748 1.629235 1.6748972 4.028894 -5.09144 1.3104608 15.975497 0.16466014 0.6584075574252182 
Car -1 -1 0 0.0 132.82615735020792 231.12114205315095 221.26188403486051 1.549871 1.6290467 3.975118 -9.658578 0.7142523 13.956217 -0.42725688 0.27690884470939636 
Car -1 -1 0 885.7350022904103 166.50600411360065 1242.0 334.3850088600657 1.629354 1.6549538 3.948998 5.411854 1.4934708 7.805601 -0.059442658 0.2665636589972369 

