Car -1 -1 0 339.8356749433942 187.0956756715208 467.4865220599827 270.0708108062541 1.5041893 1.6202161 3.9318 -4.3167624 1.8537328 15.73376 1.5827694 82.551895689353 
Car -1 -1 0 195.06753664549674 192.83511380708828 409.98702848203095 317.6534066520375 1.4962583 1.6166003 3.912224 -4.500697 1.8625906 11.254971 1.5931003 76.67972542318388 
Car -1 -1 0 691.6528519908097 176.1607150199004 754.3652202780286 212.95786760436366 1.5211641 1.606957 3.7985902 4.988058 1.6779572 32.20112 1.3923073 6.591945736335786 
Car -1 -1 0 546.7621796014599 178.51007448593052 583.3789812497716 205.9851677189633 1.5063593 1.6289144 4.084244 -2.571251 1.8560598 42.51626 1.6415389 5.460703789591248 
Car -1 -1 0 730.2454439445418 173.13458655088772 819.2512538747359 237.66066687800955 1.5879066 1.6283612 3.843575 4.3933086 1.5963261 19.712187 1.5927229 61.439600105347964 
Car -1 -1 0 715.967498865535 181.47064837449307 793.4954477970828 231.4109731191626 1.5297042 1.6177487 3.8765235 4.886016 1.8494962 24.784046 1.4940203 4.105257537559029 
Car -1 -1 0 599.3660309489743 177.99730791872994 624.1182830306155 195.3178412542759 1.5893948 1.629863 3.8473732 0.23956491 2.0992868 69.48007 1.7801495 1.9602395841137776 
Car -1 -1 0 526.7498166581429 163.81587454170045 545.6881617319591 180.55100764315654 1.5298512 1.6084234 3.8559754 -6.8789525 0.70362574 67.931114 1.5128088 0.5105883479118347 
Car -1 -1 0 5.0711316582459744 161.0976160379125 247.96744868131557 242.42262576140942 1.5665292 1.6335194 3.8734128 -9.867815 1.3400708 15.022551 -0.1650565 0.27857378125190735 
Car -1 -1 0 512.3398558571736 177.76891483751368 543.5811616680437 200.33465714100888 1.5848806 1.6207297 3.8220825 -6.010185 1.9626868 53.498436 1.6447996 0.26934927701950073 

