Car -1 -1 0 929.2688819903796 206.45554875997445 1207.3070307815215 303.87433816361204 1.5644063 1.6537192 4.0116568 8.312376 2.0477173 12.969989 -0.06157689 1.1504933809610962 
Car -1 -1 0 290.53138668427863 190.95417653555697 482.6257000061483 261.68885927074354 1.4882759 1.6212842 4.0582285 -4.963066 1.7262244 16.784409 0.2676813 2.2765599583438876 
Car -1 -1 0 0.0 191.5516137132474 266.82624985670174 364.6860334579162 1.535963 1.6198325 3.9391937 -5.4222445 1.6868303 8.704931 1.3742185 1.3816243868590712 
Car -1 -1 0 623.8935086370233 188.80464411300952 688.4714596017367 232.2267096650343 1.534601 1.615023 3.876333 2.1046271 1.8408815 28.122337 1.3992773 1.747094428398034 
Car -1 -1 0 723.3539163276149 166.75543186498916 790.361506643582 207.17314951701584 1.5533199 1.6202073 3.9399028 6.3670177 0.9861926 29.636625 1.4885945 1.1499372702195625 
Car -1 -1 0 915.2087629618989 114.92957891043987 1145.4794463789622 195.07871777863065 1.5255008 1.637075 4.0689964 8.853823 0.25821516 14.894009 -0.20839116 1.2846204008575222 
Car -1 -1 0 661.9013925510726 180.70523809997977 784.8558984079934 247.29227104972102 1.5424601 1.6222469 3.8412426 3.066116 1.523767 18.712223 1.2810916 0.5374606711614079 
Car -1 -1 0 697.1584260306272 133.2424285799613 749.7250146820862 175.64215870541983 1.6059318 1.6402562 4.0030055 5.0307894 -0.26013446 29.801804 1.6093351 0.27949151396751404 
Car -1 -1 0 681.2871485270097 183.10149904275806 867.5542029006938 342.6690729110065 1.4975648 1.6079202 3.880505 2.3419657 1.5218655 8.883522 1.9777869 0.27487602829933167 
Car -1 -1 0 666.9598696760596 144.08026974899687 699.8609916182896 170.81211545943506 1.5785558 1.6197333 3.8113885 5.25754 -0.7117287 45.86621 1.559578 0.4726489782333374 
Car -1 -1 0 129.46353682832594 191.32983499723986 481.9343007955331 375.0 1.5716047 1.6262919 3.9135618 -2.58511 1.7006819 7.397732 1.7024169 0.25787556171417236 
Car -1 -1 0 304.3255687140031 198.19620210752169 479.2038790648475 301.16269528813694 1.5519494 1.6000159 3.4098928 -3.677981 1.9032121 13.2749405 1.8177782 0.2558594346046448 

