Car -1 -1 0 44.398995885787535 192.8283258151078 336.0894486700001 334.14641582551883 1.50159 1.6204376 3.9360147 -5.5871396 1.8421571 10.271621 1.6574993 116.75327040716934 
Car -1 -1 0 753.0470817427814 176.54159237567154 962.5004774048504 303.7400789357887 1.4896915 1.6139294 3.8791919 3.3447154 1.5535483 10.529459 1.5377643 70.88407503245722 
Car -1 -1 0 690.1411700452379 171.59967688348695 777.1644519260423 234.66283975550945 1.5085211 1.6074591 3.6891327 3.1779034 1.4785166 19.11916 1.5519271 53.34565608132754 
Car -1 -1 0 407.5814490426593 179.472743399016 483.57893693365355 227.16116713363056 1.5076987 1.6173753 3.8893747 -5.6594477 1.7583561 25.343597 1.619379 40.98902020620473 
Car -1 -1 0 450.35493025651465 177.40575734531828 509.1047699993417 216.5002225381375 1.5196648 1.619056 3.9372602 -5.4121947 1.7248005 30.51569 1.614531 5.507271080755427 
Car -1 -1 0 671.4860231153665 172.4953389612462 744.9531150148877 222.96869743670854 1.5589085 1.6151738 3.7878401 3.2236757 1.5478308 24.248562 1.4736599 14.274204332054879 
Car -1 -1 0 85.31817596703918 164.2043608533258 263.6151269720963 230.7193515269081 1.60658 1.641873 3.8173428 -11.231306 1.3976595 18.934128 -0.40484548 1.2835494808252492 
Car -1 -1 0 635.5051540810184 165.13250706662308 652.0999182695025 180.07178417459957 1.575407 1.6175954 3.7193623 3.6779678 0.76114404 77.94904 1.5711665 1.9580459477218533 
Car -1 -1 0 0.0 188.9702242807766 124.83802927484338 252.6954140452618 1.5055822 1.616638 3.9044766 -15.307476 2.0030057 20.185768 1.3430486 0.9736387512717503 
Car -1 -1 0 154.015792393215 181.9148576989564 289.84685857236065 224.9093901626873 1.5173475 1.6445632 4.1460547 -14.3492985 1.8675163 26.885181 -0.08715653 1.041989407458409 
Car -1 -1 0 264.29655613985835 174.5158977158449 342.41456443810875 208.3129144420882 1.6829925 1.6357085 3.7869685 -16.128748 1.7757097 38.193913 1.9369183 0.29206860065460205 
Car -1 -1 0 462.63262956974296 175.57309171234562 508.534848682293 209.50730273652982 1.5567667 1.6303637 3.9348269 -6.1620526 1.6988086 35.56705 1.2424096 0.2706826329231262 

