Car -1 -1 0 776.7873683411021 182.40448918135212 1104.9994369150443 375.0 1.5152088 1.6118428 3.6238155 2.7860253 1.6319067 6.977765 1.6054523 79.80787846968477 
Car -1 -1 0 231.99694207294718 183.3146879722699 423.02395828490353 299.0988470063068 1.5585327 1.6253414 3.8233309 -4.433843 1.7602022 11.985307 1.5876323 100.55858373414883 
Car -1 -1 0 662.29069698985 175.8612387787289 732.8757096844297 230.49628758783817 1.5526702 1.6220007 3.8691182 2.673946 1.6553811 22.682531 1.536425 47.22350936753907 
Car -1 -1 0 438.3090987115237 181.83946760659555 503.5994692061221 229.79960092679332 1.5502372 1.6280591 3.9246178 -4.9109135 1.8988853 26.028372 1.5634178 50.650232186972346 
Car -1 -1 0 500.1492288504682 180.71153672697176 545.7968689950878 209.36456999572283 1.5311773 1.6196674 3.8122308 -4.945617 2.0069175 41.67381 1.7337196 3.96116831808557 
Car -1 -1 0 620.8170437793514 176.28402485290246 645.6696336616669 194.63813357529241 1.5346382 1.6049883 3.7834897 2.100273 1.844097 63.089066 1.7591885 1.2031133800727796 
Car -1 -1 0 606.8897684713767 176.02742982622286 625.9934352054681 194.36358107729515 1.537935 1.621522 4.036121 0.6296931 1.8251126 63.25925 1.5934894 1.1185508357901799 
Car -1 -1 0 539.1882825370332 180.51423733801337 567.1339534076862 199.21288252664849 1.4716752 1.6236651 4.08808 -4.7023015 2.1379693 60.641975 1.676076 0.8628001276428798 
Car -1 -1 0 706.5725633914738 168.25719092227877 781.6309430963772 215.39563717341554 1.5024359 1.6264205 4.1582828 4.5781736 1.3559225 25.118698 1.5150158 0.33626088619356864 
Car -1 -1 0 540.1836823410487 176.3436508504357 577.5298278979599 202.32529393532423 1.6217147 1.629351 3.607874 -3.3780024 1.8611178 47.53275 1.2561587 0.25716131925582886 

