Car -1 -1 0 150.28706206919878 189.1328405050458 311.1270536828218 267.217605850175 1.506505 1.6191655 3.8968687 -8.5548525 1.9276552 16.70323 1.590091 78.52022397161079 
Car -1 -1 0 109.16242329747148 193.61267887804783 248.94868388919076 257.4674769900184 1.5052826 1.6206955 3.9207182 -11.897062 2.1448233 20.25964 1.5590376 27.28517378047227 
Car -1 -1 0 433.82121165786384 182.50887447373833 480.8005309211975 211.16390133828617 1.5005307 1.6221461 3.9289687 -8.621471 2.0781388 41.153282 1.6359471 10.62227981793342 
Car -1 -1 0 596.8576805463205 176.48340788662 623.7936722414964 202.14085150309776 1.5178559 1.6152238 3.9824266 0.07451016 1.7555633 45.25435 1.5852492 2.033395764277589 
Car -1 -1 0 443.8596462576747 176.26919756200357 499.6752157842688 215.97712434409107 1.5316169 1.6177306 3.8505924 -5.67242 1.6831995 30.094324 1.563729 0.8516271642365042 
Car -1 -1 0 356.2813596710314 182.41743283229312 439.01372866660796 241.80946684648052 1.5373942 1.6213715 3.9939227 -6.168461 1.8484664 21.405838 1.4774792 0.6519393749256823 
Car -1 -1 0 737.4080239809277 173.01547291057835 788.3376508486642 199.7577921206767 1.5031796 1.613892 3.9219565 8.998995 1.5131869 42.65063 1.4030356 0.6105568195919523 
Car -1 -1 0 665.7282790496627 171.41404443024499 708.3695914634715 201.52502567099185 1.543597 1.6219585 3.9698668 4.1342363 1.4697795 39.024952 1.501476 0.34391987323760986 
Car -1 -1 0 319.5277641606442 173.2698299841789 420.1088911099773 235.9462943995791 1.4981577 1.6221005 3.9582407 -6.2727547 1.5104537 19.304867 1.5008327 0.3405420896610551 

