Car -1 -1 0 155.9598526135961 179.63591644278387 252.38190660667186 214.91007462297688 1.4717586 1.6236334 4.143253 -18.479403 1.8035007 33.118202 1.7346973 7.233650636215948 
Car -1 -1 0 343.0543399562859 178.45660072323412 409.7860044794976 205.14778373061088 1.4990706 1.6178883 3.9860804 -14.010401 1.8541414 43.5776 1.9733028 2.2108825600729616 
Car -1 -1 0 295.6959386618331 180.8159552835279 361.3515559590469 204.4695431720696 1.4969571 1.5972173 3.8607886 -18.903212 2.0522878 48.581844 -0.5955655 0.8797808885574341 
Car -1 -1 0 487.67598858821884 165.86518470421737 521.7185123562905 183.78264743162993 1.4574661 1.6160746 3.940926 -8.791681 0.8889723 60.782265 1.7665117 0.649640694572551 
Car -1 -1 0 424.3089582881607 174.44124170626108 474.4477448301268 204.63634307493257 1.5471516 1.6291673 3.9688683 -8.777439 1.6383524 39.326683 1.0707706 0.7004828227079882 
Car -1 -1 0 868.4722180635597 165.04268754578868 897.0708700925186 181.3947370204893 1.4724749 1.6266403 4.0827475 25.36828 0.76907885 67.10789 1.7102556 0.8942180061002668 
Car -1 -1 0 826.397194403769 167.66638884467736 860.4033405052096 184.3189104017695 1.5260386 1.6184924 3.7056258 22.017776 1.0506451 68.063835 1.440857 0.93268930097792 
Car -1 -1 0 0.0 194.26629808797432 88.157301421138 221.89793904612432 1.4884946 1.6232939 3.9955027 -32.817608 2.7607205 41.74328 -0.16424447 0.3108251988887787 
Car -1 -1 0 992.6355911988479 159.51285360451257 1039.846629254615 176.9571979077597 1.5543396 1.625164 3.9020486 37.348038 0.365606 66.364746 1.3704107 0.2530621886253357 

