Car -1 -1 0 88.29347196536825 222.7577300389495 310.4504277733445 357.88781010428175 1.4958899 1.609652 3.8811598 -6.425906 2.3934438 11.155291 0.65661323 48.2670563404688 
Car -1 -1 0 968.4854159978371 176.03691429107928 1084.937723683253 275.9103225560489 1.5280809 1.618716 3.845621 7.6452484 1.5955942 13.238017 2.1062927 45.30096044070267 
Car -1 -1 0 215.1170808725435 208.9322198204574 534.1293684829477 375.0 1.5087651 1.6157514 3.8805187 -2.856433 2.0202403 8.410608 0.65110314 64.60857028237153 
Car -1 -1 0 0.0 230.06345558486166 161.00569042378595 336.5971937572795 1.4881172 1.6030104 3.8457367 -10.282567 2.7233572 13.789819 0.63819516 35.926529728934355 
Car -1 -1 0 1013.6320260949908 179.2772192982538 1089.039867569602 227.96383933821764 1.5025628 1.6058111 3.7827215 15.116403 1.7421963 24.864399 1.9520575 3.405948226476724 
Car -1 -1 0 977.382778583008 163.38229654275824 1066.8069948929094 238.5877397141134 1.6026762 1.6235046 3.9195294 9.870825 1.400828 17.493881 2.023202 1.3695609110871125 
Car -1 -1 0 1168.164238444788 170.41345375412328 1242.0 221.96940788356764 1.5426203 1.6203597 3.8708684 19.812832 1.4695959 23.68265 2.0352426 3.0516671130218254 
Car -1 -1 0 1175.5621492220407 166.77113336543144 1240.1351523714768 204.11068022513 1.5553312 1.6329471 4.0100627 26.598982 1.301957 32.193844 2.1120057 1.5629679922151904 
Car -1 -1 0 755.0949546881194 181.25470921707455 781.1164518030757 202.07807744047227 1.5041225 1.6100038 3.8311386 12.209946 2.1762648 55.73101 1.6929414 1.0824744147270986 

