Car -1 -1 0 683.5832868391731 180.67903988076014 762.561714524 242.8033544135139 1.4819392 1.5998576 3.528782 2.9596992 1.7118573 19.429274 1.579411 49.96200461266052 
Car -1 -1 0 189.42068656537776 183.52568995245946 418.47412098506857 262.57769173816286 1.5068115 1.6327416 4.0346503 -6.180149 1.7398107 14.872395 0.032367796 47.2029173418088 
Car -1 -1 0 265.02026591457826 182.3532056330003 460.714262067189 250.54783463247196 1.5112934 1.6362762 4.0720325 -5.7206073 1.7470336 17.06544 -0.011179453 35.139068754930065 
Car -1 -1 0 336.27973369113505 179.93955748043618 486.42123409296437 233.25523305627578 1.5070641 1.6296176 4.052691 -5.9232426 1.73141 21.764315 0.1356372 22.58713985715565 
Car -1 -1 0 35.112755955158285 178.01378074917727 331.29569615359367 278.09444245660814 1.5329071 1.6312389 3.9492347 -6.9194336 1.6250408 12.012647 -0.028329164 19.444870480980075 
Car -1 -1 0 733.3736505777251 174.05379265145143 865.3230327180543 222.76538311312163 1.5912561 1.6751094 4.088622 6.374 1.6336656 24.560686 0.05256155 38.206740114772764 
Car -1 -1 0 302.03187196804123 180.06436781362214 470.88726713834336 240.81397667197382 1.5326611 1.6356637 4.0677996 -5.9911146 1.7392689 19.570568 0.1457637 11.946763626672716 
Car -1 -1 0 397.2875136209069 177.20218632666393 494.08024869656083 222.23742992026766 1.5242476 1.6282098 3.9866252 -6.140035 1.6976418 26.788586 0.78458047 5.767665309210068 
Car -1 -1 0 427.5896353511615 164.3941518697037 512.6172958596205 194.99466735830015 1.5076276 1.6390855 3.944845 -7.002364 1.0908272 36.45333 0.04351891 1.5559879092862874 
Car -1 -1 0 450.35983599510195 177.01223204913896 511.0630063634877 218.80519416077934 1.5996912 1.6305937 4.004313 -5.2863774 1.7847141 30.064661 1.6210861 2.4414731734675725 
Car -1 -1 0 342.06826390456075 176.363423914136 473.46858592676585 223.69865108945302 1.5366329 1.6278335 3.9961312 -6.745367 1.6593993 24.39469 -0.016166663 2.9263761718676244 
Car -1 -1 0 677.236844943927 179.66825322328964 758.0378354121298 209.46414552345826 1.5024984 1.6200497 3.9304118 5.6116242 1.8674555 37.72458 -0.056385778 0.7663057418185353 
Car -1 -1 0 1089.203623599713 114.8288354877329 1242.0 186.77763986410844 1.5783718 1.6639557 4.078765 13.791704 0.30544877 16.801613 0.07017715 0.6115273833274841 
Car -1 -1 0 125.5759047475776 189.3860080187553 332.93698880806767 360.8992371936886 1.5317948 1.6022882 3.887588 -4.4123693 1.7846794 8.942509 1.2660387 0.42380185651707997 
Car -1 -1 0 506.5381233364293 181.8112462289224 551.0333526549935 211.7522384481375 1.4919714 1.6042075 3.7986782 -4.3229256 2.0020347 39.111946 1.680037 0.2919296324253082 
Car -1 -1 0 538.1996948455693 173.7842231092491 566.9329514160659 192.2863877548231 1.5397334 1.6218406 3.868713 -4.8843403 1.6226594 62.286606 1.7253847 0.2798840403556824 
Car -1 -1 0 836.2423508471579 198.25888531655187 992.2411125845908 303.8919853971809 1.5341532 1.6229384 3.8960943 5.4711914 2.0797877 13.474423 1.6759123 0.2787279486656189 
Car -1 -1 0 357.9079423266514 158.6043156443289 394.62531998840075 182.52044568187998 1.5058032 1.6064965 3.9197848 -15.298137 0.6086168 47.47578 1.442698 0.27669307589530945 
Car -1 -1 0 726.397314639534 169.22961460625322 779.3277384204141 206.28913213936002 1.5251377 1.6200914 3.8954148 6.2153955 1.3759805 31.657383 1.5906552 0.2755812108516693 
Car -1 -1 0 679.6642243976415 162.0688032054475 720.3839592983658 190.02490735614026 1.5164609 1.6121782 3.8445027 5.1014132 0.9314246 41.108654 1.507626 0.2580726444721222 

