Car -1 -1 0 83.55276277968859 186.86944815297937 275.4730328856417 277.00393900460165 1.4971952 1.6208287 3.9091341 -8.072563 1.5340549 14.0182295 1.5044367 100.11329559347546 
Car -1 -1 0 318.0580607568671 182.0903090265773 469.02704390651166 291.6846655562915 1.5420363 1.6204461 3.7303746 -3.3734818 1.4980608 12.025793 1.5096651 110.9327246639156 
Car -1 -1 0 552.8771064024208 177.5534206648207 597.2286536573166 219.6645674243008 1.519134 1.6019489 3.3090196 -1.268688 1.242722 27.635782 1.505152 28.206376276558323 
Car -1 -1 0 402.6516408343496 184.4202733621448 485.0802491517449 244.2958056434644 1.5066273 1.6106708 3.7816234 -4.437393 1.4866123 20.01718 1.5205774 28.709065523525965 
Car -1 -1 0 292.3987324977065 182.48935780893711 381.581444993322 233.60476077501093 1.5386093 1.6275098 4.015912 -8.776953 1.4565445 23.688942 1.5140531 21.66140452535968 
Car -1 -1 0 0.0 170.1215040537397 146.50709889326814 251.13758975186389 1.6011703 1.6363318 3.957364 -12.444247 1.3028545 16.198338 1.5552679 10.616545396021793 
Car -1 -1 0 195.81994025064733 182.5464903807744 288.70183030116544 227.89583977951932 1.5173593 1.6137428 3.9207933 -13.10273 1.4280493 26.06654 1.497694 2.27051773029418 
Car -1 -1 0 370.8781770022362 166.61010127641433 457.5295873449704 197.3335774500267 1.5321114 1.6467291 4.059396 -9.829624 0.6042917 36.83574 -0.08258411 1.81054402037191 
Car -1 -1 0 604.1625238330411 182.82650906835494 667.8074275745436 230.14559141896837 1.5030642 1.6113707 3.8664725 0.9144425 1.4271729 24.848454 1.4532299 0.7298468091124057 
Car -1 -1 0 351.81273331118854 181.51134519984856 402.39136840990153 221.20141435560342 1.5909548 1.6231269 3.966618 -9.822039 1.4424678 30.917366 1.3771513 1.5900422552881033 
Car -1 -1 0 301.5930499937671 182.2786880577118 361.78664523119613 214.8051178794156 1.5805746 1.6193236 3.8951657 -14.054506 1.4378549 36.885105 1.563623 1.1106573289103878 
Car -1 -1 0 455.1996412339318 149.43743565952354 543.3577045382779 183.9911480946494 1.6170902 1.67948 4.128908 -5.2214966 -0.061365962 34.87379 -0.15599751 0.39098039269447327 
Car -1 -1 0 87.43299161928223 148.27097099672557 137.74010644073425 169.32783420869993 1.7417467 1.6643765 4.115893 -44.406296 -1.4743884 64.64394 1.5801612 0.27791929244995117 
Car -1 -1 0 57.27108748100249 148.74741680807574 116.14097702495907 170.161071345863 1.6361411 1.6494823 3.9963088 -43.349762 -1.30001 59.976067 1.7212524 0.26396194100379944 
Car -1 -1 0 190.63851883446287 171.43881642553745 270.79594879571493 209.02192531048067 1.6707933 1.6540023 4.1058316 -17.698643 1.0583287 34.013287 1.5672324 0.2638702988624573 

