Car -1 -1 0 150.3239709495149 199.54002783276493 348.7578246551163 311.49175188325364 1.493321 1.6136119 3.880217 -5.980494 2.0293658 12.527699 1.5374877 96.69667506499422 
Car -1 -1 0 377.0515011582157 188.1706405067422 459.31022467342376 242.06010292522592 1.502341 1.6212156 3.9717915 -6.050296 2.0379295 23.238932 1.5636629 44.70309088173309 
Car -1 -1 0 867.1200982434652 152.7321317470651 1051.6369077707404 212.36261454930047 1.519861 1.6473234 4.1280746 9.244073 1.006995 19.309093 0.046418346 41.95521345206322 
Car -1 -1 0 844.8782902975007 156.02641700177549 999.3483510299902 208.73388770125302 1.5248497 1.6280305 3.9624639 9.3510685 1.0380204 21.768238 -0.04064269 10.063142282540696 
Car -1 -1 0 291.1952848610818 193.1819029118461 415.26491032261833 269.001679405323 1.5043917 1.6144707 3.8794913 -5.97978 2.046633 17.302866 1.5655398 54.72092591352041 
Car -1 -1 0 669.8908367774002 174.23900573041254 732.9604752932886 221.17338183208295 1.4989583 1.6177778 3.989229 3.1185637 1.5511369 25.172905 1.5509454 11.895651399951774 
Car -1 -1 0 811.6135274575063 161.7562390791265 949.0336333632885 208.9474890716605 1.5207548 1.6365948 3.9862206 8.969989 1.1631254 24.124973 0.027688885 13.422717367541471 
Car -1 -1 0 439.6731752175043 186.46605835943478 498.9647005150619 225.9575286827112 1.4994619 1.6150799 3.9067125 -5.898286 2.11708 30.751905 1.6138976 26.791758240732523 
Car -1 -1 0 764.5555881133808 167.45105204697404 881.8692568593003 209.78368339999196 1.5168325 1.6285428 4.0027895 7.8884497 1.3232378 26.938213 0.13946806 8.920557282038821 
Car -1 -1 0 748.2659959798766 146.13600879324667 846.6687496211524 180.1442251394022 1.5094689 1.6377536 4.048874 8.507262 0.32357952 32.8734 -0.01425353 3.7430914049785806 
Car -1 -1 0 657.7597772130556 175.57554840117368 708.7491858226987 214.34711065255462 1.5261952 1.6164479 3.7489152 3.0584629 1.6487408 30.579943 1.5250877 7.700757910973515 
Car -1 -1 0 1034.6722276091907 138.75758265632348 1156.5884566482619 177.38956136498047 1.5492406 1.6404104 4.0381575 20.085049 0.18188739 29.899157 -0.072169244 1.9297423123273911 
Car -1 -1 0 467.0043608803454 184.82136525717303 517.0624217879113 218.47944870339427 1.5436753 1.6181046 3.9191701 -5.886678 2.1832285 36.543205 1.6490264 1.4748917978756553 
Car -1 -1 0 647.1477583671443 179.86174810055627 696.967555973078 208.755666980637 1.5089767 1.6170504 3.869427 3.4730208 1.9250267 40.763077 1.320677 0.5304646938885706 
Car -1 -1 0 490.7116356955858 182.51807158855934 544.139688046142 209.0183696271879 1.533973 1.630485 4.0732985 -5.7575393 2.1735563 45.559242 1.9305254 0.5171654424192856 
Car -1 -1 0 1021.47244946561 143.95602734640988 1135.2145667447796 181.72709138377456 1.5016196 1.6146318 3.8519654 19.316114 0.35275686 29.790087 -0.16051655 0.29871096619866566 

