Car -1 -1 0 403.4689724200097 165.4633653289539 481.8616498565172 221.986446510451 1.5830886 1.6321101 3.8759196 -4.74002 1.1335955 22.073631 1.5498495 66.5473666504476 
Car -1 -1 0 527.0067282415524 170.33147880889805 565.0065426942954 205.88342142352784 1.5162368 1.6207185 3.8699307 -2.520033 1.0393956 32.64324 1.4689422 19.603497297486694 
Car -1 -1 0 450.78142946457103 167.9830996320941 508.4826744156255 210.5273326367753 1.5852159 1.63128 3.8679 -4.7480383 1.0811157 28.70489 1.5775614 6.449846638570554 
Car -1 -1 0 574.4114718236754 164.4083061752066 597.1195499705362 185.20676672492687 1.6280046 1.6354123 3.9047372 -1.1545091 0.28919256 58.205803 1.6033514 1.2266466745805646 
Car -1 -1 0 912.4095774479689 146.99393282720573 1158.4981964894341 261.09645207330243 1.581856 1.6272851 3.9002235 6.9001756 1.1033132 11.936008 1.5357859 0.8585095842824138 
Car -1 -1 0 590.906465514612 164.63245192894863 958.1796995602591 320.5946471662404 1.5462961 1.6264132 3.9230433 1.9981265 1.3789408 8.466293 -0.2925327 0.5955786612439311 
Car -1 -1 0 36.52977442701908 161.09165019666762 124.02487835019924 231.33950435585334 1.5726879 1.6357677 3.9678562 -13.171005 1.1155186 18.156757 0.9217846 0.5947146466557857 
Car -1 -1 0 579.309194689455 163.96748218933962 622.0169248812767 195.86786588230686 1.5878034 1.6128461 3.439915 0.05998841 0.7145357 37.596016 1.7617455 0.2869592010974884 
Car -1 -1 0 179.87831173556913 174.61243710684388 456.44243465292067 278.67989253779666 1.5653433 1.6450601 4.005238 -4.601234 1.4615595 11.946703 0.16580716 0.2614443004131317 

