Car -1 -1 0 714.0774522232689 192.68608997376472 787.1448993912946 253.63783891299042 1.4918112 1.6132196 3.8980324 3.996412 2.1229212 20.961288 1.6397711 34.475903387510044 
Car -1 -1 0 813.561378356321 191.40313149684286 1099.110690898275 373.2603643041452 1.5583804 1.619787 3.7063665 3.6836696 1.823287 8.434525 1.5920941 53.161220749406176 
Car -1 -1 0 748.1475704700686 195.98295378110535 872.630782754356 285.51783026349415 1.505521 1.6191618 3.9227383 4.043107 2.054435 15.140696 1.5989616 35.08788825372 
Car -1 -1 0 700.1654758429231 190.69441009584523 759.5990500176566 237.9098114523571 1.4987178 1.614 3.8215451 4.3047686 2.1964822 26.290854 1.5947362 15.978469856051493 
Car -1 -1 0 556.5623225544166 187.28979937852966 588.4859547328841 218.85799947846897 1.5331564 1.6337863 4.04322 -2.0086706 2.3545902 38.993652 1.5154631 20.225117871078297 
Car -1 -1 0 459.6899660248573 184.45917610273932 545.0732637026674 260.85443663611125 1.5490172 1.626759 3.8213887 -2.4348207 1.8564098 17.16647 1.5258677 49.53880264252963 
Car -1 -1 0 497.1554838100181 190.49644512654442 564.6308748244119 246.95274322263953 1.5330231 1.6206093 3.8937118 -2.3941426 2.1382198 22.786095 1.5940143 5.616509870436275 
Car -1 -1 0 675.7717909816824 188.51355586430785 714.5255505396659 221.03825283353004 1.5265388 1.613322 3.7668302 4.406985 2.3832233 37.580376 1.5824221 3.217032580952245 
Car -1 -1 0 665.6955119804561 189.6632877717533 822.0936830156245 338.7350963282805 1.5635161 1.62964 3.9358947 2.067709 1.8500001 10.172155 1.8961526 0.7324296236038208 
Car -1 -1 0 675.6709061089118 190.6525570211104 730.0854264659158 228.64313821792732 1.5409774 1.6139743 3.7713478 4.2104044 2.4053137 33.074043 1.4565185 1.8067973797827845 

