Car -1 -1 0 113.03184306897496 182.40619231023106 448.9337907399666 375.0 1.5051781 1.620945 3.9126813 -2.6996262 1.5164671 7.1050735 1.5588734 67.65180525154717 
Car -1 -1 0 380.9361935175009 170.90925490958637 433.67193714707895 195.5049336703423 1.5127782 1.6258199 3.977538 -12.3803215 0.86063457 46.29959 1.7895333 4.928519985051126 
Car -1 -1 0 546.0113871427485 167.5583151806132 588.8709054853085 195.153857177738 1.5241917 1.625246 3.9031525 -1.8621043 0.7534728 41.745396 1.7595897 4.930844832930872 
Car -1 -1 0 411.0647965392038 170.85087686704625 498.9914670327537 206.31507257794476 1.5148859 1.6165657 3.8956165 -6.5565424 1.0594773 32.74598 2.176168 9.109344520270067 
Car -1 -1 0 578.1613517724538 163.90716486569005 606.5462390265409 184.56983311804805 1.4843044 1.6099463 3.9644387 -0.56337214 0.21964481 53.666862 1.6923575 1.9705561674974008 
Car -1 -1 0 309.13501328734424 214.03912717180444 402.8217261218381 310.104978731779 1.5174876 1.6195847 4.022401 -5.1642957 2.294095 14.982974 1.2026261 0.47142109274864197 
Car -1 -1 0 817.3826057070253 135.24812627759533 875.086725067166 175.41019675097596 1.544328 1.6196659 3.8964925 10.28405 -0.27467194 30.288998 1.7174504 0.5618994235992432 
Car -1 -1 0 120.53623297972634 165.0994672121883 172.88223812006987 194.73938363203212 1.5464678 1.6379647 4.0280213 -24.975397 0.69013023 39.494446 0.7997977 0.4441775381565094 
Car -1 -1 0 0.0 180.27922848113926 242.90057651620214 270.53812085068193 1.5507238 1.6552382 4.0252786 -9.189969 1.5295402 13.679813 -0.27217892 0.33647412061691284 
Car -1 -1 0 664.4369180482695 152.56873089662417 694.5997288523761 175.3619750000924 1.6119556 1.6223016 3.7068574 5.880998 -0.47631323 53.73013 1.5056174 0.462695936385008 
Car -1 -1 0 275.2986371869338 179.2454262213491 330.51909218108176 204.1734943470381 1.495676 1.5927551 3.8238428 -18.631817 1.3596699 44.934288 0.69332045 0.2748507559299469 
Car -1 -1 0 388.33078550883465 181.80965082330067 578.8969853646059 358.1273927889313 1.5271962 1.612976 3.9129295 -1.0715507 1.5314085 8.200805 1.5507866 0.28625814516641784 
Car -1 -1 0 922.464430708264 118.57263345511254 1236.1135399863883 262.8251542859447 1.5121546 1.6033807 3.8385875 5.884831 0.8523785 9.45859 1.5824488 0.2728995978832245 

