Car -1 -1 0 367.1802617375236 176.96606962884908 493.2080699187561 222.14358038210494 1.5286442 1.6402371 4.0204353 -6.2904015 1.6796649 25.543774 0.068394676 13.673642530669088 
Car -1 -1 0 707.3482887397568 179.57740317961202 853.7684700004546 275.31897976602426 1.5039085 1.615544 3.9130707 3.034899 1.6494946 13.619667 1.5066992 34.28792110640297 
Car -1 -1 0 0.0 166.81327100476668 323.27525693613694 332.22377789815755 1.563214 1.645513 4.021969 -5.429243 1.5061259 7.8232393 -0.09216185 62.76978772096529 
Car -1 -1 0 320.41885959761146 174.08682169061584 462.32579643370565 224.69818674253293 1.5450544 1.6444768 4.0167346 -6.905941 1.5861136 23.05276 0.078982756 32.73543569152656 
Car -1 -1 0 637.8637489989675 175.00706112567093 672.750620228994 203.09466420287316 1.5182288 1.620692 3.953836 2.669046 1.647981 41.40174 1.7315909 6.269019386900287 
Car -1 -1 0 489.0196931286442 168.7052683760267 554.9471562677018 193.9354411724568 1.5490645 1.6200472 3.804652 -5.5070863 1.2943434 45.51164 0.22329384 1.9577181402199986 
Car -1 -1 0 417.9957226948202 176.4394050561682 514.3645985484588 218.3055525353885 1.5161927 1.6201913 3.874096 -5.6649942 1.6660676 28.304966 0.68853265 1.9839113560657677 
Car -1 -1 0 760.6521209957998 134.21379749815176 1107.724781594238 375.0 1.767898 1.6545088 3.8713815 2.7069309 1.4939702 7.0519166 1.5721366 6.305240181519755 
Car -1 -1 0 661.8651553867256 163.56660727327917 727.7661549234689 220.04759152631073 1.6538343 1.6416475 3.9239306 2.6387708 1.3818877 23.090298 1.5698214 4.732861544059477 
Car -1 -1 0 475.89222295377124 174.71122799281449 547.8161318007906 200.9714865317986 1.5251188 1.6522009 4.148468 -5.77564 1.638308 43.007942 -0.06865325 1.224746373547527 
Car -1 -1 0 101.37614609926 139.2906286796284 226.16732692679216 196.5673005118378 1.7052333 1.6553625 4.110432 -14.379739 0.70598906 23.566406 1.5331886 0.44235020875930786 
Car -1 -1 0 270.131026567714 151.531977230925 345.5671828851114 179.0496925239837 1.513179 1.6035253 3.8651683 -17.160076 0.34069636 41.055702 0.32626456 0.6885480446696094 
Car -1 -1 0 614.787177466057 170.26645275808588 674.3743173452297 220.0816239134412 1.6624708 1.6460421 3.8909297 1.1891366 1.576117 26.088512 1.4850653 0.4239338812739898 
Car -1 -1 0 105.27812912924428 149.65646410558207 272.80293832107003 243.53725980925535 1.5405447 1.6373904 3.973382 -7.886916 1.1598828 13.953557 1.3615365 0.3039730489253998 

