Car -1 -1 0 661.8505892657214 175.07829811477444 735.2957111708425 236.75647588013723 1.4983567 1.6168293 3.8312771 2.3199396 1.5647571 19.603817 1.5964956 49.28713603476356 
Car -1 -1 0 199.76246947059954 186.85572438651297 423.12010449844047 326.01935788262455 1.4942644 1.6218016 3.9265466 -3.880118 1.7295411 10.135945 1.5386107 116.7925868657079 
Car -1 -1 0 728.0471746219241 179.42813266197234 952.4851156597214 331.4326237089631 1.4949036 1.6063814 3.6575956 2.6267533 1.5945835 9.097845 1.5534688 92.24582825691273 
Car -1 -1 0 537.7976444389765 176.2415630192524 558.4764061269818 194.80180397784943 1.5721645 1.6326213 3.8944995 -5.4040504 1.8810425 63.814735 1.5351048 5.52298360077519 
Car -1 -1 0 371.54088410446514 175.49226074484974 487.63926126335565 219.80460355378713 1.5816758 1.6495235 3.9276385 -6.603849 1.6828676 26.768671 -0.041915976 14.311537870461745 
Car -1 -1 0 656.3115368891496 148.95530370402756 705.8874654459519 197.6877773573987 1.5922933 1.6164954 3.734758 2.4738154 0.811423 25.495699 1.6418546 2.231173129959282 
Car -1 -1 0 631.3811403988717 172.1553962012144 670.6909773361161 207.9373991234954 1.61269 1.6333505 4.0163355 2.0412254 1.5812038 34.611275 1.6911055 1.3906167308908877 
Car -1 -1 0 697.041150401298 165.82485396382424 746.4180726313922 198.9081321483265 1.5047412 1.6170096 3.868564 5.343139 1.1850313 34.787056 1.5253153 1.0451830314409292 
Car -1 -1 0 565.5636353485153 173.72766020527314 586.7592113563811 188.95057100367507 1.5230525 1.6265348 3.929093 -3.4190369 1.6156764 74.46007 1.6716726 2.3612029887316615 
Car -1 -1 0 363.2303388555375 179.03831307690868 436.0376815039901 249.66548024402155 1.5750225 1.6161191 3.7617037 -5.3826394 1.7508533 18.48072 1.2787012 0.5094725489616394 

