Car -1 -1 0 636.510613506393 201.66785638711622 888.2463864539412 375.0 1.4956937 1.605631 3.7452965 1.59002 1.9297359 8.865127 1.3476617 74.56514788193152 
Car -1 -1 0 168.06507983335896 211.3405461673765 301.8995005055455 312.816129584395 1.5008051 1.6156265 3.8406918 -7.235945 2.374278 14.307826 1.2945597 58.279848567793266 
Car -1 -1 0 564.2340883198016 199.48300258993885 700.75280938609 302.2344333284375 1.4809766 1.6042581 3.8014958 0.27163035 2.0539596 13.490088 1.3353516 53.78989262978176 
Car -1 -1 0 467.1683884626915 196.8386878613558 511.2784994723327 238.11170912305985 1.4947227 1.6118319 3.9145374 -5.1638336 2.5828462 30.64609 1.3444077 8.820800287312009 
Car -1 -1 0 288.35940953173093 199.65671893963759 345.9967683836625 253.4422700007847 1.5597913 1.614529 3.6045756 -9.990516 2.5558162 24.848257 1.2491845 24.600912536445378 
Car -1 -1 0 505.51009361680815 194.05247430974114 594.4179075785999 267.06934655646126 1.5521834 1.6119429 3.794512 -1.6332068 2.157684 18.566982 1.3040776 50.90193250693534 
Car -1 -1 0 339.857568355786 200.2965928208972 368.72179121528205 228.1456968337792 1.5300815 1.623868 3.910753 -16.280195 3.3574772 45.93048 1.2028915 4.272807886736479 
Car -1 -1 0 489.91288704282033 186.13067029743587 548.3146445786804 235.61771419078198 1.5186077 1.6204579 3.977085 -3.0804925 2.019595 25.22213 1.5503782 0.5768818855285645 
Car -1 -1 0 320.496783476019 210.3813690711078 382.92467492802984 252.93331802531353 1.5162592 1.6180177 3.9032762 -11.091564 3.248053 31.281527 1.4820952 0.42635640501976013 
Car -1 -1 0 108.69266029303297 183.6058652208735 222.38940232196333 254.52622677254448 1.5166193 1.6197784 3.87401 -11.010103 1.8184383 18.159805 1.242331 0.6527646796415092 
Car -1 -1 0 463.011174209047 191.5616574119064 497.49110033938194 225.78493132667643 1.5022634 1.6048537 3.9672022 -6.4811 2.4917614 36.065487 1.3828895 0.3453098386491066 
Car -1 -1 0 165.10278019068082 212.1661788198501 360.3174799917037 375.0 1.5569451 1.6173748 3.9171789 -4.037792 2.1618526 8.993242 1.2750016 0.32828425501238945 
Car -1 -1 0 487.83917437371014 196.66943086129794 603.2331269772404 307.0867454766414 1.5600822 1.6298125 3.8944798 -1.3066479 2.0630999 13.1648445 1.3587857 0.2880735875855138 

