Car -1 -1 0 474.43729978540836 173.1287041979328 534.0202230805431 218.7536318388363 1.5098312 1.6192358 3.8374567 -3.4950733 1.2656798 25.32262 1.5632634 50.4853972329318 
Car -1 -1 0 714.6390062288293 160.79647743796974 815.2020670299015 199.20740040824555 1.5768803 1.6857003 4.0938883 6.88032 0.7677221 30.333237 0.24086453 1.597198726979728 
Car -1 -1 0 309.90758762555635 181.53806268877 403.9774444495333 223.6771182829547 1.5068789 1.6210347 3.9271872 -9.489432 1.5500203 27.479626 1.7912145 1.1215446147950907 
Car -1 -1 0 889.786122853033 161.0798620080654 971.2480059866921 187.7801360982449 1.5201962 1.630663 3.9873095 18.959202 0.41412276 41.180332 0.05518441 0.8070302820484901 
Car -1 -1 0 946.3810308262044 140.42059796151997 1062.7436842526158 202.32964035278542 1.544101 1.6106253 3.908845 10.988329 0.544298 19.699913 1.7464554 0.38425910472869873 
Car -1 -1 0 567.1848126149736 169.91999691741225 641.9398152649894 197.15459426556004 1.5465721 1.6607878 4.083657 0.01850453 0.94538987 41.552086 -0.302432 0.5914266182670875 
Car -1 -1 0 962.6309609318995 150.69385845710363 1046.0626247030082 177.9216075888233 1.5559577 1.6375923 3.9460964 23.4315 -0.15499043 41.485214 0.04554847 0.5239863857526856 
Car -1 -1 0 26.7550088303163 157.14848095921067 116.12629609032228 184.8142659742123 1.5762527 1.6625533 4.006786 -30.980192 0.24542803 41.187935 0.03655455 0.2785711884498596 
Car -1 -1 0 161.5200676397012 166.69626797162684 213.6046058043095 183.99539038302825 1.5035017 1.6142629 3.9284878 -37.222557 0.3032172 63.212147 -0.5879376 0.2628702223300934 
Car -1 -1 0 938.459468143259 136.70125340710754 997.9122413194854 155.5613878150949 1.4460999 1.604397 4.0361323 29.858566 -2.086005 58.06828 0.13030313 0.25133052468299866 

