Car -1 -1 0 799.6093470847806 176.47615599564406 1134.7780708027094 368.6986312415477 1.5036144 1.6142106 3.7823787 3.3412976 1.5514331 7.620694 1.5535212 88.87753451454044 
Car -1 -1 0 97.20675214877464 184.95924987155982 419.4408072247345 375.0 1.5401926 1.6273863 3.9286127 -3.4888399 1.7086409 8.060728 1.5901657 115.78111221007207 
Car -1 -1 0 409.83664332026507 181.83021348138897 493.2975567366579 243.39571866395187 1.4985634 1.6176108 3.8815796 -4.289181 1.7732508 20.109016 1.5312144 25.670009672736544 
Car -1 -1 0 322.48795627789815 177.4333706266426 469.7028341649347 283.64330773045367 1.5666279 1.6256963 3.8571913 -3.579514 1.6601837 12.776597 1.5242677 61.091708530245405 
Car -1 -1 0 486.09335287496407 176.7179281672098 526.2718018559884 206.57629858157753 1.5499218 1.6394223 4.0851583 -5.677898 1.7752129 40.026733 1.5718753 14.181427791737908 
Car -1 -1 0 713.0480008385015 159.3421133297891 859.8645135200309 260.99673586723407 1.6431247 1.6386681 3.8567324 3.1514397 1.4247212 13.634142 1.5145843 50.99376671635038 
Car -1 -1 0 610.5823073044221 168.51705832241745 630.8312537027296 185.7925940125935 1.527137 1.6241689 3.8810995 1.0425627 1.1437562 65.77788 1.644067 2.618485824018789 
Car -1 -1 0 467.1466754931484 171.60791326385802 485.97278468214415 188.60459041278588 1.6483302 1.6292189 4.0015035 -13.31491 1.5274849 72.11088 1.3325943 0.3922197222709656 
Car -1 -1 0 467.6185256240937 171.51104157853845 498.7514357062743 193.76675536510453 1.574394 1.6261629 3.877818 -9.238283 1.4793913 52.985584 1.5654826 0.25984764099121094 

