Car -1 -1 0 358.8656625953426 181.00312869553426 401.28912401353216 204.96089848931862 1.5395923 1.6305203 4.0450273 -15.769736 2.1245666 49.769997 1.5734217 5.398255398832337 
Car -1 -1 0 143.43607826866378 180.26200510675824 226.11599270882473 217.00550320680924 1.6061692 1.6358857 3.8553236 -20.055416 1.9776933 34.253227 1.5775471 16.725564508143254 
Car -1 -1 0 0.0 183.60271316849804 83.37202607957185 231.40350842923093 1.5672956 1.6283076 3.8733256 -21.52547 1.9904714 26.468277 1.5684046 2.024890453453854 
Car -1 -1 0 317.7864918038304 178.03389322851137 361.8522919121441 199.87521435744023 1.5535605 1.6322879 3.9513717 -20.243267 1.9579518 54.306282 1.634734 0.8078675529028528 
Car -1 -1 0 954.5430137005284 168.36157171878605 1136.2069131565859 250.3395097822288 1.5456996 1.6197242 3.9016495 9.15724 1.4609945 15.570469 1.5897537 0.4387521743774414 
Car -1 -1 0 163.893834392214 141.20853485566138 216.66460720805006 168.84455408144993 1.5253165 1.6231493 3.9451866 -24.644028 -0.24810928 42.542427 1.3364111 0.38417816162109375 
Car -1 -1 0 737.8136547983869 176.49874479096928 779.9110465074484 204.5335011237455 1.5062692 1.6239122 3.9365692 8.479233 1.7246462 41.25612 1.579501 0.9227524876254869 
Car -1 -1 0 44.01055147018821 190.42381366192254 131.08957116930614 225.03576033118486 1.5621862 1.6261827 3.941787 -26.340197 2.5012147 36.57414 1.5480769 0.3579087257385254 
Car -1 -1 0 1005.2653236740532 138.91546093053475 1066.634666990853 170.2882886410681 1.5134615 1.6101052 3.8135266 21.882215 -0.13942802 37.17549 1.7864108 0.29878944158554077 
Car -1 -1 0 192.31157937947097 171.51726126264637 279.82820341639274 199.7949332505515 1.5438671 1.6520146 4.1223187 -20.887484 1.4708854 40.423996 0.10141084 0.2715631425380707 
Car -1 -1 0 31.03494427848191 183.24154947577617 141.39442927840136 223.7820745787497 1.5564198 1.6295063 3.9272094 -22.17371 2.0285969 30.769493 1.6606259 0.5170805890007852 

