Car -1 -1 0 781.137532417684 190.3416349103924 955.1674152236129 303.531905865569 1.4923261 1.6096935 3.7670808 4.071412 1.8291899 11.999414 1.591171 55.53779019299392 
Car -1 -1 0 731.7870713837137 183.74092457403756 839.7286184442037 255.81453029217258 1.5390689 1.6124524 3.7212865 4.2293706 1.8374214 17.877111 1.5239005 58.102283266445035 
Car -1 -1 0 714.4047065773734 184.81096610026978 785.2557450542669 238.7319112485397 1.5082438 1.6097646 3.7395322 4.361034 1.9192057 22.909853 1.5960095 27.607769053453328 
Car -1 -1 0 478.34676892023975 185.13762611795238 541.8332050708499 229.3277243926293 1.5275419 1.6274395 3.9658318 -3.7926462 2.0410566 28.120684 1.6530676 24.853448603408186 
Car -1 -1 0 692.8280112783365 182.31182336754947 754.2055202212492 224.56563476079128 1.5044396 1.6067233 3.7523484 4.420039 1.9029276 28.476213 1.5056876 9.934298258184262 
Car -1 -1 0 902.8609215473163 175.0901898700647 990.2380084990604 242.88685553705508 1.567486 1.6219597 3.7756126 8.686136 1.6322887 18.863365 1.8856409 0.8621014711465121 
Car -1 -1 0 508.95906369726015 188.18482477302192 573.1281092121123 226.72507946377135 1.5219518 1.6326697 3.9722643 -2.9910152 2.253563 32.308334 1.8150378 0.8367880707689045 
Car -1 -1 0 568.7520521975703 182.29250163882855 596.3949742952515 203.6437553447815 1.523664 1.6205045 3.9617357 -2.0336523 2.2744427 55.347145 1.6630162 1.8227260197902933 
Car -1 -1 0 720.0700095441856 175.99163413011436 747.8211380451485 191.6428095262818 1.5686319 1.6035026 3.8037546 12.921399 1.9041877 75.14546 1.3790061 0.3194265067577362 
Car -1 -1 0 921.5715101910951 178.7937809317801 968.1560523718535 205.48371791675194 1.4933431 1.6246183 4.0690565 20.137335 1.8690251 43.482876 1.7656379 0.290926069021225 
Car -1 -1 0 553.2901026134339 190.87393269247852 593.5053311079929 221.80339741990156 1.5271157 1.6096257 3.9145 -1.9547863 2.5778008 40.034306 1.6851101 0.2689855694770813 
Car -1 -1 0 408.7512328691172 176.6106118171929 490.7792924558685 206.73364002985252 1.5590211 1.6572945 4.0146017 -8.459836 1.7635484 38.421165 -0.017032057 0.25813281536102295 

