Car -1 -1 0 0.0 186.12712254642454 311.0319141778104 323.3962470991002 1.4982332 1.6163514 3.9676204 -6.12969 1.6943535 9.391085 0.24786559 28.50559972522074 
Car -1 -1 0 727.1738202489572 173.68745732168256 950.8162683793336 319.3195614126471 1.5611446 1.628611 3.8703456 2.8000824 1.5746602 9.729011 1.5232141 79.3602774764347 
Car -1 -1 0 694.5484829794548 179.71118047779814 813.4997854449882 262.43432032166464 1.4903897 1.6099026 3.80012 2.9000435 1.6537011 15.252104 1.5288723 31.544989028048768 
Car -1 -1 0 671.6335968751389 176.08329381827045 751.0030351222471 235.58857516842008 1.5338582 1.6138155 3.7663178 2.8202605 1.6351492 20.719288 1.5324323 26.051722415803567 
Car -1 -1 0 241.58210245129507 174.2609410960593 444.8322372392039 245.12285831225535 1.5291821 1.641077 4.052913 -6.0067787 1.563256 16.541124 0.056396116 19.811166888029543 
Car -1 -1 0 73.796714894997 181.85659115596866 360.55763909865595 280.491343387496 1.5189396 1.6271365 3.923754 -6.4157653 1.680109 12.089922 0.007088533 19.356412496708646 
Car -1 -1 0 321.9438789646667 178.75946339660595 470.42238251139116 234.97368477468808 1.4935503 1.6225204 3.969191 -6.1918087 1.6770835 20.952078 0.36888093 4.790503764991019 
Car -1 -1 0 650.5664628078267 174.5663760932232 691.0991127717738 210.57023533472187 1.5354955 1.6142886 3.6669672 2.7334018 1.6177328 32.80022 1.5941981 11.880972396669438 
Car -1 -1 0 154.31998598542623 174.79025778255965 393.6359850788134 259.22974139275857 1.549476 1.6381602 3.9494724 -6.456907 1.590126 14.215577 -0.05816782 12.986390912083554 
Car -1 -1 0 407.76079038153847 174.95632305339723 511.4436686785456 211.09916694495107 1.5045877 1.6329172 4.105184 -6.4958515 1.5995777 31.389688 0.20210923 10.402268653638147 
Car -1 -1 0 356.80372933693957 172.0827778144443 489.17082347802096 222.22565165232956 1.565831 1.6279739 3.875572 -6.074375 1.5417476 23.660511 0.16925578 10.274393441196244 
Car -1 -1 0 952.8433080206036 148.35663136024712 1076.8698251523078 194.3775120795246 1.4911757 1.5965043 3.5931902 14.117951 0.697408 25.343851 1.1914241 0.6473308801651001 
Car -1 -1 0 510.6066698874761 174.82524467340212 544.9403082629688 200.87665724823137 1.5406351 1.6132653 3.8952613 -5.047263 1.6687621 44.933258 1.5933812 0.9468106811846668 
Car -1 -1 0 635.7371669784602 175.06890422430976 666.1483342687721 202.4648231806062 1.5690969 1.6173258 3.6843834 2.5349827 1.7087207 43.560802 1.6874263 1.082040122715505 
Car -1 -1 0 437.6355103202556 168.50419419964302 520.653107833219 201.62841836928945 1.61553 1.6532235 3.8758786 -6.4683733 1.4033817 36.065533 -0.024999652 0.9856197433722759 

