Car -1 -1 0 141.33503709657435 194.9201698626012 343.0295856285821 303.07501307330074 1.4923345 1.6209779 3.9117885 -6.2059546 1.9418643 12.729357 1.5533463 98.87272260518735 
Car -1 -1 0 681.8366941995082 179.78798329059757 762.8438582468905 243.92520258790876 1.4994549 1.6097388 3.6378345 2.8814654 1.7004771 19.090908 1.5811031 67.19127703913249 
Car -1 -1 0 813.8804741501374 165.21591263530476 975.586660742442 218.9449366223526 1.5299639 1.6559353 4.144066 8.372904 1.312465 21.409485 -0.017109837 61.658528888839435 
Car -1 -1 0 955.4682048696664 163.49635495538598 1242.0 260.9757158912864 1.515534 1.6460105 4.077318 8.248312 1.3700485 12.121054 0.0396354 71.34363967251717 
Car -1 -1 0 893.8071354901825 156.09263263634165 1127.3761535179015 233.7189344692837 1.54928 1.6420327 4.0153785 8.333699 1.2147535 15.237807 0.008086448 50.367286483394416 
Car -1 -1 0 367.9915708499762 186.9351453655469 450.5493345581042 243.058676580178 1.5300088 1.6218745 3.9322033 -6.176844 2.011168 22.662663 1.536678 30.576267013389906 
Car -1 -1 0 311.9343259103085 191.08262241183957 415.47797950540445 258.7058968544918 1.528944 1.6267755 3.9410784 -6.4690237 2.0700896 19.408978 1.5175745 2.856278247983505 
Car -1 -1 0 453.42303184318484 184.3525102512859 517.3418716623024 218.95993508443638 1.4998431 1.624095 4.0055637 -5.914299 2.0887575 34.821426 1.7952434 8.005229903512696 
Car -1 -1 0 1120.6315276672722 142.51542096279132 1242.0 183.68535702716346 1.5287032 1.6294727 3.9702945 22.123974 0.40218484 27.625765 -0.009701525 2.730738754163999 
Car -1 -1 0 469.78203534764816 183.7803007252275 524.1238646728266 214.3224414821722 1.4998739 1.6216884 3.9482698 -6.024827 2.1226935 39.03161 1.7746558 0.30703240195200243 
Car -1 -1 0 1069.5668064426309 142.55797212809543 1192.283305337196 178.56219520442946 1.4919193 1.6255778 4.0021896 22.197823 0.23653227 30.83002 0.060049366 0.2792366147041321 

