Car -1 -1 0 297.8891345329889 192.89559646322326 361.1219310654064 227.95194091408146 1.5062333 1.6262054 4.025148 -13.635132 2.5448573 35.35943 1.5446727 6.877143851689884 
Car -1 -1 0 581.9429980612912 163.70582452952482 631.1571753925649 181.8977678524636 1.5024811 1.6448758 4.055619 -0.22715083 0.7469287 60.497826 0.041413832 2.802800766009837 
Car -1 -1 0 67.39662240462907 198.60294827060113 157.5432052908448 235.2059322547319 1.4736195 1.6171198 3.9002447 -23.160213 2.7500794 33.796486 1.5421066 2.7546996528426315 
Car -1 -1 0 693.5106766338157 179.74084805137804 730.1505779545479 206.50775248991212 1.4792794 1.6151365 3.868584 6.0187373 1.9063623 42.809074 1.5679406 0.7259396509237549 
Car -1 -1 0 967.2664753267314 148.39143479791161 1242.0 306.0497045465795 1.559572 1.6248169 3.869305 6.20844 1.3175857 9.110834 1.6214545 2.602924741494333 
Car -1 -1 0 200.50648495524248 203.59927298019244 265.0046784397951 236.98917569543852 1.5087347 1.6215534 3.8775067 -19.892696 3.224013 38.262794 1.499192 0.4885322153568268 
Car -1 -1 0 119.48830572856681 194.88025519593234 245.2758146842702 265.8679539779281 1.5339229 1.612661 3.831401 -11.001775 2.1723132 18.88187 1.3875214 0.9534374357874358 
Car -1 -1 0 397.91567633924143 193.12737782953894 450.3213254649293 233.80153838606523 1.5430281 1.6309834 3.8930051 -7.9966936 2.4819396 31.399553 1.4732181 0.394591361284256 
Car -1 -1 0 274.20263842810067 198.11248525034964 325.47728327965314 225.73101788731597 1.4888654 1.6217563 3.9038422 -19.034775 3.1163907 44.508556 1.5297022 0.6945904058376678 
Car -1 -1 0 650.2400454642614 186.19916247198117 709.1777030542097 227.92087584999067 1.5205873 1.6213487 3.9524574 2.8079107 2.107318 29.667519 1.4570581 0.6137891936164094 
Car -1 -1 0 77.79061031375346 202.41156564388996 184.68959489057934 246.81899502269835 1.4995377 1.6174735 3.867722 -19.046352 2.7656612 28.94353 1.6101176 0.33208033442497253 
Car -1 -1 0 351.38562291798354 186.56909287531863 404.45296397189304 237.7118524525356 1.551851 1.6289173 3.9132974 -8.010627 2.0696023 25.131268 1.283979 0.31614914536476135 
Car -1 -1 0 327.28692755080306 195.99528652021857 394.14705707256036 234.9719117508646 1.5151008 1.6277541 3.9862428 -11.08437 2.6184149 32.407738 1.5709394 0.2605382800102234 

