Car -1 -1 0 566.9735274362597 180.40779789041846 608.9385364080725 222.09235557214203 1.590625 1.6477511 4.3002634 -0.90910554 1.9326031 30.49302 1.5423491 17.684890920900628 
Car -1 -1 0 405.5165501572435 183.102363224623 458.5689646000049 216.00643787546906 1.5243442 1.6294271 3.9308648 -8.946022 2.0731666 36.652344 1.5989711 15.3863333399548 
Car -1 -1 0 178.64136581109133 189.83999808346724 326.8963901403774 266.09224582346553 1.5165826 1.6260893 3.9634798 -8.316109 1.969163 17.23177 1.5565577 74.93656511492783 
Car -1 -1 0 324.3340410553979 186.79319802145457 401.2222922351753 234.70961783848657 1.5250343 1.6216213 3.9511015 -8.837619 2.0692348 26.153467 1.5172551 9.265954008617207 
Car -1 -1 0 403.0001489923045 180.11407499909262 471.2510031249616 223.56924373305844 1.5182586 1.6077113 3.8696244 -6.5581923 1.8178792 27.820505 1.5995293 1.0476814938604142 
Car -1 -1 0 441.1385775709456 182.1429594890232 488.1484018035635 217.17587328612552 1.5142558 1.6212724 3.8970435 -6.809285 1.9804258 34.225502 1.5228056 0.8455860345195553 
Car -1 -1 0 77.22864636423628 192.09141855808141 168.91245652923115 248.00611880627181 1.5433786 1.6246126 3.9208379 -15.707705 2.226396 23.496817 1.2075272 0.3192375600337982 
Car -1 -1 0 662.8900476789705 183.07927993387167 702.8305236081117 206.3034429376553 1.4834708 1.6115113 3.9591742 5.035532 2.2225595 50.047985 1.3578452 0.6635402458510132 
Car -1 -1 0 351.3587671485596 181.82851004358614 438.31758601595453 236.26438549168438 1.4892898 1.6030792 3.7815285 -6.512287 1.7899159 22.26856 1.5573618 0.531819254032156 
Car -1 -1 0 631.8791025613021 179.0956856114047 660.9035683573529 195.099390011056 1.5346406 1.6241268 3.9694424 3.6932967 2.1845994 72.99675 1.2572739 0.30430954694747925 
Car -1 -1 0 681.3262861880086 180.01542315949712 722.3658117566538 208.1984679822876 1.568348 1.6190729 3.9147017 5.4729033 2.0172708 43.205994 1.4770696 0.2820490002632141 

