Car -1 -1 0 0.0 182.17588848918595 184.68631298062547 264.8208645379664 1.6308358 1.6342015 3.8907254 -11.74202 1.8709438 16.631851 1.5611885 65.83413531138592 
Car -1 -1 0 414.9643031618921 174.9593689361469 463.1911499620368 206.32898811941152 1.5533509 1.6359748 3.9961147 -8.912626 1.6701019 38.00522 1.5597777 10.847663754248774 
Car -1 -1 0 424.6862752951031 173.68515708699923 483.9827627379831 210.2878744670343 1.5170699 1.6227602 3.9779284 -6.808072 1.5562824 32.01916 1.6135472 0.8634627630121974 
Car -1 -1 0 403.5978661421414 172.6423626019403 472.42056783456366 217.044747241652 1.5202658 1.6195213 3.8999476 -6.2444067 1.5130196 26.655245 1.569576 1.1347607289492807 
Car -1 -1 0 589.8166391861944 173.33389197365378 615.2141998414515 197.34243556050916 1.5390583 1.6293184 3.944515 -0.50609004 1.5725272 48.32792 1.542786 3.2002737007365702 
Car -1 -1 0 850.6049089647281 120.78747626093649 1063.5952474676706 197.72115816525795 1.5051384 1.6198341 3.983474 7.437968 0.48650354 15.70854 0.44769788 0.7663973470524893 
Car -1 -1 0 693.3803019823521 143.33610306262614 748.337588981161 178.28042772394858 1.6716274 1.651579 3.9642286 5.575476 0.25958318 36.598686 1.4221141 0.41909924149513245 
Car -1 -1 0 759.6393029758617 146.47829751765104 819.5425250851043 200.83504274129334 1.5434461 1.6266326 3.9157977 5.544272 0.79451454 22.566343 1.7659786 0.4010407626628876 
Car -1 -1 0 455.95952539482107 182.91701332131595 502.81836763173123 213.89979436622076 1.5029533 1.6033176 3.7763321 -6.8293653 2.0624533 38.186405 1.627916 0.3829442858695984 
Car -1 -1 0 661.4924768305683 173.65253262784245 689.7172409214276 191.38390597008944 1.5243133 1.6110086 3.8930676 5.846682 1.5976938 64.25909 1.4182562 0.34446823596954346 
Car -1 -1 0 731.420792070821 142.21511741578198 805.151155484015 180.18693007269187 1.6127388 1.6383865 4.0133853 7.1249466 0.31144404 32.792564 1.3193324 0.5318611195833836 
Car -1 -1 0 323.17969195463183 176.8807819068011 416.53086507973217 241.2109886681267 1.5385838 1.6275928 3.9481435 -6.367903 1.6592528 19.568098 1.4565684 0.42804387251580234 
Car -1 -1 0 711.8638978676286 167.56112011091767 742.5249716721726 194.9234216101634 1.5810771 1.6081147 3.5779085 7.0610476 1.2752382 43.55271 1.6704365 0.286658376455307 
Car -1 -1 0 216.90735033017384 175.8789554783878 366.78428303785205 254.82575332083363 1.4823616 1.6286756 3.938157 -6.703693 1.556517 15.694545 1.5394187 0.26354649662971497 

