Car -1 -1 0 696.8408209670731 177.34976064490226 796.0023456945936 255.04544018565545 1.4843856 1.614042 3.8779306 2.8965032 1.5962646 15.984501 1.6130165 60.02426747495401 
Car -1 -1 0 746.773561598237 177.54050168729796 1033.2450764054347 362.9598038978096 1.4967556 1.6206666 3.8919222 2.6726012 1.5605315 7.8709617 1.5733659 80.78893699626146 
Car -1 -1 0 390.4674302079076 179.77973423480196 507.5423544762953 265.30501350360663 1.5385814 1.6251248 3.8086221 -3.2265115 1.7027261 15.194978 1.5687356 90.95261679810419 
Car -1 -1 0 658.7498136941609 176.9249935766428 719.6288309377943 226.4507025479535 1.5201445 1.6052475 3.5711079 2.6001315 1.667035 24.238464 1.5572664 31.49010804865249 
Car -1 -1 0 467.5845427775265 183.185938474984 525.6686689699935 231.269591297538 1.4834929 1.6149118 3.922247 -3.8518035 1.871938 25.124569 1.5154849 26.951793251112107 
Car -1 -1 0 637.8960468337959 175.73699810271245 673.5053188233163 209.82399867457187 1.533958 1.6187623 3.924202 2.2365694 1.6811479 34.824245 1.6402489 11.218774663293537 
Car -1 -1 0 937.2470256753896 176.20940669436865 1201.1630778122496 296.1616442264228 1.5201038 1.6180556 3.8779955 6.775943 1.5811789 11.192874 1.5688529 2.4047052457768046 
Car -1 -1 0 639.4288168949691 153.58088232906016 674.5282426141318 182.6352346509348 1.559561 1.6196883 3.7833495 2.6257882 0.5250307 40.645237 1.5409561 0.7553342163843302 
Car -1 -1 0 1019.7942985794836 194.3784848600861 1166.4346483997085 294.48911118012103 1.5761484 1.6129987 3.8450902 9.39855 2.0661001 14.340052 1.9389427 0.6026669720380773 
Car -1 -1 0 944.2889875614197 190.41075911368705 1089.450707077284 263.63497461453215 1.5301473 1.6223685 3.8896794 9.974391 2.0171757 18.024183 1.632901 0.2989571690559387 
Car -1 -1 0 479.1111942309548 176.16249161205965 544.5763214367387 206.16609547294064 1.6491127 1.644432 4.0490103 -5.739541 1.8513589 42.103775 0.77439845 0.39627546072006226 

