Car -1 -1 0 941.3034361377755 171.63510946910034 1169.1991883978244 244.44865023416756 1.504314 1.631195 4.054683 9.673903 1.4791318 15.839192 -0.05831064 72.7992087447243 
Car -1 -1 0 1073.0640088309938 156.39838180302675 1219.3536091194303 201.20002143022674 1.532048 1.6436703 4.0263295 18.95141 0.96932745 25.580824 -0.042658962 0.9944336004563594 
Car -1 -1 0 125.64650404670184 188.47122722193578 201.727730235629 240.10026553313648 1.477166 1.620893 3.9664938 -14.838886 2.039315 23.926739 0.88061297 8.866604704967733 
Car -1 -1 0 253.58746782021228 161.04680682939463 354.01094655375834 212.9645865429097 1.6021607 1.664912 3.9869695 -10.328413 1.2377956 24.245716 0.7630159 1.0153122858587555 
Car -1 -1 0 302.7083267948746 144.44124665236356 449.1560637509933 197.03422628507238 1.6274178 1.6865091 4.222327 -7.449975 0.7482239 23.31978 -0.071922 1.4443386758992887 
Car -1 -1 0 187.79077115943184 183.22652810331797 278.7985188728819 224.75811090905756 1.514391 1.6183245 3.9781528 -15.150309 1.9640994 29.293228 1.5714113 1.5916468451551469 
Car -1 -1 0 675.2288760000283 167.61122615431103 724.9194934612941 200.9393813730548 1.4985414 1.604549 3.7542868 4.2508926 1.2628092 34.38077 1.4863725 0.5452533960342407 
Car -1 -1 0 484.8754224181315 146.41080459628924 521.6433876339668 181.0189762493619 1.5463269 1.6265444 3.9028747 -5.098812 0.36481893 34.30119 1.3980607 1.658498462094997 
Car -1 -1 0 179.84914332117052 154.83527503813798 286.1347678891039 189.5966744134602 1.5485458 1.6294659 4.004536 -17.202967 0.7458501 33.097122 -0.07071196 0.5966418981552124 
Car -1 -1 0 53.42428979640885 180.60045600733505 166.8126638963475 214.29606207165344 1.490265 1.6308198 4.092969 -22.874775 1.8550335 33.13682 0.01169087 1.3639736941799316 
Car -1 -1 0 582.0130917807984 169.7244504839269 658.5510837230486 201.19471282373266 1.5978119 1.6462737 3.8591702 0.52249074 1.4389179 37.5937 -0.071939066 1.0463643929060353 
Car -1 -1 0 341.257445285263 152.05201420878495 455.36743962171556 194.50343240371544 1.5399916 1.6346474 3.8914294 -7.87857 0.7853669 27.182209 -0.09989832 0.5754058009124212 
Car -1 -1 0 607.3669197742263 158.26636405513756 665.5311045730859 194.43910911246897 1.502066 1.6177937 3.9183648 1.1248535 0.8963172 32.05236 1.3447077 0.27214515209198 

