Car -1 -1 0 425.35140058715064 178.00084431137802 481.94557707049427 230.19512808930168 1.4832704 1.6151383 3.8891163 -4.8977237 1.6618043 22.969822 1.3880862 41.66250869235857 
Car -1 -1 0 0.0 182.0243982350628 104.0612383278317 249.58821886211553 1.5416268 1.6242638 3.8903687 -15.23789 1.8105335 19.091246 1.3734552 35.95108802762034 
Car -1 -1 0 624.4527330788428 173.89723481205314 689.8658888160884 197.44299003513518 1.508509 1.6262585 4.0024033 3.144342 1.5795906 47.75703 -0.3225935 7.617142344078221 
Car -1 -1 0 348.7850858299038 180.22353262257204 428.8541031144759 217.33915860957015 1.5017273 1.6248413 3.9699805 -9.806913 1.8476351 31.917698 0.7522842 13.445254534581036 
Car -1 -1 0 408.1366659569004 174.63860498606778 465.60290109924017 195.9030753944619 1.5835122 1.6498399 3.957831 -13.061738 1.7209015 54.71006 0.0067426283 0.8765487881679923 
Car -1 -1 0 653.0092883867029 171.97916478264298 699.9855034696255 195.58877560118958 1.538275 1.607532 3.6278963 4.5020633 1.4812752 48.995556 1.1523662 0.34246964293618215 
Car -1 -1 0 507.8095559803439 173.62030121925466 555.4681381436301 190.6560135844229 1.5069151 1.6205416 4.0271745 -7.0649962 1.577898 65.39549 -0.34364197 0.2922823429107666 
Car -1 -1 0 520.6068272762898 176.6253279172827 588.4043083287199 201.77244016757228 1.5066941 1.610992 3.9902673 -3.4380617 1.7478709 44.87661 -0.2452771 0.2535276710987091 
Car -1 -1 0 36.572825935761124 165.55680470253176 224.6400754146802 241.94861814650497 1.6293755 1.6586547 3.9147418 -11.164287 1.4737321 16.84006 0.35001218 0.2530800998210907 

