Car -1 -1 0 439.341916013625 178.2928478654513 485.9934239842663 208.592274105552 1.4964767 1.6280262 4.00301 -7.746537 1.8008368 38.367783 1.5811082 11.604247706199985 
Car -1 -1 0 583.0181821253003 175.92219365619653 599.8560864422903 191.14835158065833 1.4413164 1.6116287 3.7441657 -1.7810098 1.7510796 70.95478 1.5461468 0.6763628125190735 
Car -1 -1 0 242.22711486531998 192.96133562544082 290.3074862714201 218.09061742368453 1.4951687 1.6149613 3.8557024 -22.813652 2.890564 48.089085 1.4946201 0.5443212985992432 
Car -1 -1 0 1049.843744670971 247.57180705040216 1242.0 371.2681920008462 1.5559311 1.6300663 3.9503677 10.464149 3.1767306 13.602026 1.4657208 0.6972204872979998 
Car -1 -1 0 631.0228598301653 176.58130901637546 685.9791810453586 223.7269765276612 1.5098165 1.6228588 3.897409 1.6473355 1.6510139 25.37487 1.5587535 0.7231525392369684 
Car -1 -1 0 862.1032794680968 187.9428240297205 1198.3626158791924 375.0 1.5598167 1.6241217 3.896099 3.7613106 1.7547547 7.271019 1.7272506 0.5004835063873054 
Car -1 -1 0 626.1875012648957 182.61181498927203 679.342879677521 216.71802764013452 1.4976164 1.6107613 3.8305235 2.0263355 1.9970531 34.890514 1.363163 0.37488579750061035 
Car -1 -1 0 273.00413528089314 178.9819007099618 339.941976819491 214.31774695126808 1.5258622 1.6200079 3.9379249 -14.126492 1.8303373 33.85087 1.5305325 0.364884614944458 
Car -1 -1 0 871.388196997081 36.6008705279107 1242.0 213.57392069877588 1.4959991 1.6208863 4.1408396 4.795167 0.34421602 8.263349 1.4293345 0.3355322778224945 
Car -1 -1 0 13.228673241010764 204.6731781554858 130.14737410246005 247.62185819406832 1.5132126 1.6105082 3.8153317 -22.594696 2.9479353 30.491364 1.8056672 0.3297197222709656 
Car -1 -1 0 335.40010629629637 179.41639411346387 389.91717814207254 208.4793497788773 1.5014727 1.6240333 3.903825 -13.660672 1.8844124 40.135162 1.592698 0.31379052996635437 
Car -1 -1 0 815.3915607981252 25.566165682320822 1242.0 278.43559038828556 1.5384674 1.6270223 3.956564 3.1360128 0.6423625 6.3974133 1.6085117 0.30555563317222895 
Car -1 -1 0 648.1996449170477 174.29004630741267 692.1698605086639 214.8003910962495 1.5149326 1.6241258 3.8862128 2.384924 1.5767914 29.101963 1.6175008 0.2584860920906067 
Car -1 -1 0 769.9469812779874 160.92320865340116 820.7403410821682 179.60452485583258 1.5225259 1.6269969 3.9224555 15.528036 0.55016696 60.30652 0.39212823 0.25571170449256897 

