Car -1 -1 0 528.8173285831645 153.4584520476252 691.7845154605988 216.99676501630321 1.5772202 1.6636121 4.0746136 0.12634346 0.90580016 18.480673 -0.04844622 8.44093917756299 
Car -1 -1 0 249.97891524465348 183.09947130820166 423.2273787682261 292.4639878289358 1.4943433 1.6149873 3.9847353 -4.2136383 1.5451009 11.799484 1.5042689 11.60534799124354 
Car -1 -1 0 667.0064041673543 179.15272706041222 872.8474770674638 263.5435555953223 1.5711308 1.6525391 4.0154533 3.4375954 1.5459251 15.152983 0.7685994 0.9130381233392587 
Car -1 -1 0 58.65727938989536 207.00889688125037 136.41215319018787 257.9455847544221 1.5706916 1.6398273 4.0246825 -18.673107 2.635243 26.230896 1.1321582 0.49074405431747437 
Car -1 -1 0 777.1664383094238 172.56561128770468 1072.9773352523334 289.10895004778126 1.5247791 1.619097 3.9722157 4.9210415 1.4208841 11.2591095 0.82541066 0.7483445759606151 
Car -1 -1 0 247.8615257213219 157.49241995490343 451.33191308238736 235.7124606216556 1.6630797 1.6902378 4.018717 -5.6966333 1.1737623 16.080585 0.10319829 0.5279374909083191 
Car -1 -1 0 921.9309478499904 192.89552970695516 1091.1940763921605 279.361492041321 1.5194457 1.5997779 3.626541 8.203822 1.8111224 14.800088 1.6141343 0.27875837683677673 
Car -1 -1 0 520.1554472784594 140.75700850982963 606.076190936721 199.16763774943095 1.5927863 1.6204915 3.8369133 -1.1320996 0.50886345 21.326658 1.7835568 0.27137698517284886 
Car -1 -1 0 265.0572813178186 205.79973249365779 434.685288955017 268.94864223117594 1.5380934 1.6357349 3.9792964 -6.7679896 2.2548847 19.031998 0.096273825 0.2524687349796295 

