Car -1 -1 0 229.40817585924722 164.76814245882164 372.00751558783907 215.7046153112038 1.5381099 1.6405231 4.036479 -9.855787 1.2939441 23.090782 0.25496846 4.2645080853974875 
Car -1 -1 0 163.2716412214531 139.50261488374235 251.1233760040137 181.61242125577655 1.5268724 1.6190554 3.9020274 -15.597726 0.31757414 28.192314 1.45779 2.0877170985320666 
Car -1 -1 0 421.37909050301835 175.32817189237866 481.1737387121955 216.0046506725926 1.5566695 1.6270393 3.929562 -6.460265 1.665678 29.821201 1.5658376 1.1757718430589519 
Car -1 -1 0 777.4188139260418 170.81016929993166 859.2726410493033 205.8304855653885 1.5952256 1.6255816 3.7902129 10.031839 1.502126 34.921997 1.0824447 1.8799358334281366 
Car -1 -1 0 0.0 184.73390515290492 113.00833800512044 245.8097465872507 1.4839098 1.6202319 3.8911564 -16.063606 1.8495369 20.249392 1.5560223 1.0515369414180469 
Car -1 -1 0 389.11865910172264 176.95560791496504 462.2642057372137 224.01033264960392 1.5251045 1.6233255 3.8479352 -6.4378624 1.6818348 25.646456 1.5696353 0.34648561477661133 
Car -1 -1 0 169.80077173761444 191.53149410731254 281.2338527659458 230.73014237495815 1.5388236 1.6311219 3.9248705 -16.30134 2.3693566 30.81163 -0.24841681 0.49460726976394653 
Car -1 -1 0 919.5551604077635 146.7041647038985 974.8244685678611 171.06102485886717 1.4901211 1.6022238 3.6251967 21.597565 -0.11971223 46.297146 1.4797559 0.3189109265804291 
Car -1 -1 0 1073.1603926575506 151.9353434823122 1157.40174835886 184.78575278540802 1.5861175 1.630259 3.885926 25.676739 0.57610106 36.797443 1.5914869 0.3112328052520752 
Car -1 -1 0 120.05048899281891 183.87294288283655 220.79929516570456 228.33609925298916 1.5277162 1.6230278 3.8978918 -16.752357 1.981779 27.752773 1.5305966 0.2949397563934326 
Car -1 -1 0 481.05681526877805 176.9910610643266 516.1302298009061 203.48197602684067 1.5300761 1.61315 3.8668547 -6.754681 1.7948272 44.228798 1.5548711 0.281241238117218 
Car -1 -1 0 803.2075760465679 131.7181402095093 840.0314560821782 167.13747697071173 1.5900261 1.6302681 3.8313632 10.332148 -0.29470658 35.128315 1.8636231 0.2811557352542877 
Car -1 -1 0 1038.9520254857468 142.800418722985 1121.751853960335 176.80809630020474 1.5220234 1.6105409 3.9017692 22.263506 0.17696655 34.297386 1.6443046 0.2763495147228241 
Car -1 -1 0 180.93789489423244 168.04709889093266 350.46386310107664 264.4770541980776 1.7172024 1.6572955 3.9760923 -6.8428745 1.6316022 14.852728 1.5513918 0.810995886545576 
Car -1 -1 0 559.328988000021 173.96643380306716 576.1823318937592 189.61902962092316 1.5488731 1.6076536 3.7742128 -4.2867656 1.665391 73.62535 1.4838132 0.2534197270870209 

