Car -1 -1 0 411.58245791485217 177.98878150350004 444.95772784106464 200.1794463460273 1.5564353 1.6281605 3.9062924 -13.398304 1.9513326 53.508236 1.5328457 5.127303415381218 
Car -1 -1 0 188.74907291841063 182.5897569426513 276.5277610020744 222.78456252407253 1.5373483 1.6214247 3.938775 -15.831392 1.9760458 30.534159 1.5824074 5.900557477565272 
Car -1 -1 0 0.0 180.1035147143496 88.37923450093203 232.05711426406071 1.5897956 1.6280771 3.9375162 -20.081024 1.8573868 24.635014 1.6085997 2.581761601622962 
Car -1 -1 0 243.57801224768056 175.6463681017758 295.60456227775734 202.74575509677885 1.5589929 1.6208856 3.8046966 -20.601212 1.7363698 43.87337 1.4919714 0.628373776893302 
Car -1 -1 0 1134.8653102141698 135.66064718562887 1242.0 191.47249182231573 1.5063252 1.6007943 3.7586548 17.693703 0.50250083 21.374302 1.5980892 0.375760018825531 
Car -1 -1 0 838.8068953507126 177.17456094792527 937.0663905969769 227.32077861509904 1.4923891 1.6241456 3.9038086 9.04861 1.6467073 23.792868 1.5367155 0.30013906955718994 
Car -1 -1 0 765.5893203977444 176.27204344552172 827.9907422412206 216.89999003961978 1.620908 1.6312463 3.9180527 7.982251 1.7774936 31.086342 1.5591463 0.7401471969022914 
Car -1 -1 0 652.5085805022483 177.20534818287268 676.0017148024376 191.832446769249 1.5028106 1.6213474 3.9208796 5.8402324 1.9822315 77.4297 1.4044083 0.28021812438964844 
Car -1 -1 0 98.38327319693451 182.9576422218904 180.7680939796357 221.75249942063806 1.4976482 1.6167395 3.9838736 -20.115648 1.9622674 31.067514 1.37128 0.48584828309119804 
Car -1 -1 0 771.1881850568682 157.0956863412955 813.993922042114 191.93112815338884 1.6110781 1.6253409 3.7051253 9.020237 0.88228357 35.390167 1.9328904 0.2555815279483795 

