Car -1 -1 0 276.95158570049074 183.8060602720574 379.0325197255626 238.83327006818334 1.5146694 1.6249609 3.9925587 -8.701654 1.8889974 22.659515 1.577611 44.62386324908058 
Car -1 -1 0 312.25484241192254 173.12493384933998 375.56615824391037 210.91294277892976 1.6328042 1.6287994 3.9343097 -12.139019 1.6460266 33.20999 1.522871 3.4657398058579014 
Car -1 -1 0 1003.5570882946724 137.94681420272588 1126.6726076048435 182.0784464557762 1.6021028 1.6566758 3.9404552 17.604843 0.3348733 27.98386 0.59473324 1.7248553326700518 
Car -1 -1 0 1130.5765948973021 127.50302035420455 1242.0 176.46433171469238 1.5216808 1.6319901 4.0072794 20.064657 0.11220628 24.307215 0.66862625 2.051633073247537 
Car -1 -1 0 394.6342265922386 174.97715490023393 460.7827636240365 223.27042281191422 1.5191649 1.6139643 3.805901 -6.169059 1.5980215 24.834517 1.4861991 0.6845398813725145 
Car -1 -1 0 420.1584745268426 174.20770223664934 482.16300898973145 211.8611090653363 1.5331213 1.6195772 3.8786073 -6.837126 1.5959768 31.512238 1.6397681 0.6039286851882935 
Car -1 -1 0 585.4883673924411 176.58693329555214 612.9147524576176 201.02765844115208 1.5554138 1.6366997 4.0647535 -0.65980846 1.8175738 48.61081 1.6088943 1.2793632152671686 
Car -1 -1 0 311.35593807550333 176.88372407279977 414.4655886953818 238.59885672328866 1.524823 1.6074743 3.7893755 -6.694541 1.6470685 19.982418 1.5562956 0.40846794843673706 
Car -1 -1 0 439.7902225136898 182.57741027028376 491.798206715509 215.8352440057062 1.4625462 1.6142068 3.9208496 -6.879726 1.959326 34.877956 1.60411 0.32897479522110185 
Car -1 -1 0 777.1524459110027 138.97456976688488 850.8486139017732 190.31525236840378 1.5334678 1.6177979 3.8358696 6.5663657 0.5215408 23.531748 1.657096 0.2965801954269409 

