Car -1 -1 0 64.18766029448523 183.69170159309033 382.9968078985788 292.02953784880765 1.508366 1.6404293 4.0882754 -5.811478 1.6898813 11.157961 0.052685946 53.827948499366904 
Car -1 -1 0 720.3241745333224 175.51694830034788 813.7647840900187 215.09388211398132 1.4926553 1.6024804 3.802171 6.365656 1.6092237 29.5367 1.051475 54.11315901665067 
Car -1 -1 0 622.8588586705305 174.4346730952884 664.570876971637 202.030352739018 1.5154402 1.6178347 3.8809197 1.932538 1.6117395 41.908504 1.3997732 21.449564892887484 
Car -1 -1 0 291.5988033287915 172.74088557049447 445.42469467497557 229.47049421605607 1.5682608 1.6387146 3.8804555 -6.850483 1.5651337 20.76792 -0.001043367 11.403869645476638 
Car -1 -1 0 132.45481200651133 180.16090722765406 381.205043718244 267.2440882396164 1.5093112 1.6193026 3.9485686 -6.552761 1.6571465 13.632962 0.080288455 14.908641271074925 
Car -1 -1 0 365.2545254435632 174.3402805319525 498.91978969522364 224.07432786490955 1.5492504 1.630858 3.9284961 -5.768789 1.6002294 23.645475 0.15183097 4.012987017904932 
Car -1 -1 0 441.61387746724847 174.713731324653 523.1092576684849 205.19583068084177 1.544497 1.6368144 3.9431143 -6.561619 1.6432247 37.482162 0.0019487338 3.87035873961207 
Car -1 -1 0 358.85160686417987 165.04215216826728 437.6288225418411 213.3542283146255 1.5894824 1.6284326 4.0039425 -7.430265 1.33247 25.742983 1.5735009 1.7048930746214763 
Car -1 -1 0 609.0648832024716 172.1379393166766 632.6279220916032 193.7004762790322 1.4708172 1.607406 3.9394128 0.7937559 1.4219732 51.196606 1.582906 0.31731006503105164 
Car -1 -1 0 487.0486954001121 175.9147936604458 526.8520782634188 201.3752629452732 1.5069673 1.6046422 3.7948806 -6.3706093 1.7068369 45.1482 1.671071 0.2783532440662384 

