Car -1 -1 0 400.9954818272204 175.7881759261399 526.7108340476094 264.181875167686 1.5985684 1.6332378 3.9277797 -2.6859581 1.4950514 15.006906 1.6406126 83.72154004856911 
Car -1 -1 0 489.1827390487392 180.6391836569235 567.096251047006 239.30864382094458 1.5879434 1.6301506 3.9239926 -2.0565376 1.5643142 21.464968 1.6534052 14.67401647409125 
Car -1 -1 0 1011.4020220158686 195.68813835225478 1242.0 348.22483290047614 1.539893 1.6216134 3.9073348 7.3764052 1.768209 9.594161 1.5983487 5.428320021567183 
Car -1 -1 0 1014.3152849819693 171.8695168626348 1242.0 277.93899291154855 1.5286148 1.633719 3.8891354 8.916198 1.3896496 12.364567 1.664263 1.389368044095112 
Car -1 -1 0 652.597236295687 179.00903204263346 715.042826465559 202.08394184500682 1.5619681 1.669716 4.093579 5.7121964 1.3925252 49.48472 -0.012198099 1.0147029161453247 
Car -1 -1 0 635.7278310800966 173.19766285658392 663.6462841257434 187.19645914564902 1.5070553 1.6202594 3.940548 5.422729 0.6119442 79.461716 1.2210748 0.6558888563065297 
Car -1 -1 0 448.2498230486613 152.83851105592885 531.0953942241517 182.1934224251527 1.4944966 1.6178269 3.9911966 -5.7828946 0.03468156 37.696083 0.1644576 0.39191508293151855 
Car -1 -1 0 647.930862102794 188.81118744880698 688.5897644085845 221.84379919312107 1.5079182 1.613509 3.838153 3.4250731 1.8917675 35.7353 1.7718705 0.6455852350823055 
Car -1 -1 0 162.54384660639496 165.28260358426186 368.3614509280558 269.7073736827479 1.7565601 1.6676997 4.176255 -6.3779984 1.4835571 14.273981 1.7234734 0.47492700815200806 
Car -1 -1 0 399.0213450356135 139.9595072414554 475.41749708486213 186.98943457196822 1.5089731 1.6089692 3.9504414 -5.5887866 0.17573893 25.057436 1.6157553 0.33319416642189026 
Car -1 -1 0 669.7407185201791 184.47156669832174 759.7454962956326 226.42570633063514 1.5602281 1.6298575 3.7417157 4.5440383 1.688199 29.031715 1.0631942 0.43497350811958313 
Car -1 -1 0 812.9025795997304 183.95353351359654 993.856550704953 288.3652064422497 1.5404953 1.6239598 3.9415824 5.0990996 1.5903747 12.684018 1.5984501 0.29693594574928284 
Car -1 -1 0 1009.863495465664 173.82984064692107 1242.0 371.33270787070427 1.4757897 1.6057749 3.874708 5.5271826 1.4183851 7.463247 1.9263362 0.25803059339523315 

