Car -1 -1 0 253.62174731540637 178.032698271247 337.92758040438576 225.80431257267514 1.602422 1.629095 3.7347963 -11.422454 1.8064522 26.521555 1.521064 9.645634165595743 
Car -1 -1 0 417.97813350487536 177.4612207397155 464.92892024780167 208.62145999753773 1.517037 1.6157366 3.9394743 -8.872991 1.7725093 37.883236 1.1320906 1.9091178954104973 
Car -1 -1 0 546.817354497924 179.81585653757656 564.9476473189677 195.96394760927564 1.4850767 1.6143458 3.768551 -5.230724 2.1795294 70.011696 1.459079 1.241663505954268 
Car -1 -1 0 473.0958747068575 178.7959716688436 494.96540128504205 194.90961652330523 1.4763205 1.6285247 4.101967 -12.102445 2.0679538 69.74725 1.5120741 1.4237413262394076 
Car -1 -1 0 644.3286820513357 176.32882455980834 692.772610434735 205.8653894790049 1.4813108 1.6106043 3.8864293 3.107589 1.6777551 38.731125 1.3815076 0.6804742768977923 
Car -1 -1 0 671.2183903413166 174.17052727622294 727.2096548679518 208.60797622625682 1.5182312 1.6144305 3.8670502 4.1555624 1.5839837 34.001152 1.4149947 0.576603003685639 
Car -1 -1 0 903.7482487671484 185.19006921600337 994.0668306941744 218.77758968948854 1.5240812 1.6193902 3.8746576 17.016052 2.1810403 36.34673 1.0338658 0.4537751376628876 
Car -1 -1 0 821.2148563054735 191.5735790083102 876.1463208088608 224.47710509616752 1.5341144 1.6343415 3.915279 12.469346 2.5672412 37.851913 1.5855751 0.26851487159729004 
Car -1 -1 0 208.01026612711573 194.23967151965314 273.96261489593286 224.0901793495681 1.4846218 1.6268926 3.9879768 -20.73865 2.7527568 40.775967 1.5910306 0.2607332170009613 
Car -1 -1 0 1070.4469059508715 197.5648300609775 1164.2114922119645 237.31471221104232 1.549005 1.6284446 3.887069 22.783562 2.7318277 32.55806 1.6175743 0.2580280601978302 

