Car -1 -1 0 680.8515202985798 178.06530858591572 765.3292863020602 238.26546707479088 1.4852551 1.617363 3.9284046 3.0550785 1.645066 20.136568 1.5372095 87.02731241776554 
Car -1 -1 0 0.0 177.69031835444392 406.1539779204992 375.0 1.526566 1.6235996 3.9202292 -3.2647252 1.5851282 6.772727 1.5656605 101.71794579580117 
Car -1 -1 0 398.8949137153792 173.4358858918645 506.88272641545416 253.67177882103917 1.5268397 1.6120658 3.7140532 -3.2541034 1.5409591 15.632878 1.5475512 62.870291267016555 
Car -1 -1 0 652.2606729405449 172.21779837310302 683.684767379862 201.52301490174617 1.5559847 1.61834 3.6421952 3.2113745 1.5222049 40.1671 1.6169019 11.138108000124495 
Car -1 -1 0 481.69047425562945 172.49989467227812 539.5016836899808 225.80598835981095 1.5095551 1.6220002 4.0330358 -3.1681683 1.4995272 22.561453 1.3922384 4.958789873055041 
Car -1 -1 0 560.7424316681071 172.16019722848205 584.3621785149813 192.190796808533 1.5486042 1.6254313 3.8016274 -2.9284678 1.4949647 57.698975 1.5892711 1.8680072965233894 
Car -1 -1 0 877.454773337401 201.83507121030823 1113.7194480867613 323.8226991645065 1.5180099 1.6121039 3.9106827 6.077773 2.0781975 11.939712 1.5003874 0.4624353349208832 
Car -1 -1 0 740.4546804246021 163.78799605424223 807.5568801449232 203.45665818922305 1.5975685 1.6587368 4.1468434 7.0160775 1.2324549 31.19219 1.4896303 0.42113617062568665 
Car -1 -1 0 422.3617662328167 157.48912072491873 478.9273622150218 194.84632038194258 1.5680647 1.6361678 4.0261497 -7.0354357 0.92312527 32.301643 1.5733658 0.3674837648868561 

