Car -1 -1 0 728.5234093915363 181.46030204033679 922.2068268151183 314.93827078803673 1.5339234 1.6110476 3.6060174 2.8577135 1.6791854 10.352914 1.5417918 97.40813079692414 
Car -1 -1 0 363.1479192661982 190.50421078378702 471.3166213328331 267.8654787638333 1.4865526 1.6142886 3.8209863 -4.3032894 1.9422679 16.689787 1.5327884 56.93009129086067 
Car -1 -1 0 667.324285431549 180.1777036434501 738.1024783234153 239.35528353291178 1.514811 1.6081079 3.5650828 2.585188 1.7431465 20.704468 1.5818988 49.7437189717807 
Car -1 -1 0 444.57546805553756 182.9958426964748 510.7089310316174 232.3804062911583 1.5672045 1.6354022 3.9878545 -4.6096096 1.9566746 25.713085 1.568703 32.79666055724178 
Car -1 -1 0 495.9796383551942 184.18926522532786 533.5683243562395 214.60738658643893 1.5288842 1.6259866 3.9301853 -5.16663 2.184039 39.722828 1.5512879 18.01744773548771 
Car -1 -1 0 637.4137971948662 178.39212475243482 677.0626237068279 211.5091573778142 1.552169 1.6313775 4.0758724 2.3609374 1.8486409 36.566402 1.5432346 10.593223492399018 
Car -1 -1 0 520.8218433791735 184.82574548317515 547.1869951044691 206.09667033903497 1.4990603 1.6088549 3.8727403 -5.815082 2.4496698 55.231903 1.3611026 1.4879520484887323 
Car -1 -1 0 927.8466165392126 151.70173874926576 1119.197922563557 215.2915603685848 1.5399631 1.6361461 3.957464 10.436433 1.0277159 18.363035 -0.03635875 1.8038820915583123 
Car -1 -1 0 713.9000951669849 175.27794952556195 810.4016379426422 212.12177918691185 1.5607746 1.6300759 3.844836 6.6348786 1.6699984 31.59932 -0.051769454 0.3818838596343994 

