Car -1 -1 0 97.88430039852521 190.89895268356153 417.8211615413646 375.0 1.522172 1.6186513 3.823614 -3.4017854 1.5995799 7.872162 1.5796709 69.61816684960496 
Car -1 -1 0 413.3044534720341 183.6671899805368 484.16945803262223 233.66684079304218 1.4914565 1.6185302 3.8616896 -5.063036 1.4452655 23.408684 1.5252562 52.85289162243005 
Car -1 -1 0 0.0 195.06626605536133 213.00218312605088 323.050105693222 1.4917734 1.6130842 3.8201141 -7.6120214 1.6639627 10.621936 1.5266759 71.29981416221767 
Car -1 -1 0 331.0611634652685 185.11470897316838 402.81078336343995 228.4550424146736 1.5103848 1.6104656 3.7752051 -8.921082 1.5068654 26.980103 1.5166738 29.33334146092143 
Car -1 -1 0 158.52727691437056 183.1195398487208 273.3105965934541 233.82926258444758 1.5429077 1.6286756 3.9891012 -12.833272 1.4791294 23.869654 1.574492 19.089488474740538 
Car -1 -1 0 571.1389751923656 180.8522951489429 602.9007401757867 209.5749976635095 1.4881129 1.6042858 3.636876 -1.0562322 1.2620466 39.0665 1.5763047 14.659167579564269 
Car -1 -1 0 247.0574155670394 183.45236630518482 360.7468766389825 247.32585438004082 1.5317693 1.6223776 3.9181893 -7.9625425 1.4894823 19.249535 1.501689 10.796192401882948 
Car -1 -1 0 0.0 192.55249297573258 142.71156113508312 270.17406552688095 1.5224161 1.6164052 3.8154702 -12.547466 1.7101984 16.434643 1.4938979 4.304394792409628 
Car -1 -1 0 378.89153133991766 180.98886272147647 416.64058168213074 205.2038409566985 1.4960403 1.619021 3.9388838 -13.478159 1.2348996 46.4471 1.4795371 4.322366869407903 
Car -1 -1 0 0.0 171.7709766126687 93.54322984915936 236.40168307410949 1.6237254 1.641142 4.020021 -16.039099 1.285952 20.230724 1.1981106 1.2674783736141937 
Car -1 -1 0 480.83550371373315 194.21693962818912 520.5112274550921 228.1182122623056 1.5498409 1.6179159 3.9123838 -5.268111 2.024713 35.924698 1.5132515 1.6917165420484355 
Car -1 -1 0 683.4010411587981 169.4543291310299 1155.4766857104794 375.0 1.5382059 1.6222231 3.930726 1.7056282 1.464581 5.370656 1.5075192 1.5490366661873605 
Car -1 -1 0 630.7712549262845 199.10845146985778 722.3909092728918 245.08165992593234 1.4991752 1.6067407 3.9109395 2.4995584 2.0584316 26.827444 1.1212577 0.25491878390312195 

