Car -1 -1 0 681.8704593666732 181.7044019972618 768.1154590864398 247.30383262338236 1.4870167 1.6072353 3.6205268 2.879044 1.7383354 18.668129 1.5573778 72.36615120902559 
Car -1 -1 0 796.3026129071017 191.57227426806438 1200.2466341877644 375.0 1.4944972 1.6097236 3.6763575 2.993794 1.7112969 6.504353 1.5523926 82.03280118761737 
Car -1 -1 0 238.44076980078577 178.16313753557 433.0780678438641 245.63167025481286 1.509119 1.642531 4.0273724 -6.445844 1.6428783 17.233248 0.062432013 57.52165255035624 
Car -1 -1 0 654.9211090938932 176.90646197733764 702.9557472554019 218.41229764303776 1.5687357 1.6220309 3.762818 2.7761614 1.745148 29.524593 1.5758668 17.706669272475974 
Car -1 -1 0 0.0 173.45997296957685 319.116769148568 304.60417914862717 1.5615237 1.6440022 3.9846125 -6.1524467 1.5702871 9.51727 0.048436034 51.5696950236463 
Car -1 -1 0 337.5344958893298 171.0787672256471 482.3932205638145 225.63564861343386 1.6010273 1.6521144 3.9568276 -6.0313177 1.5489311 22.075321 0.038225874 19.89670867573619 
Car -1 -1 0 53.708324436468445 180.14775439581652 337.0502310085613 282.48848920459693 1.5805705 1.6414866 3.8931556 -6.8680544 1.7133741 12.20695 0.057216883 4.706248354959759 
Car -1 -1 0 386.4818675397251 181.42788086181034 499.41021670298704 223.6874102910643 1.4918293 1.619739 3.9266024 -6.1288157 1.8231742 26.881445 -0.100632206 5.650736023484589 
Car -1 -1 0 462.70039603649184 177.31615875628844 509.87838587147525 218.0693073778232 1.5965972 1.6365125 3.829462 -5.175758 1.7984866 30.672886 1.4923608 4.638810774458069 
Car -1 -1 0 615.0979654705333 179.4219641825104 670.9730516489221 213.97104997415596 1.5486406 1.6271887 3.9638681 1.57015 1.889041 35.272522 1.3163676 0.7595323960346158 
Car -1 -1 0 341.23970457082913 143.67796443811068 407.5124678097635 171.45951090041854 1.4969447 1.6050267 3.9051933 -13.353498 -0.083684504 41.19486 1.8856238 0.7690949797896489 
Car -1 -1 0 271.8584718648317 172.09192972754673 330.68900826894196 198.77903369159722 1.494221 1.6120896 3.9254434 -18.03865 1.4515522 42.402092 1.6241647 0.2659221291542053 
Car -1 -1 0 948.6318859953425 159.26363517419352 1015.3922397754164 196.6744082406572 1.5131357 1.6076686 3.7512512 16.003735 0.9634525 31.182533 1.7729913 0.25444257259368896 

