Car -1 -1 0 729.7056602388036 180.32450349987292 884.6601914005239 289.91375613258157 1.4993789 1.6082885 3.7016623 3.0834904 1.6427808 11.98815 1.5853138 85.39854589718085 
Car -1 -1 0 692.3972596428749 181.00004389647322 769.0660752261202 248.11422082812268 1.4945033 1.6071177 3.5967352 2.9867396 1.7228487 18.37156 1.646809 39.38877247576037 
Car -1 -1 0 368.52066345984997 193.8487636751176 459.4082682796231 251.17145803842698 1.5209606 1.6254749 4.0666084 -6.032276 2.2419906 22.71772 1.6082201 20.049456313949484 
Car -1 -1 0 638.2420435353821 178.96763039794564 664.3696866479096 202.83292512578961 1.519627 1.6214068 3.8651712 2.8667884 1.951526 48.97146 1.6674502 8.511447876172397 
Car -1 -1 0 456.08860565594796 189.98783679366977 487.2406026933246 220.6764406000936 1.5250614 1.6254318 3.9362907 -7.6763773 2.5306334 40.264168 1.3896663 1.59186454727221 
Car -1 -1 0 999.1424816605991 115.89668666046232 1242.0 232.4079771935106 1.5523121 1.6301024 3.954308 8.111119 0.79345405 10.527561 0.050757952 4.777893403824792 
Car -1 -1 0 491.18451471790206 189.04679137920243 526.8078524825468 215.2971294832721 1.4868047 1.6136354 4.0353093 -6.27878 2.551371 45.404907 1.5881131 2.243079911070073 
Car -1 -1 0 670.742016670676 155.15581457875885 698.2840725137377 173.55091054088797 1.4667435 1.614708 3.8388143 6.145929 0.055568248 59.504547 1.499078 0.8287656960356111 
Car -1 -1 0 990.2676099536458 95.59055115561749 1242.0 209.58434690479524 1.5862402 1.6744077 4.182537 8.285156 0.51110804 10.897217 0.009443416 0.8321298128850331 
Car -1 -1 0 1059.7194442536947 116.49493520187134 1242.0 194.4258989703394 1.555896 1.6613878 4.1067486 12.184351 0.4306841 15.666681 -0.22129613 0.25591567158699036 

