Car -1 -1 0 665.0062857852523 178.74824397844563 742.7917525949678 237.51892422368195 1.4847732 1.6176524 3.9326487 2.590163 1.6693769 20.61258 1.5463552 52.296943948610334 
Car -1 -1 0 651.5108650615155 177.49419490192128 704.8642779357098 217.48596936153768 1.5078174 1.6198999 3.9300048 2.7516248 1.7115593 29.675537 1.5168684 18.05619374487595 
Car -1 -1 0 157.78317602826507 181.74847732304843 398.9958990522579 264.5973738315795 1.5235733 1.6404765 4.0444727 -6.448345 1.7109623 14.328825 0.026009362 81.57451450152554 
Car -1 -1 0 551.8154533141609 176.62049859707713 582.1885113764594 202.13094124558748 1.4960624 1.6247154 3.9776769 -2.6064868 1.7408547 44.89903 1.5787189 10.584020763254966 
Car -1 -1 0 391.37784362023655 180.12390214124594 510.2039042923903 222.2922090760015 1.5074921 1.6284627 4.060575 -5.908441 1.7902623 27.096687 0.07714202 6.664017318953243 
Car -1 -1 0 322.9619927161318 172.94579651308788 473.07851957704827 225.84852853385922 1.5191191 1.6307795 4.020892 -6.30807 1.5220126 21.733353 0.09928591 10.100999763767994 
Car -1 -1 0 631.0625057428934 174.90585343857305 659.8743725924495 199.07131288408272 1.5394759 1.6236447 3.6383657 2.3592684 1.6815752 48.124443 1.5376378 2.0632613089132796 
Car -1 -1 0 486.0964400427215 173.91591049107734 519.7261976893952 205.93791810952553 1.5457977 1.6176105 3.9931235 -5.462697 1.6034156 37.05963 1.4301553 3.076539428033228 
Car -1 -1 0 498.0532515951001 176.35283501765002 555.5149037812715 197.95099354663083 1.5039935 1.637717 4.0257063 -5.936129 1.7598598 51.680653 -0.13628274 1.0258831669454587 
Car -1 -1 0 461.49765721868783 189.38540756703537 504.3742824903812 231.64202433236488 1.5264806 1.6297592 3.9546647 -5.232487 2.256924 29.790878 1.3927178 1.39309575155227 
Car -1 -1 0 292.9467499612689 179.5503448210277 418.8931232640017 257.08049814413596 1.5986681 1.6279826 3.8726907 -6.147561 1.777401 17.2425 0.8885331 0.44355179421250185 
Car -1 -1 0 232.6276762482731 157.1761937804608 295.79845170204123 196.12590365393243 1.8810279 1.6673142 3.9852831 -17.576973 1.1238875 36.912926 1.4688189 0.2705531716346741 
Car -1 -1 0 447.34585661075266 192.32735289702188 546.9831842990217 230.82220717937528 1.5873749 1.6461885 4.06317 -4.9621525 2.4837983 32.065475 0.16698618 0.262815922498703 

