Car -1 -1 0 721.9050171297754 183.3463729691835 893.2684399099151 302.0068398168746 1.4872515 1.6067438 3.7156749 2.8661606 1.6779038 11.242343 1.5574374 74.77502276756802 
Car -1 -1 0 786.2374149428681 176.95300753829525 1241.1780363574355 375.0 1.4931506 1.6134439 3.8654037 2.747252 1.5381737 5.992567 1.5708408 45.81461340869371 
Car -1 -1 0 674.5264767206955 178.0125260315304 784.0497866129001 253.40170441719064 1.5015025 1.6128428 3.8376174 2.6169872 1.6344318 16.617142 1.4923931 42.354452953502665 
Car -1 -1 0 515.8630246602402 176.50996435983882 558.0489928223438 215.81443845846542 1.5017707 1.6158383 3.8855386 -2.9536636 1.6635356 29.932772 1.5030203 22.76517351929583 
Car -1 -1 0 456.8480229488846 180.07527334537772 538.3313434911051 246.6000293145767 1.529879 1.6241958 3.8480043 -2.8320627 1.7390299 18.956425 1.5485374 50.386231272922196 
Car -1 -1 0 633.762487308781 171.48999930875206 670.0601577414892 201.02117302065173 1.5405269 1.6137186 3.6770694 2.273971 1.469372 39.51256 1.52612 10.114585707205272 
Car -1 -1 0 665.5495364133436 168.205096276457 741.7380566751905 228.5124561728577 1.6029693 1.6277937 3.82795 2.6534934 1.4794014 21.114958 1.5421665 18.309517055770893 
Car -1 -1 0 556.3850793077659 172.2054275113426 584.1329340187768 192.3225957210891 1.516571 1.6287888 3.9702687 -3.0375652 1.4676769 56.442062 1.6565118 5.567587417102166 
Car -1 -1 0 153.62103789647713 158.94601958292856 299.15470916348505 241.60064076614557 1.7047243 1.6527791 3.9945803 -8.795049 1.4178767 16.955551 1.463877 0.604427565673393 

