Car -1 -1 0 594.7105790238772 173.63810998913976 625.124759233131 203.08814927435083 1.5729246 1.6287714 3.8435206 0.01724872 1.6190935 40.56225 1.5697769 11.808856072236745 
Car -1 -1 0 239.5844857013115 171.50356792765427 321.78320490777776 215.3806019092724 1.5997256 1.6475646 3.9349494 -12.794982 1.5504897 28.323654 1.5056932 5.444617789325703 
Car -1 -1 0 386.51203087794073 182.69891597802285 423.0406222561876 206.65276371349327 1.498599 1.6257547 4.0008616 -13.823747 2.1937585 48.8905 1.49228 6.253357392809626 
Car -1 -1 0 128.11369784059752 188.05251093308908 208.52176249768706 222.55256898986588 1.4984642 1.6128693 3.8569865 -21.296501 2.2767794 35.002426 1.546516 4.935226211124582 
Car -1 -1 0 311.2664803253318 185.62908245557196 372.6375301615122 222.8925284848118 1.5548556 1.6218697 3.9581075 -12.349054 2.184442 33.52899 1.5020043 1.4084517942950616 
Car -1 -1 0 90.02691694005058 187.4399603231576 183.4865814245827 227.0592534884581 1.5305085 1.6170001 3.8593643 -20.362862 2.2021422 31.268774 1.537422 1.655486413643108 
Car -1 -1 0 0.0 189.51296705066034 94.48046219237574 239.80538259130512 1.532292 1.6218346 3.8851097 -20.176607 2.1611633 25.264399 1.5307624 3.028168141794337 
Car -1 -1 0 889.233411333839 148.622719127984 929.6593942792637 171.49580692300893 1.5591813 1.6176691 3.769163 21.295444 -0.100370586 51.369106 1.6652107 0.6116786845347973 
Car -1 -1 0 185.77163142773148 186.26444386751618 248.95952494223457 215.68060312134122 1.4793056 1.6145602 3.8874226 -21.708395 2.2616487 40.098663 1.5019195 0.5848199044135781 
Car -1 -1 0 697.4704749708013 180.82608670612962 762.4933763496437 219.37163231843877 1.5000553 1.5905106 3.6304789 5.0680103 1.8617773 30.808447 1.386335 0.28662896156311035 
Car -1 -1 0 683.7424641295516 175.2644459166808 733.2558238260735 193.85426795351754 1.6939313 1.7195358 4.26081 9.194837 1.9222424 67.19382 -0.13989887 0.2842792868614197 
Car -1 -1 0 661.4978952983159 178.68486469677845 697.4026758443545 201.75570318854054 1.4978055 1.6021135 3.846232 4.787218 1.9172134 49.881584 1.4273099 0.25818854570388794 
Car -1 -1 0 1144.135627272823 129.07966809233378 1232.9969849693211 163.42587863267445 1.5411942 1.6167934 3.8522353 28.354464 -0.4899635 35.48845 1.6900762 0.25338414311408997 

