Car -1 -1 0 525.7800433307259 154.01827197818238 684.7809602455623 216.15939279132834 1.5458453 1.6431717 3.994308 -0.009470921 0.88691175 18.540815 -0.06624975 3.580774456716734 
Car -1 -1 0 234.95553297361798 183.01867392568212 418.2003544732218 292.1731414735429 1.4949872 1.611895 3.9333305 -4.360159 1.5438673 11.766649 1.5391229 12.085409897842055 
Car -1 -1 0 636.0545491074473 176.4693107734052 840.5203968705345 257.0189357068217 1.5940776 1.6825719 4.0548496 2.7713714 1.5141795 15.078178 0.12404435 1.2593543112814618 
Car -1 -1 0 0.0 170.80915648423377 162.26776617865622 267.5773509140896 1.5189569 1.6161542 3.9612613 -9.88198 1.3667374 13.216454 1.3241035 1.145270050157185 
Car -1 -1 0 278.6028562655568 165.0430215466288 483.9145647203167 242.3881687177744 1.6374485 1.6922002 4.113619 -4.97197 1.3100741 16.051905 0.11843251 0.7510112391409101 
Car -1 -1 0 896.3468300427104 179.6618332800546 1242.0 375.0 1.5791069 1.6274258 3.8870187 5.3159666 1.5724214 7.407006 0.6382541 1.764608479434169 
Car -1 -1 0 816.3474503170969 184.31543941158128 1015.8788916448417 294.70673800020455 1.4860098 1.6053126 3.865174 4.842618 1.5589302 11.594167 1.5831237 1.0199128847483538 
Car -1 -1 0 58.034039684340236 205.7548696651017 116.81115221363835 255.44005155158789 1.5231224 1.6308783 4.0229254 -18.883274 2.5250394 25.941536 0.9612052 0.7232801887233166 
Car -1 -1 0 240.0092744043554 213.8444773316339 416.85797993720877 280.1351648978027 1.562764 1.6463712 4.0348697 -7.1917553 2.4891047 18.655598 0.0846371 0.3625852167606354 

