Car -1 -1 0 684.1119647957688 185.22392894648755 775.7063645305961 251.2159306740847 1.4987245 1.6118999 3.7545733 3.0563223 1.8576753 19.021315 1.5192926 60.74552624635637 
Car -1 -1 0 289.1859593317204 181.03203436282948 464.02550936539865 243.63134179755605 1.5241141 1.6282096 3.9815803 -5.910696 1.744385 18.60866 0.005767186 31.513711240758738 
Car -1 -1 0 75.34180377622624 186.21774303779495 374.0098501184352 293.966996551941 1.5032353 1.6230714 3.9701083 -5.975691 1.7344682 11.408984 0.13740656 25.32811685301885 
Car -1 -1 0 237.92154830844677 185.27832425213867 444.19162118851284 257.0248375065048 1.5006417 1.6312957 4.0565577 -5.968461 1.7972369 16.315556 0.04652646 23.75147399104951 
Car -1 -1 0 0.0 181.03157366850857 290.47500503762285 316.0181090288884 1.5503085 1.6480953 4.0384054 -6.5008683 1.6661363 9.30857 -0.043639537 58.12098614694474 
Car -1 -1 0 148.6288801669114 182.54183000318864 397.4704724800532 268.505992990528 1.5330456 1.6385069 4.0231256 -6.3326516 1.730476 13.878994 0.0030497499 20.375089107720076 
Car -1 -1 0 745.1145490109765 185.77014309468845 867.0245260379197 230.31102653887186 1.5305917 1.643861 4.013503 7.0676494 2.016482 26.23307 0.04448265 22.603167406965216 
Car -1 -1 0 524.1825516886955 179.64075493414677 552.4751718611676 205.1262859070438 1.609971 1.6260307 3.745174 -4.8334084 2.0859687 48.62185 1.3987143 5.068987615976211 
Car -1 -1 0 402.0480082000556 163.0752418722415 496.67839154388616 197.73399116398386 1.5406108 1.6372602 3.9625258 -7.2525635 1.1059365 32.914856 -0.01177013 4.107761425030994 
Car -1 -1 0 477.8506411733272 180.17718296261376 536.1993791908212 207.71257085926294 1.5203717 1.6241069 3.8777444 -6.136736 1.9762557 42.91192 0.8697132 1.896743738327178 
Car -1 -1 0 676.6573646567855 182.43238886266414 728.6246464782047 214.6128405360729 1.5294409 1.6102386 3.8664618 4.7806306 2.0550442 37.55102 1.3986663 1.3793632955938673 
Car -1 -1 0 419.33615022774785 181.08149406878874 473.57963163395846 234.09019571115596 1.6003616 1.6443741 3.854707 -5.4529853 1.9026266 24.463276 1.3875945 5.8995834863424 
Car -1 -1 0 466.85993933422816 182.78805884203007 501.626955766937 216.82500304991723 1.5471594 1.6130843 3.8246467 -6.200669 2.070209 35.98071 1.4238219 0.6994948924617326 
Car -1 -1 0 736.6757563524177 176.03735509987234 783.3322178338262 207.33610559266378 1.498245 1.6029197 3.8971097 7.6290436 1.6696364 36.89233 1.5791751 0.34643295407295227 
Car -1 -1 0 633.6750736198851 180.1349322821105 666.9952406505741 208.00719833042928 1.6350204 1.6315148 3.7384675 2.5154772 2.1110249 45.250893 1.5018345 0.5303124785423279 
Car -1 -1 0 627.8195083832992 166.37809750829237 648.1432092888673 184.2772557756704 1.5031275 1.6031898 3.862245 2.43575 0.9592967 62.525322 1.5692595 0.3054194450378418 

