Car -1 -1 0 309.2512087228963 183.8456308660717 391.4766574144768 231.58831314055513 1.4980348 1.6214615 3.89875 -9.056706 1.916968 25.525047 1.5371716 64.94242693623345 
Car -1 -1 0 586.3589183899562 171.05962384820174 612.8462256725443 196.40298609049276 1.5875297 1.6402923 4.116357 -0.6145688 1.4751282 47.263435 1.580078 4.7469561645050025 
Car -1 -1 0 440.1679427710525 179.34428161764268 478.300297384894 202.79007547619094 1.4847577 1.6161971 3.9966927 -10.1236725 1.9423202 48.841595 1.607414 0.9382583758204327 
Car -1 -1 0 624.0282752941364 199.03826957539755 680.8824111568287 249.4130347676113 1.5063207 1.6133441 3.8573475 1.4464241 2.5059428 25.581617 1.5242404 0.5437372922897339 
Car -1 -1 0 480.4105134188165 179.0104199604691 501.2925896978347 195.61299935884404 1.5685713 1.6302264 3.8171663 -11.745279 2.19579 71.562325 1.5188993 0.45487716794013977 
Car -1 -1 0 667.4665559952446 147.77612185182912 695.5223002745819 164.37241141900702 1.4976637 1.62005 3.826477 6.86869 -0.83772504 69.22982 1.3701308 0.4166608154773712 
Car -1 -1 0 320.50628155654306 173.02991443175637 411.43134996197125 230.30259689561632 1.5288757 1.6154015 3.8334355 -7.046963 1.534534 21.241001 1.502013 0.6557205955111826 
Car -1 -1 0 548.9280447503496 174.98974661171636 573.1156872398627 192.43402593100532 1.5207582 1.6239496 3.903418 -4.434668 1.7207756 65.492775 1.3532168 0.7315753102302551 
Car -1 -1 0 186.3900647597052 174.0177794484218 327.00686599665687 259.94174383956755 1.5206398 1.6220393 3.9242506 -7.08597 1.5480293 14.903568 1.3857129 0.3182534873485565 
Car -1 -1 0 749.2031294777305 137.6412531480085 821.7927389397238 175.50481761251888 1.4908317 1.6113832 3.959186 7.3408213 0.10437256 30.48521 1.4251965 0.2721257209777832 

