Car -1 -1 0 59.887637599686414 197.13601689070728 250.5327007532873 295.7826253182098 1.5295458 1.6177197 3.7620168 -8.283711 1.7875354 13.589918 1.444036 95.10327965568308 
Car -1 -1 0 700.0564156930703 180.38023846537791 755.4518926951296 230.17679981019322 1.532512 1.6051791 3.4703155 4.08241 1.3836985 23.995602 1.8009045 43.72210220825706 
Car -1 -1 0 242.94838128035937 192.24123107886587 309.5241999298105 226.4672374611803 1.507081 1.6159824 3.8950865 -15.777408 1.8634825 34.47026 1.5043226 12.418576066415724 
Car -1 -1 0 209.24589411258614 194.67366474040062 262.816355427948 223.7932284901517 1.5075607 1.6182374 3.7799 -20.844273 2.066925 40.514942 1.400499 7.900691991581427 
Car -1 -1 0 405.21843724168974 183.28977537213012 432.8300530903842 203.74445229649837 1.5103339 1.6176505 3.820593 -14.38028 1.3681275 55.08374 1.4301856 5.192290333988142 
Car -1 -1 0 781.3796641634042 180.44375554968502 814.0062313532277 202.1302285753029 1.4942446 1.6240088 3.8720646 13.714087 1.1654475 51.62889 2.002503 3.660321614213009 
Car -1 -1 0 371.4759943188878 182.74013569647286 423.8139075806158 220.84356365875064 1.5477921 1.6146309 3.8318648 -9.023362 1.4472327 31.205069 1.4405532 0.8189246923942729 
Car -1 -1 0 0.0 207.80620361076035 152.29073154001338 305.3087441915595 1.5501726 1.6176529 3.8597198 -10.705188 2.0703337 14.472393 1.284433 0.5809448466257339 
Car -1 -1 0 284.192084872129 188.76106129974892 366.09137355329636 239.0777015390393 1.5359169 1.62541 3.8981972 -9.402273 1.6655619 24.257883 1.4568397 1.5791706960228047 
Car -1 -1 0 485.1238083750886 179.27652814523393 525.7103722149451 217.96990498616984 1.5453098 1.610888 3.580327 -4.311566 1.3081152 30.589567 1.4391801 0.9876028250576844 
Car -1 -1 0 0.0 197.42283818001698 102.06688306830566 240.1170189777505 1.5881147 1.6340473 3.915024 -23.105583 2.129737 29.89053 1.5084658 0.29668137431144714 

