Car -1 -1 0 293.07867383991686 192.50466363071752 442.2013019182922 294.6213553296333 1.4891884 1.6129562 3.7491715 -4.217193 1.8997687 13.166474 1.5253175 59.05146517314318 
Car -1 -1 0 784.8833198772724 182.8340005644333 1150.5751851607429 375.0 1.5242507 1.6110395 3.5934672 2.9307938 1.6435586 6.812517 1.5497984 107.7750966712038 
Car -1 -1 0 681.3192195089445 179.22812734328934 772.4443300456306 252.3017316992174 1.5219265 1.6085367 3.5870194 2.6735816 1.6892581 17.141647 1.5788698 49.01024340411582 
Car -1 -1 0 417.76409767419506 184.2872558572521 500.73415116357046 242.69296899959772 1.571969 1.6362464 3.973669 -4.514222 1.9557347 22.212265 1.5958307 57.39129740165815 
Car -1 -1 0 490.40096243663135 184.81781043257985 529.3403896307267 219.16847746946343 1.5593538 1.6289376 3.893973 -4.938358 2.1914759 36.132263 1.512624 10.02147447836906 
Car -1 -1 0 644.8945128505658 175.99669072238441 691.638296697249 213.46128364503275 1.5883791 1.6362882 4.0611362 2.6206236 1.7411132 33.001945 1.5266939 12.545356310481267 
Car -1 -1 0 525.1778240012814 183.53268870311885 548.67866894634 206.5879906980963 1.5379378 1.6228634 3.8400397 -5.25478 2.3368526 51.98207 1.4582062 7.200055854641265 
Car -1 -1 0 693.4718071499868 174.8458286301677 809.8192217738286 216.28853667965893 1.5502362 1.6722846 4.146567 5.472332 1.6304395 28.069298 -0.072593115 0.3421749770641327 
Car -1 -1 0 549.5761193313235 181.83238171394402 577.6660539029492 197.99829771604877 1.4822905 1.6229799 4.0682683 -4.4686007 2.3894281 70.73395 1.8058677 0.30713120102882385 
Car -1 -1 0 375.24625963329385 181.19879261208175 448.990263005442 228.09237934843284 1.5736883 1.6280937 3.9438803 -7.260849 1.9077215 26.900776 1.5828791 0.2889571785926819 
Car -1 -1 0 1021.7006767548464 113.89828791116034 1242.0 195.6535516691338 1.5741165 1.643876 3.9414341 10.867741 0.43898267 14.771391 -0.02908377 0.48902661434886285 

