Car -1 -1 0 950.5936945909815 162.72644276075798 1096.1679853257328 243.55655133600422 1.4885232 1.620351 3.9447422 8.615182 1.3020196 15.3914795 1.7975873 55.24301968142115 
Car -1 -1 0 853.216365056628 166.82640993740327 937.732232685363 238.05104094068219 1.4932288 1.6052611 3.7924778 6.6864862 1.3668599 17.177065 1.8770062 37.50531750538168 
Car -1 -1 0 423.8608131174967 187.42570903448376 551.0550413334638 267.8032427743628 1.4687759 1.5985801 3.7589586 -2.8092902 1.8319162 15.951237 1.0592115 57.97525699282004 
Car -1 -1 0 314.4104862954356 183.32968694783054 373.31525823421066 225.0828025737079 1.5098605 1.6130459 3.6907024 -10.76288 1.961343 29.096388 1.0435495 18.18038371150068 
Car -1 -1 0 579.2985909521791 168.20708157003193 874.3302788204426 336.1705501722693 1.637425 1.6314265 3.9466476 1.2118876 1.5921235 9.158409 1.0776516 76.84316178702875 
Car -1 -1 0 1046.191537370649 153.1975248082586 1242.0 225.82322173573357 1.5339726 1.6207541 3.953908 12.950487 1.1187959 17.375942 1.1560763 10.769165594685804 
Car -1 -1 0 305.1264503673419 182.66441348058777 345.37013890638633 218.18116026314087 1.5244575 1.612713 3.7862825 -13.500965 2.0169451 34.164097 1.1527519 5.689150660357131 
Car -1 -1 0 496.55470587599405 172.56345026198593 590.0368405166088 209.1189532886476 1.5816257 1.6463628 3.8911424 -2.9333286 1.5690545 32.31568 0.14592218 4.394047420568586 
Car -1 -1 0 108.6487781143098 188.87154318283953 162.032491592015 220.54956726720093 1.5196949 1.6218004 3.932555 -25.482105 2.4302604 38.891468 1.1989622 2.922688355446728 
Car -1 -1 0 1048.4341075403713 130.13540459089316 1224.7521133529042 189.3634797060854 1.5809345 1.6203017 3.9059389 15.439715 0.44067615 21.367527 1.1001945 1.3090920076179946 
Car -1 -1 0 859.6578139881917 155.29330859876845 969.7501118196218 200.32239945848107 1.570087 1.6358991 3.9719737 11.420605 0.9577757 27.300203 1.2573769 0.6747231226324188 
Car -1 -1 0 433.6911172914077 177.46528006771877 518.135503026247 207.57004919556158 1.5137799 1.6334308 4.0288253 -6.9493093 1.7615365 37.689415 0.1335504 2.1482229484631823 
Car -1 -1 0 701.8847867033487 143.8366408917611 776.9002103404611 177.44109061873215 1.5318657 1.6169609 3.8386412 6.2215815 0.20910329 34.970585 1.1140556 0.8739682398847202 
Car -1 -1 0 1048.9468795965233 134.13276983185034 1154.6280010429275 183.7926959864456 1.6284921 1.6177106 3.704415 17.269274 0.35871124 25.289785 -0.52517664 0.3720909357070923 

