Car -1 -1 0 571.9000528087035 159.08144963249245 620.311043138473 206.11930528115386 1.6528537 1.6346556 3.8633575 -0.36679927 0.89999944 26.82497 1.506638 17.58666458481207 
Car -1 -1 0 552.7229064178091 165.1471973583413 604.745979205994 201.54167525027535 1.5207047 1.6098231 3.882763 -1.1962655 0.87892807 31.61668 1.3419267 0.6054750497959007 
Car -1 -1 0 899.5759575395641 207.52247922207422 999.5085100750808 286.9184538089967 1.5180902 1.620351 3.930459 8.195341 2.2516499 17.079723 1.8809111 1.806662745396273 
Car -1 -1 0 879.1277743966482 137.2924984769399 1242.0 375.0 1.5155499 1.6170397 3.8785167 3.7264256 1.251823 6.366969 1.7492721 0.8324007987976074 
Car -1 -1 0 1027.7804823500842 195.77568174383399 1240.8955574302163 297.455162659309 1.5158111 1.624748 3.942862 9.626526 1.8471677 13.2557125 1.7577648 2.146726044587867 
Car -1 -1 0 991.9135673111824 218.8164992842296 1242.0 375.0 1.5023242 1.6288149 4.004996 6.485632 2.119877 9.248496 1.8486958 0.7167763168095146 
Car -1 -1 0 855.6484538856784 209.7484256356286 1021.4767273052458 278.1675364573734 1.5159733 1.6204137 3.9067774 9.099455 2.4110615 19.54919 1.0357287 0.4423322638941213 
Car -1 -1 0 782.3977403372536 199.0283169675693 950.3768136686891 368.0750805217771 1.5363333 1.6188593 3.850448 3.480058 1.8259032 8.9684515 2.0210145 0.3149048984050751 
Car -1 -1 0 475.0190364925023 165.26530649868118 509.5436279806644 197.6780675815288 1.5257626 1.6117933 3.8339546 -5.6000404 0.8083104 35.3073 1.4034328 0.25428807735443115 

