Car -1 -1 0 0.0 189.68374496258926 295.88068236150775 331.72126328801556 1.5169215 1.6405823 4.0639577 -6.1839867 1.7399015 8.730998 0.0041784556 67.60003787716484 
Car -1 -1 0 655.5911302289072 182.2171074028222 728.0426167593796 236.73238128935768 1.4879569 1.6149375 3.8643131 2.4523368 1.8034683 22.342474 1.5189424 56.698600441264894 
Car -1 -1 0 14.72630124209379 187.08461845458314 335.80002790606756 296.36105382619843 1.4988916 1.6299008 4.0106897 -6.518277 1.7360322 11.082912 0.06366225 22.655756980517307 
Car -1 -1 0 707.84559274029 184.66447062808524 866.8957514391129 288.92624634030994 1.5139132 1.6146222 3.7795737 2.9730935 1.7566309 12.8740425 1.4813757 61.84088208117154 
Car -1 -1 0 641.8748353621536 180.18110101824175 693.0089209158211 215.74943678812227 1.4972444 1.6142154 3.8744621 2.6004882 1.8551325 33.224014 1.4522228 9.656722944727113 
Car -1 -1 0 370.61312480000515 185.1108289455322 498.27880986548524 229.01630680040716 1.5043029 1.6502079 4.212227 -6.3192635 1.9675503 26.2742 0.08274862 25.382976116066782 
Car -1 -1 0 147.68938007889543 190.51185960142584 389.98657352435123 281.1556428421269 1.4944865 1.6163654 3.9688764 -6.357367 1.8569137 13.590431 0.21849728 12.41631917034661 
Car -1 -1 0 333.303859662819 183.92348500406013 427.9656334655829 250.48318356388793 1.506447 1.6265153 3.9662027 -5.9164677 1.8306383 19.07341 1.464439 19.096377670046365 
Car -1 -1 0 193.77555924117107 185.10521126108694 407.8275182802251 261.19053949756943 1.5283159 1.6260431 3.961706 -6.599959 1.8096849 15.676449 0.041674335 18.55241250577837 
Car -1 -1 0 446.5875329820983 166.50897308369176 498.68678750524003 203.04869247529388 1.5383939 1.6179538 3.8075757 -6.057563 1.2712556 32.284103 1.568115 3.1859057754393754 
Car -1 -1 0 385.0516609891076 176.7659141615023 493.879164732359 216.82871460120657 1.5451186 1.6303133 3.9511666 -6.7502546 1.7064224 28.875462 0.031234909 2.994767145026697 
Car -1 -1 0 495.28228713483946 178.93305017342774 531.4382446473868 209.1840213995736 1.5439651 1.6285073 3.9703288 -5.2367578 1.8951023 39.65767 1.5259002 2.4959281815396754 
Car -1 -1 0 757.1085151144454 198.35757315583845 846.8058626854511 254.09205856193933 1.5631895 1.6182196 3.9167528 6.316664 2.4876308 24.124262 1.470258 1.9858322424421588 
Car -1 -1 0 629.0814256357152 177.46205070818587 655.1656174866729 200.7150649003541 1.6085536 1.6214159 3.5785046 2.335177 1.9550924 52.447098 1.53826 2.459335766046967 
Car -1 -1 0 742.9804631008626 169.27778081879728 812.8432692500608 195.7361378982611 1.5635889 1.6511496 3.993876 10.292691 1.3522476 44.09197 0.3447073 1.110417379803623 
Car -1 -1 0 357.6481251988495 169.4774433035995 401.30640779495616 194.80778703893068 1.5296733 1.6164947 3.8885279 -14.462229 1.3257663 45.540222 1.5412357 0.4320615231990814 
Car -1 -1 0 297.038674460391 177.20361051278834 416.7948358758082 236.32790359688883 1.549294 1.6104102 3.9342055 -7.305942 1.6901675 21.290922 1.7474463 0.33852776885032654 
Car -1 -1 0 220.42029680345183 172.5610741800978 310.55699714988776 202.86813294788234 1.5890632 1.6621588 4.040028 -18.390432 1.5737042 38.673363 0.005221029 0.3207862079143524 

