Car -1 -1 0 96.61975589358823 180.04901970168714 419.75046870859416 317.1233548758124 1.5130348 1.6135734 3.8779738 -4.7173924 1.6360604 10.259918 2.11221 109.75400180384835 
Car -1 -1 0 948.5647404119647 183.7258198841939 1029.1553742156786 249.50908574538562 1.5561702 1.631779 4.037222 10.540045 1.8885055 19.916214 2.1398757 46.63839372342735 
Car -1 -1 0 611.5940191277431 185.2899311163696 726.4475023053203 246.41738667135624 1.4986516 1.6113034 3.8716176 1.7903352 1.8890167 20.588673 2.1514988 63.23873607270011 
Car -1 -1 0 839.599888915366 183.33334339654604 887.9065160147604 214.74109071570373 1.5183506 1.6281352 3.9864812 13.579369 2.1072736 38.424377 2.1203406 20.099448175890966 
Car -1 -1 0 777.4632507120804 182.73518408747117 838.7822312468184 221.43524889439541 1.510346 1.6195238 3.893015 8.671945 1.9678115 31.315536 2.0993476 42.471300355516455 
Car -1 -1 0 1012.7636536388583 186.30773133319818 1057.7377761092068 216.96463502021294 1.4286284 1.613368 3.9060097 22.11102 2.1688895 37.589252 1.997713 1.0157987650144815 
Car -1 -1 0 649.2934122517256 175.48618711204466 765.152759096148 245.89264641701314 1.5334532 1.6183177 3.8507564 2.5355253 1.606523 17.950298 2.060461 0.5525978092921484 
Car -1 -1 0 192.98599831800016 176.638126467575 507.68134637055454 321.71646097894785 1.5017735 1.6109589 3.828291 -3.187116 1.5631354 9.638358 2.0889277 0.3929387157068732 
Car -1 -1 0 827.891157084087 179.80512781528873 878.7249517502868 226.98829699484847 1.5423801 1.629323 3.9751356 8.827758 1.8168726 26.35462 1.8637102 0.27922454476356506 
Car -1 -1 0 860.9861207749747 178.1256809600162 911.0816606562738 218.4571347196666 1.5991266 1.6491 3.937949 12.039778 1.8433344 31.29516 2.0353663 0.270915687084198 

