Car -1 -1 0 717.7682423260993 164.77666232989125 758.4504496051112 187.44693875950014 1.5343719 1.6186466 3.8449845 9.012793 0.98768044 50.86625 1.4021456 4.738763924449091 
Car -1 -1 0 477.99921973090215 168.1900831218458 563.6725323685896 199.4072358016094 1.5070953 1.6328193 4.0995283 -4.458291 1.2819315 36.101562 -0.23282136 11.256611701738837 
Car -1 -1 0 922.1541267583124 163.8727568571809 981.1774354564055 185.94358016858754 1.5179503 1.6134448 3.8270774 24.44729 0.90025306 51.695892 1.2443895 2.0072498175739906 
Car -1 -1 0 746.2667431416937 163.36769390119863 792.4145947447475 185.8114660858508 1.5608346 1.6226249 3.7761655 11.5137 0.9011166 52.22063 1.2781913 4.313781225132567 
Car -1 -1 0 802.4089889636665 163.9412831846043 842.161080975442 186.09086514195195 1.5316473 1.6286638 3.982334 15.246405 0.9153312 51.89859 1.5545478 2.3784444059471244 
Car -1 -1 0 0.0 175.8174157718415 51.42632868960781 202.60347452425725 1.5293787 1.6083758 3.7122207 -35.67153 1.7166752 43.61962 1.3589095 1.3865395228773132 
Car -1 -1 0 994.0956091970191 158.16328025785586 1053.319129714891 179.22395989586184 1.5223253 1.6096315 3.717422 31.033312 0.46043837 54.173992 1.2408085 0.5221468210220337 
Car -1 -1 0 857.9237241600764 161.48798980094506 928.8584873137962 195.00681702188874 1.4728377 1.6042212 3.6844914 13.133966 0.9734081 33.609035 1.4849606 1.1084187388243125 
Car -1 -1 0 0.0 170.55293965550777 132.42763583292646 240.060204491885 1.5878835 1.6560882 4.08713 -14.138728 1.535316 17.683655 0.19061677 0.4443214535713196 
Car -1 -1 0 128.91712422074144 172.127579437504 193.68397857957115 195.20325794669014 1.5487165 1.6359055 4.1474433 -31.334002 1.4999628 50.57879 1.6843059 0.2837822735309601 

