Car -1 -1 0 0.0 194.00288165555938 332.73115004637054 317.8436730490589 1.5073053 1.6237103 3.9527314 -6.135726 1.8286593 10.031969 0.061447144 62.69343519202868 
Car -1 -1 0 678.3064868861017 180.95708633788652 768.3249899141521 248.33074859657233 1.4958194 1.6139195 3.8367898 2.785717 1.7244344 18.421059 1.5484827 37.64336951600484 
Car -1 -1 0 709.0687691565048 176.5703141055438 849.611206735506 285.68878144090445 1.5726367 1.6287822 3.7682908 2.7402775 1.6464963 12.434453 1.5981349 73.42502984068278 
Car -1 -1 0 113.60276097612633 183.6430345402611 387.95404948815127 280.08546806098565 1.5440235 1.6387804 3.991775 -6.1265264 1.7471545 12.670507 -0.04803288 37.4146603710846 
Car -1 -1 0 190.7857188636498 184.8490809004041 410.0662928329159 261.62925323897906 1.500608 1.6219587 3.9323916 -6.4031115 1.7677531 15.218642 0.020386826 7.067864111151749 
Car -1 -1 0 445.339687309667 180.61871730637847 531.1698751908976 211.4752252192499 1.512861 1.6498938 4.1096354 -6.1158633 1.9170353 36.68642 -0.022795396 6.505202631316608 
Car -1 -1 0 654.3117704572674 175.4186534747547 708.9480102914539 220.4822333760051 1.5946387 1.6217067 3.7717676 2.6919117 1.6997197 27.656565 1.5440674 25.631410148773668 
Car -1 -1 0 635.7792060022992 178.09464000716756 670.7796778508235 206.37337708061 1.5221858 1.6057703 3.6800942 2.4658012 1.836624 41.41371 1.519831 5.971288511775793 
Car -1 -1 0 392.8404987119774 181.04411646555906 449.4119951882441 226.68358612295202 1.5290433 1.6227553 3.9561462 -6.967963 1.8589861 26.992785 1.4254593 3.0471239902968708 
Car -1 -1 0 416.69347305618 168.6294297284509 516.0479337830387 205.31918498747152 1.542076 1.6370035 3.9351015 -6.1572385 1.3645165 31.267166 0.063038886 2.604483700704425 
Car -1 -1 0 807.5991133715007 165.89378287194867 907.4983459436204 202.24047453972724 1.5909956 1.6665355 4.0222855 11.151734 1.2863274 32.664158 0.12655745 1.5471230525612147 
Car -1 -1 0 440.35004071959014 181.94973924823208 501.75790591265127 227.00075166647548 1.5037339 1.6208035 3.9955928 -5.081076 1.8684938 26.917059 1.5446973 2.545444046776323 
Car -1 -1 0 318.779992651403 180.7038823935777 469.02287241559253 234.03033843104893 1.540123 1.6525334 4.072079 -6.4866967 1.7887102 21.97308 0.024714284 3.865553466840842 
Car -1 -1 0 809.6851519533421 151.1313321372282 884.8870136663209 177.25127882249268 1.5110689 1.6435608 4.0154166 14.057555 0.2543874 42.84068 0.14266609 1.0155762008216074 
Car -1 -1 0 29.705537160256775 169.90412975210444 161.44054496106236 216.5695189654918 1.5073724 1.6210523 3.969665 -17.87605 1.4120864 25.341393 1.6375576 0.6488326635733609 
Car -1 -1 0 725.8349320033359 134.94494208967458 789.2665625985125 163.4712600635278 1.5150423 1.6187384 3.8695118 8.510249 -0.57075554 41.79559 1.1376857 0.440422385931015 
Car -1 -1 0 615.6771334981462 173.97836853780035 639.0288600243531 188.89207172920743 1.4997245 1.6270572 4.0925508 1.8204067 1.6200275 75.042755 1.3899525 0.8906007487195112 
Car -1 -1 0 510.6845156673185 181.59104898917337 545.6705528271353 205.92761112507992 1.4986318 1.6098142 3.8564136 -5.350792 2.1019552 47.840595 1.6473119 0.31722232699394226 
Car -1 -1 0 380.885391215385 150.26364008182256 427.8201805304651 173.9301488654536 1.5383145 1.605675 3.900791 -13.8611965 0.06994903 48.945553 1.7156632 0.3146200478076935 
Car -1 -1 0 465.2794175121979 178.92802754020116 532.3178183331709 208.95148523403878 1.5137557 1.6152679 3.8972423 -6.0439596 1.8595648 39.124496 0.7922138 0.42508831862149343 

