Car -1 -1 0 579.3911411932462 176.85077824443087 613.7398848369476 210.0719449203984 1.5699264 1.6470884 4.14968 -0.6330119 1.7846016 36.676537 1.5659858 9.20919619735089 
Car -1 -1 0 75.13934332161264 187.01165407988321 172.40081636474318 226.09566645334783 1.5156022 1.6259654 3.9800541 -21.03412 2.1719592 31.442787 1.5478938 1.6067984036287644 
Car -1 -1 0 801.6250030776027 178.615845082281 886.4938509591485 229.77117601687326 1.5125992 1.5995097 3.4459972 7.523622 1.7137792 23.459347 1.5570799 0.9053064513500192 
Car -1 -1 0 767.3422670084366 188.53187478842702 809.298359660282 207.82161543765324 1.4879078 1.6124398 3.9304864 15.119891 2.8641224 61.218353 1.2531291 1.4951850002670233 
Car -1 -1 0 674.4871703712345 176.83298828823428 806.5941088075015 228.6474567910555 1.5151515 1.623195 3.9443183 4.167265 1.6544378 23.326733 0.7420981 0.540815532207489 
Car -1 -1 0 237.8158233797115 184.95416805083974 290.77409213535617 211.40660409144866 1.4978362 1.617826 3.8973987 -21.305616 2.2805505 44.6778 1.507783 1.6268890100070417 
Car -1 -1 0 142.70376475278343 203.8523552360468 395.3439679292977 361.8845449871627 1.5366476 1.6237812 3.7679315 -4.222467 2.0323493 9.647921 1.5628527 0.8476032375644666 
Car -1 -1 0 488.0676393180533 197.72627117160246 525.5433287628994 235.30807584471276 1.4842045 1.6116694 3.946775 -4.7361674 2.7032413 33.297363 1.4307289 0.3800341486930847 
Car -1 -1 0 0.0 190.0458035425208 93.40858658728129 240.13307565271336 1.5056169 1.5917261 3.7143176 -19.806252 2.1466646 24.963352 1.4467818 0.36746641993522644 
Car -1 -1 0 790.0160781748594 185.47446625741682 838.2170637504398 205.6228754333744 1.4786944 1.6065311 3.949675 16.323416 2.5262039 57.75637 1.1770067 0.3623374104499817 
Car -1 -1 0 78.31195431459285 189.20284288337794 164.95537213057074 224.97055830911904 1.5434654 1.6250391 3.901413 -23.487461 2.3790665 34.907883 1.5457585 0.5718592405319214 
Car -1 -1 0 691.351371316502 154.17575561797568 729.7912080536089 182.1816177823122 1.547782 1.6251466 3.8366652 5.915174 0.5155032 41.94921 1.8692124 0.34966209530830383 
Car -1 -1 0 404.78481565917986 184.57285051963558 495.68858546660766 245.99787745420443 1.5417291 1.6237613 3.8196228 -4.474153 1.9110718 20.79636 1.6157018 0.3467964231967926 
Car -1 -1 0 518.4734584428088 153.7916217120292 540.8430839059769 172.62356342967712 1.525477 1.6023102 3.6777697 -6.6554036 -0.01987505 60.362488 1.5317491 0.3431435227394104 
Car -1 -1 0 657.8547965255992 178.2616667677538 708.7582256509769 204.5231016766932 1.4886127 1.6082209 3.871738 4.426696 1.8329539 43.853207 1.2419792 0.333597332239151 
Car -1 -1 0 479.465771858434 180.08371634889482 538.9065904059051 224.2564077481545 1.5601358 1.633608 3.9784038 -4.008484 1.8654923 28.33055 1.2547351 0.32677778601646423 
Car -1 -1 0 520.6871799634713 176.45933257603514 541.1056301092984 196.21234044109514 1.5700614 1.6230628 3.788181 -6.5724726 1.8800422 60.055565 1.4446058 0.31443268060684204 
Car -1 -1 0 215.8930119301738 185.11806357259138 274.20907599843287 213.17653354719383 1.4896498 1.6157546 3.8854043 -21.15199 2.2377717 42.028843 1.5134652 0.989938758999649 
Car -1 -1 0 661.2622340869938 175.86177709901506 710.7788498506238 204.79430936768333 1.4959246 1.6036862 3.7574458 4.153232 1.6699122 39.730854 1.3540297 0.26748260855674744 
Car -1 -1 0 808.2980489708655 193.33628243703194 877.0856708582838 227.2409285816244 1.5203395 1.6102554 3.8870347 11.849276 2.627392 36.927776 1.3550394 0.2663937509059906 

