Car -1 -1 0 801.2687066806698 175.21667925328256 1015.8492913822431 249.21921348106025 1.5532503 1.6612465 4.1178627 6.5776353 1.6091297 16.134443 -0.049042758 89.13933483416166 
Car -1 -1 0 72.53583884079873 168.0980938951616 356.6030284166766 263.78332316135266 1.527919 1.6384617 3.9887955 -6.623743 1.4519758 12.380115 0.019755974 34.11526613890805 
Car -1 -1 0 327.4517479974022 173.4804417175058 473.07707768946614 227.27949690984826 1.5794456 1.6552087 3.9740663 -6.3099895 1.5993203 22.047314 -0.008552246 39.025068781861975 
Car -1 -1 0 152.85974114622368 178.98829377425636 380.6284050196396 257.85623228892604 1.5149245 1.6198152 3.9315827 -6.942974 1.6486623 14.862665 0.029772555 10.383955706477327 
Car -1 -1 0 454.12463680254126 171.2456735928616 500.6399261421509 216.51657454749952 1.6313748 1.6533263 3.8752215 -5.0708666 1.5734173 28.03995 1.4220346 5.817707669670697 
Car -1 -1 0 651.2336108038448 172.47623830713437 711.4680045605753 221.4726829247351 1.5786524 1.6303968 3.8415928 2.4268475 1.5664809 25.18806 1.5461433 4.184810554440787 
Car -1 -1 0 537.3450629364927 173.75115569600842 560.0003775194585 191.5829044316889 1.5079962 1.6268315 3.9572353 -5.371552 1.5893261 63.31964 1.3952425 2.2724193577478196 
Car -1 -1 0 394.8782581994709 171.4525049430074 445.7108893556534 203.31288953640885 1.5968938 1.6227369 3.903809 -9.932203 1.5266484 38.125603 1.5821241 0.7838142915059113 
Car -1 -1 0 494.0647880099058 159.1910438032416 541.2783531106304 176.36103550193695 1.5232341 1.6384882 4.039953 -8.230314 0.31112596 64.84068 -0.0050998474 0.6578636921092009 
Car -1 -1 0 474.13230057987636 173.88275289283158 539.8511657296884 199.88591294263523 1.5710084 1.6510291 3.9747946 -6.397895 1.6366596 44.865932 -0.1867158 0.28749480843544006 
Car -1 -1 0 317.3499044863107 172.52755610002296 379.32438815027206 212.30503733640984 1.5943427 1.6252426 3.748109 -11.091116 1.5812582 30.866283 1.4706007 0.2729724049568176 

