Car -1 -1 0 121.52175785822374 189.52285541000504 222.98769564357173 234.1022976937649 1.5166346 1.6223814 3.8853269 -16.810822 2.207816 27.964067 1.5555391 45.12204355535518 
Car -1 -1 0 649.093055101923 177.30494330573586 719.8056701141986 211.50001203726006 1.4826014 1.6067233 3.8591413 3.44968 1.704719 33.917557 1.156421 0.7628719230951381 
Car -1 -1 0 587.2280179715444 154.84986273660994 634.1560512687314 173.16079420139434 1.5648733 1.6564486 4.0113835 0.12264609 0.026218653 62.567627 0.0381806 2.336381818481104 
Car -1 -1 0 207.6050386883232 184.05887363952291 267.5956698999932 211.40056317832122 1.5090082 1.6208513 3.880199 -22.271702 2.2125483 43.36014 1.5655425 1.132250112354273 
Car -1 -1 0 695.3120066825072 169.79455310791482 739.8122400888923 198.2580080262613 1.5355972 1.6238091 3.873336 6.069258 1.3705405 40.929222 1.4798235 0.3607977628707886 
Car -1 -1 0 945.9742637310943 154.19762440026577 1011.4974889787918 211.16139270035205 1.5593426 1.6263882 3.8373656 11.139744 1.0486375 21.830973 2.0374515 0.3221324384212494 
Car -1 -1 0 18.73393384873573 183.99972710827302 127.17903744512604 223.1637800003061 1.5293709 1.6261381 3.9524336 -23.165014 2.044716 31.34343 1.6263605 0.6481934531268542 
Car -1 -1 0 0.0 193.35752306063983 112.23351408875155 243.55472862828336 1.5540662 1.6371537 3.95288 -20.258924 2.352445 26.051804 1.6637352 0.30975812673568726 
Car -1 -1 0 899.9898175291357 149.48638065607432 1105.5891435998706 248.64279072961898 1.5272484 1.6042733 3.701538 6.8170133 1.1673305 12.986219 1.542404 0.3030596971511841 

