Car -1 -1 0 618.592269591867 175.1717078470347 711.8510263047365 262.3754208018078 1.4940366 1.6116985 3.7770116 1.0465395 1.5464255 14.386798 1.6155857 27.772412753541904 
Car -1 -1 0 109.64934573594537 174.58483035167575 394.5266013383748 347.9902387694246 1.6010896 1.6369581 3.8911097 -3.91006 1.6266614 8.680936 1.5272927 31.73119603744112 
Car -1 -1 0 0.0 154.92813701263145 420.30071517117904 324.5137815198856 1.544347 1.683142 4.298993 -4.417247 1.3811035 7.752595 0.16431671 1.5746856444537913 
Car -1 -1 0 13.717051684632803 127.94918510390453 260.67092171558187 267.89687604542445 1.5891812 1.6302301 3.8507826 -6.3552346 1.0792629 10.243504 1.3681242 0.7258275747299194 
Car -1 -1 0 617.6326339619989 178.39975076965462 664.5619762550135 218.8313446861885 1.6471708 1.6465205 4.1874137 1.4703101 1.9114637 32.191734 1.7233531 0.5135090351104736 
Car -1 -1 0 440.14042125131186 163.74603282821943 486.48907353424374 190.3919054920616 1.5461007 1.6282185 3.9302034 -8.840546 1.0176196 43.91185 1.6854372 0.4633609652519226 
Car -1 -1 0 609.1652136955431 167.70358017058632 638.6684775496049 192.77284691104117 1.6190884 1.62953 3.8223734 1.0038141 1.2864504 48.5925 1.6861756 0.7668206681012177 
Car -1 -1 0 412.82371353252944 178.33770646423744 473.65940746903976 224.72466629169386 1.5242412 1.6202853 3.8801184 -5.951225 1.7384572 26.184368 1.485748 0.8044080777687707 
Car -1 -1 0 813.8166262025544 138.37561410521337 1242.0 304.29588732921536 1.5392087 1.6283497 3.995883 4.371722 1.2193596 7.673145 0.08433924 0.4915198510204761 
Car -1 -1 0 644.8163375116887 171.54216703872243 712.6024263328926 196.51744610865762 1.5262709 1.6358821 3.9809177 4.2920675 1.4461029 45.09352 -0.093098044 0.2928800880908966 
Car -1 -1 0 539.6868183355073 176.94240176249298 555.9575064697897 192.30730623370997 1.5028378 1.6098387 3.6714654 -6.284045 1.9299387 73.47973 1.4867231 0.48786093025889005 

