Car -1 -1 0 559.749924990588 178.99619192020305 623.3913507608123 239.0612900816503 1.508976 1.6016667 3.378065 -0.4612788 1.3527274 19.779926 1.5296035 33.12547571394098 
Car -1 -1 0 387.15987993198326 182.6230795813275 504.7885301839859 264.32142878597585 1.523457 1.6212453 3.8579447 -3.2827573 1.4751116 15.339152 1.5775442 66.76952890256327 
Car -1 -1 0 172.2873779384487 192.1459721822893 443.59209977347723 356.82555497146114 1.4851613 1.6225644 3.9780319 -3.2222166 1.5877068 8.643735 1.5658623 79.3518393331662 
Car -1 -1 0 252.6028836592482 181.37041152869764 366.0647367179063 245.67609775859637 1.5498605 1.6206479 3.7609544 -7.821194 1.4571835 19.24049 1.5258107 56.37852163663575 
Car -1 -1 0 508.4454930786087 176.65067763306777 555.5814828075037 213.33725032143818 1.5662694 1.6297932 4.042468 -3.357449 1.2006007 32.730774 1.5951349 11.609213814245294 
Car -1 -1 0 384.52814741657534 177.7312663665944 451.6517978329765 216.09772528039522 1.5590966 1.6175115 3.7595935 -8.113132 1.254952 31.15987 1.6653247 6.155251139916627 
Car -1 -1 0 335.5579280204582 177.99167499354232 387.00402617181 208.18876100422918 1.5076573 1.6114904 3.7250242 -12.861035 1.1469817 37.79493 1.515169 13.282399356662218 
Car -1 -1 0 447.5794247874713 172.929290228579 483.7123726516921 198.97862076187755 1.5428305 1.6266606 3.7828655 -8.713466 0.8151402 44.49718 1.532334 6.639835934452009 
Car -1 -1 0 458.9472554592989 176.7690686200913 534.1171501388792 231.29781877822646 1.5516639 1.6228889 3.8896217 -3.3522692 1.3113075 22.427181 1.6050998 18.194255079746465 
Car -1 -1 0 239.460856444349 182.46365148220156 313.498343265538 223.97542612455553 1.4848986 1.5926192 3.4506516 -12.568356 1.3864564 27.521605 1.4516671 5.754116591050744 
Car -1 -1 0 669.6342921094966 145.4009134021403 721.9496637221091 175.36043802542002 1.4953921 1.6078367 3.684815 4.769618 -0.56416726 39.168236 1.3242759 0.9780328724141183 
Car -1 -1 0 690.1444282601094 181.9211956837228 752.296033543346 219.82127699064873 1.5464458 1.623697 3.8866808 4.897101 1.4120195 31.367184 1.4346731 0.8954738686847321 
Car -1 -1 0 532.1487235164344 158.06464958192583 563.5994821445784 178.17846113760663 1.5296339 1.6164365 3.813148 -4.7561893 -0.58851135 58.098507 1.7456753 0.5136617909706277 
Car -1 -1 0 670.766158029136 144.7559631938742 741.733495849065 182.9160977231646 1.6519263 1.6370313 3.941842 4.539333 -0.11400771 33.507275 1.2260296 0.2845306694507599 
Car -1 -1 0 592.7761312509296 178.02069657266853 651.2528759364413 229.02528084980153 1.5522718 1.6304228 3.926917 0.41479126 1.3332994 23.886696 1.5104417 0.280563086271286 

