Car -1 -1 0 921.8270074481924 184.0067471202806 1078.7340614339487 243.0441995868582 1.564995 1.6501348 3.9971583 11.65021 1.9265702 21.59856 0.58699876 5.508443191743062 
Car -1 -1 0 701.3099856236836 198.7650509631472 779.1488819241663 231.28159522358084 1.5132039 1.6211693 3.927997 6.8943477 2.938029 37.979603 -0.53379464 16.539765921924314 
Car -1 -1 0 553.3873438945359 195.06311332294408 576.0400652380306 215.368231771476 1.5935946 1.6440814 3.8601592 -3.8757544 3.5878444 62.840828 1.5945944 3.878139126785748 
Car -1 -1 0 678.8471334563238 203.09390134791215 716.9975251595149 232.70287562509932 1.5241433 1.6228037 3.981363 5.2524614 3.4242654 43.310352 1.5226512 0.7403586228273011 
Car -1 -1 0 851.3009122836793 186.44539776290137 944.2979671468564 226.48615218890734 1.5103757 1.6059148 3.8702316 12.03225 2.1087043 30.066666 -0.5510614 0.46575647592544556 
Car -1 -1 0 782.1861629619955 187.02611844915717 857.944909845869 231.74395473009437 1.5467377 1.6214453 3.886965 8.313846 2.1428137 28.301064 2.2035697 1.5316979885101318 
Car -1 -1 0 800.9901331017313 168.77800213676807 1098.1774782325979 287.551142012983 1.5864414 1.6471009 4.023554 5.3125105 1.5319986 11.668131 0.8172515 0.5260355472564697 
Car -1 -1 0 423.50479450433306 193.4314702122737 457.1153572911362 225.33963781397455 1.5456791 1.6277766 3.9539156 -9.378591 2.741748 39.815624 1.294961 0.7046627998352051 
Car -1 -1 0 636.311017263545 200.7734047278608 683.0819584522658 231.28935147827863 1.5858958 1.634012 3.7865095 2.9550762 3.3395073 43.277306 1.3017193 0.737367888372166 
Car -1 -1 0 863.5392282656961 151.11749944160496 951.0164413682105 185.9848752917936 1.5286779 1.6435077 4.119785 13.811421 0.5756921 33.41631 -0.5537357 0.3662874400615692 

