Car -1 -1 0 142.00115721384674 182.5361636436919 405.56134610905866 275.6323741007909 1.5058147 1.6297094 4.0381985 -5.9230657 1.6937413 12.94768 0.12333692 49.11929809563814 
Car -1 -1 0 0.0 186.73848172078738 314.7963001493856 335.5894487186765 1.4967897 1.6305544 4.0343256 -5.733835 1.6729175 8.285133 0.026148552 44.43292520529772 
Car -1 -1 0 215.41202092026026 183.32357028737462 432.61063915963456 261.3138070410708 1.4933982 1.6256189 4.020687 -5.9779444 1.7317612 15.276413 0.1753211 22.910672797010008 
Car -1 -1 0 885.6491475492729 186.54762651103115 1206.5408278949665 294.87911984740157 1.5095363 1.6317874 4.0085254 6.588458 1.7382144 11.163752 -0.03505844 71.87763838769158 
Car -1 -1 0 411.2723858788375 178.57695653178664 513.9120494157257 215.03436250684166 1.5221472 1.6496917 4.108118 -6.299714 1.7763714 31.219337 -0.0038304203 15.166899450607435 
Car -1 -1 0 632.6558678597977 178.5866301242783 676.4771313098763 209.82709995137878 1.5050404 1.6254044 4.098645 2.2899585 1.8211374 37.662735 1.4663968 10.08856574136328 
Car -1 -1 0 280.20767614631126 173.98927626147437 464.6468350867941 240.2305675792609 1.5627891 1.654139 4.0492535 -5.780627 1.5923815 17.930355 -0.025035303 17.409180311588997 
Car -1 -1 0 831.2273257019098 182.4848302173355 1077.3908216695245 272.91472833540575 1.5528692 1.6262612 3.8402557 6.322036 1.7449892 13.488333 -0.048475865 26.634375650930906 
Car -1 -1 0 721.1652694095474 181.2058934770493 859.6495600925484 232.47469228557728 1.5675724 1.6622255 4.0268497 5.7489758 1.8467543 23.234402 -0.0267804 43.123599502881724 
Car -1 -1 0 13.274472985990242 187.36711755729456 345.2975843833068 299.89896746498687 1.496155 1.6283553 4.025201 -6.2494254 1.7309457 10.751814 0.053736538 12.950605562031473 
Car -1 -1 0 340.0916525942287 178.08904703762914 480.0651246383769 229.01010731547876 1.542352 1.6343578 3.9996243 -6.2445755 1.7146281 22.887718 -0.019909587 9.707426006232309 
Car -1 -1 0 698.7214277844504 171.3723584172646 737.0682964332118 196.1999648432431 1.5966008 1.6425999 4.08141 7.2305403 1.5013199 48.50422 1.4844233 0.702536404132843 
Car -1 -1 0 296.7548149051976 177.84650404357825 457.16227427928965 233.96006015535517 1.500251 1.6294961 3.9964406 -6.4983435 1.6478615 20.395588 0.062368657 2.1283135911345936 
Car -1 -1 0 561.8403108138887 177.5068281380711 587.0098556874642 196.4864604755796 1.5477712 1.6290592 3.9290109 -2.9795952 1.9597973 61.86543 1.6605377 0.3170260190963745 
Car -1 -1 0 521.406920792984 176.980469821529 564.8451416422832 193.1958966165309 1.5174977 1.6246533 4.002768 -6.30748 1.9155877 68.77769 -0.009236237 0.2743125855922699 

