Car -1 -1 0 965.5445514518427 193.2970954645312 1223.2478864016668 294.1580801258062 1.5575036 1.6280684 3.938506 9.11645 1.8168863 13.6982765 1.3115883 6.826101130859944 
Car -1 -1 0 546.2212887435624 156.44337267489095 588.3828583078313 192.90355271383686 1.5638248 1.6313244 3.9497583 -1.5686176 0.4885897 32.869915 1.4485853 2.0366756037279146 
Car -1 -1 0 510.92887852104127 162.24307937495018 542.9665873100519 183.300107674657 1.5266085 1.6303262 3.9941125 -5.49349 0.12962058 54.147606 1.6720126 4.16249841976466 
Car -1 -1 0 902.5547468069826 176.06298158130033 1185.5426448555168 332.36758154850094 1.5372907 1.617228 3.873381 5.2167745 1.4836963 9.093487 1.7069083 8.089928448868509 
Car -1 -1 0 894.0016592368802 173.5060144575733 1242.0 365.03862837535945 1.5425062 1.624954 3.8982706 5.4579377 1.4780284 7.782853 0.84585315 1.821020284136244 
Car -1 -1 0 759.4294879330303 161.61450633622033 916.1173315905356 258.1494989766678 1.5584483 1.6237051 3.834283 4.2632446 1.2372224 13.528444 1.5524192 7.552137085506721 
Car -1 -1 0 914.3986554270247 191.97899086958202 1060.366439410698 277.97974792192605 1.6778567 1.6337768 3.6840727 8.636856 1.9445713 16.392326 1.6674752 0.6639799393026321 
Car -1 -1 0 700.4813413700857 167.13365344185473 855.8353120454642 224.5180171477361 1.5345644 1.6320927 3.9871132 5.02437 1.1500552 20.45379 -0.22723038 1.794746336175698 
Car -1 -1 0 406.1743455324367 160.9844686491725 466.08285045702513 218.81588645206014 1.6023707 1.6321671 3.8463113 -4.984096 1.033596 21.954403 1.3607367 0.48536416888237 
Car -1 -1 0 672.4601425092609 165.90177724495993 743.1822479224013 231.66873574790918 1.5264093 1.6173329 3.8591957 2.6939063 1.1641011 18.67025 1.6666733 0.6258663175587972 
Car -1 -1 0 669.0682749378009 177.6267423766916 729.8950624837428 231.08457681989546 1.5097733 1.6130496 3.863907 2.9882612 1.4000387 22.271128 1.6408647 0.4172670245170593 
Car -1 -1 0 0.0 162.1261500487893 256.4575264515609 310.49973740396285 1.6330462 1.6395006 4.033206 -6.5045705 1.4196771 9.942691 1.545789 0.37343543767929077 
Car -1 -1 0 955.6707927109801 123.86446657604296 1086.5257109863273 194.66903023164548 1.6486158 1.6450918 3.955079 10.826727 0.3063439 18.810131 1.7329497 0.5092771245970176 

