Car -1 -1 0 81.56588710943927 186.8585689524802 374.0529568436812 349.63691948267 1.5498095 1.6272303 3.87369 -4.4503384 1.7651676 9.150056 1.5816253 110.75571734725553 
Car -1 -1 0 412.4802513404444 182.82647082682638 488.2475241015179 236.51430721019906 1.5279939 1.6244841 3.8831067 -5.0188627 1.8757797 23.21189 1.5584254 59.60095350213775 
Car -1 -1 0 665.8143862818234 175.8644586223063 747.8943172227908 239.21866167818533 1.552896 1.6213478 3.8196974 2.5635347 1.6436031 19.805101 1.5381062 53.957253924335085 
Car -1 -1 0 488.25643521308325 182.32380592207596 532.5109832440623 212.6304781803561 1.4982903 1.6209304 4.030708 -5.30266 2.037394 39.017082 1.6290766 7.209490856022362 
Car -1 -1 0 687.7027160575383 163.01882021162666 758.1708509097363 188.36798157194443 1.5233035 1.6346922 4.0515685 6.904898 0.9322792 44.19215 -0.0076838606 1.65463485776466 
Car -1 -1 0 610.480483283176 175.89850207378427 631.2655260446726 194.4398468766703 1.5305282 1.5985557 3.742162 1.0000267 1.8007098 62.11181 1.6379578 1.1618847448605742 
Car -1 -1 0 631.2316159936771 177.05358497751692 655.3209979583697 196.8975183543535 1.5719622 1.614276 3.6348615 2.826538 1.93172 59.890453 1.7256837 1.4435584838052486 
Car -1 -1 0 531.2036219647841 178.19180680304788 569.0602013322913 206.15872031000248 1.576417 1.6205993 3.663609 -3.615907 1.9121984 43.408268 1.3027288 1.7166413019333056 
Car -1 -1 0 530.3098114741334 180.58994926354038 559.6732973536518 200.4928978078138 1.4911654 1.6253927 3.994864 -5.1275034 2.132315 57.733242 1.6686566 0.9369379349014043 

