Car -1 -1 0 689.9474215408976 176.68676263965295 775.7198272072593 243.1853518600262 1.5064712 1.6131434 3.7759361 3.0420556 1.6146715 18.467203 1.588687 48.87141979393938 
Car -1 -1 0 227.99528799250234 192.389780162046 384.11909595632017 280.7921760559376 1.5069789 1.6199045 3.8880644 -6.1450257 1.968763 15.108133 1.5750763 75.37280311348512 
Car -1 -1 0 339.8165585796027 189.0444695405002 439.86319259442723 251.3910483779148 1.5134754 1.6183847 3.883789 -6.1024394 2.016797 20.479801 1.5822396 56.86999831696049 
Car -1 -1 0 429.8209042324601 182.92356912464956 475.5286513391638 225.35043848677293 1.5042996 1.6204096 3.968229 -6.29798 1.934685 28.715343 1.3167701 20.08449611808029 
Car -1 -1 0 563.3158778434434 178.94194250151907 582.2293252094993 197.08094530559688 1.5296557 1.6279716 3.929277 -3.2459705 2.0879884 64.17928 1.533168 3.401507446208722 
Car -1 -1 0 525.6833490190011 180.07644428628882 551.3061063974444 198.73663423965013 1.4843111 1.6219584 4.0534554 -5.9766316 2.1159084 61.04188 1.6088033 1.109057628083604 
Car -1 -1 0 454.00953088268295 181.4358159420932 511.6263724920855 216.9172100489043 1.5487068 1.6210897 3.9601417 -5.996179 1.9843253 34.559593 1.6966373 1.048552689666841 
Car -1 -1 0 669.3223532465565 181.32251956727325 746.658050377406 227.44388595956278 1.4816146 1.6177933 3.894937 3.4521174 1.8109714 25.999182 1.3863206 0.3323094844818115 
Car -1 -1 0 456.3014598495077 185.6687208949973 525.9346510365966 212.72277734079765 1.5264173 1.6120543 3.8283856 -7.1196647 2.322083 43.412453 0.33323464 0.3186909556388855 
Car -1 -1 0 427.7687948166898 176.70640895185196 481.31446538873416 196.09064338892233 1.5073965 1.6198659 3.9840531 -12.306397 1.8192142 57.445885 -0.074599326 0.2879810929298401 

