Car -1 -1 0 719.3480369746112 183.69792043121902 807.4438792217529 247.38357301303975 1.5007579 1.6126603 3.7383401 4.0467105 1.8222662 19.517223 1.5786555 59.109355339170264 
Car -1 -1 0 0.0 196.86405415025868 392.1242202581025 375.0 1.5038903 1.6189688 3.890105 -3.501319 1.7957132 6.7982574 1.6048093 102.44399179326793 
Car -1 -1 0 463.21407900530386 185.56969103101363 545.4129641802341 248.78943063364184 1.5273331 1.6227151 3.8900921 -2.836021 1.9178848 20.192575 1.6012533 82.94465980835874 
Car -1 -1 0 284.5359382454512 180.36861230536795 476.2896131036917 308.272687412258 1.5417813 1.6219878 3.886387 -3.1976795 1.6754005 10.878358 1.5811554 89.91611917368635 
Car -1 -1 0 503.5463506415334 183.15633263681403 558.5074437261659 233.37689581999877 1.5477707 1.6225836 3.8830578 -2.6477349 1.9330951 25.016281 1.533488 17.386954728712258 
Car -1 -1 0 697.0827673018612 178.9068904325873 761.3928483112575 228.3120561698882 1.5783739 1.6245375 3.8750644 4.1373367 1.8082488 25.464302 1.5701487 21.034424155285517 
Car -1 -1 0 1004.3674483845979 153.38917544989323 1242.0 235.89391433195163 1.6306906 1.6654685 3.9738617 10.744297 1.2459719 15.205692 -0.057031013 6.266396103182024 
Car -1 -1 0 543.5756822485572 183.99508833716808 577.7914428792963 206.96969207773267 1.5302064 1.6240065 3.974505 -3.5800433 2.370255 52.267452 1.2772845 2.0401488723598735 
Car -1 -1 0 278.9604168574516 165.26582669862253 384.0738452801416 233.2075591078927 1.6666421 1.628982 3.5671892 -7.390549 1.4805006 19.52376 1.5179793 0.3017670214176178 
Car -1 -1 0 637.2915099747405 178.6068022418948 658.2180061364866 192.84221242050637 1.4610116 1.6080607 3.9399586 4.089355 2.0973456 77.76087 1.4534988 0.29818788170814514 

