Car -1 -1 0 575.365691719785 178.09191822082204 620.4101121759986 221.0114398159518 1.5312057 1.6071393 3.42877 -0.32906246 1.2770562 27.361826 1.5725245 27.726990327708823 
Car -1 -1 0 343.4213165746182 176.2113673710252 462.09342924060326 252.71947768138577 1.5891352 1.6356673 3.9598675 -4.6486025 1.402108 16.91839 1.5797424 79.3555756323847 
Car -1 -1 0 140.56502865788045 188.83393528283074 303.6451195854761 267.2766397902183 1.5330493 1.6227225 3.9078643 -8.452793 1.6244549 16.195164 1.5570554 54.52415628394428 
Car -1 -1 0 259.56673311384276 183.239297695717 335.5592797028797 221.95177073563968 1.5315166 1.6242954 3.8470187 -12.98275 1.4533275 30.37974 1.5488784 18.83018701659954 
Car -1 -1 0 457.925085301353 181.86490002624953 506.68267460587 222.3278000994783 1.5529078 1.6316655 3.9153981 -5.0751705 1.424309 29.606354 1.4891778 16.97537677819365 
Car -1 -1 0 126.78103443173508 186.28798682137247 240.49457942802854 241.4180950496172 1.5319893 1.6290377 4.145776 -12.92963 1.5684032 22.236156 1.4121926 1.1310918911370795 
Car -1 -1 0 437.88493852548305 177.96174815012543 472.0744262686231 204.8718466712225 1.5033598 1.6116678 3.8271961 -8.878265 1.0981106 42.15323 1.455474 0.3302890360355377 
Car -1 -1 0 205.8715241118775 186.41042572434296 271.2082443055894 224.78069927156008 1.5594683 1.6185318 3.8800533 -16.016579 1.6151197 31.415009 1.3506714 0.32022368907928467 
Car -1 -1 0 112.20193468485614 147.26101484705572 156.4113654071405 167.69381438137793 1.6267995 1.6415623 4.0591006 -41.373135 -1.5871215 62.99236 1.4364905 0.3200353980064392 

