Car -1 -1 0 445.126498514517 180.12742282518803 529.455384506052 246.0617579205419 1.4823983 1.6160419 3.8860414 -3.0404406 1.6898931 18.61977 1.543785 80.2795066559131 
Car -1 -1 0 643.5736072274576 175.0180429803797 719.9621776486978 229.92115537958873 1.521448 1.6147494 3.7760289 2.1172523 1.5936286 22.107946 1.471672 80.3453930967063 
Car -1 -1 0 0.0 178.00223382012044 300.485520701423 310.0481719160979 1.5474057 1.6437303 4.0153513 -6.45517 1.6233158 9.588205 -0.1170955 46.582638795218024 
Car -1 -1 0 345.04209590199406 176.43328865112662 469.7905196308031 223.2457964391242 1.5617211 1.651799 3.987062 -6.9881434 1.692165 25.262589 -0.1065519 26.95559717431268 
Car -1 -1 0 484.3206081368586 164.61201345620793 542.016462845845 186.46687202501744 1.5529681 1.6443677 4.049837 -7.0279593 0.9673067 52.491768 -0.20686355 1.319464455818778 
Car -1 -1 0 609.8668992896911 172.64744280490123 635.9214060103651 193.8174301959562 1.5818479 1.6378603 4.0095363 0.9996133 1.5664134 55.97746 1.4916209 1.2360766363036693 
Car -1 -1 0 463.6646772520342 160.96008493859128 488.94015525179555 183.30937445403802 1.584635 1.622354 3.7311065 -9.774802 0.7413187 53.11221 1.4444275 0.3684117794036865 
Car -1 -1 0 420.83911359062654 176.43971256142996 460.3548065295436 212.15620529246237 1.4976377 1.6121011 3.9906225 -7.6213264 1.6711106 32.793343 1.3752364 0.30270087718963623 
Car -1 -1 0 594.3832780933485 165.46372643665825 615.9266610563326 181.82609024384914 1.5698723 1.6213744 3.7359695 -0.4604056 0.86081874 71.19321 1.4250438 0.2970641851425171 

