Car -1 -1 0 581.9125499334739 174.36590344435237 637.1356775092768 226.5673877201338 1.5106394 1.5995346 3.2856169 0.038585603 1.1966612 22.459602 1.5528524 33.56178235104887 
Car -1 -1 0 242.46590182111842 180.08000288276176 364.0923516908183 239.30849896572255 1.5069569 1.6228772 3.9943876 -8.423388 1.3762889 20.317122 1.60963 43.32605379282391 
Car -1 -1 0 0.0 191.17199786098237 334.13759353001166 375.0 1.5352789 1.622517 3.8203552 -4.593085 1.6176313 8.024717 1.5758569 82.79120674836803 
Car -1 -1 0 482.76518918848865 174.69214949309722 531.7057191511884 214.4673401498348 1.5445392 1.6231004 3.8909712 -4.088665 1.1358917 29.887074 1.5358465 19.732828841926978 
Car -1 -1 0 573.9153604000377 176.60257327037715 618.346132071717 213.88141943734138 1.5317259 1.6076531 3.8154492 -0.54101014 1.1778269 31.518919 1.464368 2.2339492477095853 
Car -1 -1 0 333.63022265327146 175.6705475802629 421.88037627217335 221.58882611492945 1.5492084 1.6339008 3.9465835 -8.444477 1.2271705 26.27566 0.8513855 1.559878608969511 
Car -1 -1 0 501.0859055115695 173.34562384319602 537.7245508983342 200.85643690802127 1.5345025 1.6136183 3.785977 -5.186707 0.8724116 42.13414 1.30771 1.6801057171802396 
Car -1 -1 0 237.9484378643515 173.61659126360874 335.60416908887186 213.50915964742757 1.509175 1.6094735 3.8196807 -12.922668 1.0703694 29.244053 1.8190565 1.3464283162772288 
Car -1 -1 0 696.7538497925343 168.3496586603086 752.1096735442047 200.99756555038726 1.5717252 1.6010814 3.6121898 5.8967233 0.7597657 36.536255 1.3703761 0.851676798155001 
Car -1 -1 0 372.0521144880815 174.58691810146877 479.2160333189621 250.9293127511862 1.6292163 1.6366855 3.9390073 -4.227249 1.4023885 17.32174 1.5568858 1.1530775269769733 

