Car -1 -1 0 562.4331938113979 159.68350556149088 609.4057422536263 205.96661622092589 1.694311 1.6449575 3.915525 -0.7793301 0.9320284 27.900188 1.4913684 10.746120519086432 
Car -1 -1 0 897.2600820942455 137.51834468263363 1242.0 375.0 1.5412273 1.6210401 3.8856173 4.020385 1.2888865 6.157425 1.6596234 3.030372180804366 
Car -1 -1 0 945.7331600057673 201.575154656821 1076.167870551781 302.92768273914925 1.5164012 1.6244873 3.9496074 7.629978 1.9853191 13.601477 1.9488739 1.7322598607793311 
Car -1 -1 0 906.7997462895128 196.60628637693108 1039.303454820997 265.0196158351112 1.4960834 1.6132548 3.9249392 9.4237 1.9612923 18.419527 1.6362746 0.558154297646127 
Car -1 -1 0 853.5740106588263 198.24006758822287 944.3299777977553 263.7715195677639 1.5333868 1.6221182 3.9027739 8.100111 2.0805686 19.741959 1.7734077 1.1573016010738155 
Car -1 -1 0 1005.0132768139779 59.62973047940754 1242.0 225.93262865576375 1.5581915 1.629878 3.9365232 6.6488676 0.42562363 8.679635 1.6964351 0.6712922280816525 
Car -1 -1 0 1058.726028333341 111.13326518888135 1218.3568813635939 163.83433513915904 1.5363224 1.6371887 3.9401789 16.750296 -0.5484172 22.252605 -0.09673856 1.0512013362233616 
Car -1 -1 0 455.1877127809337 164.0381734076199 496.64487541205017 195.94914370333169 1.538469 1.610024 3.8537388 -6.4779387 0.7445046 36.05506 1.5170914 0.3077037036418915 
Car -1 -1 0 788.7620886374017 193.85617224833047 1018.9962206903327 375.0 1.5088488 1.6153324 3.9155452 3.0595942 1.6993034 8.012493 1.7601136 0.2899219263123923 
Car -1 -1 0 932.1276615782455 209.91821422430684 1142.2406169166893 365.7121781313531 1.5116615 1.6250963 3.9613688 5.687236 2.008268 9.802591 1.890784 0.25980945318482085 

