Car -1 -1 0 669.6254794121791 185.80604546216594 792.8649851870279 272.79092730712 1.4841611 1.6146181 3.9060102 2.3551688 1.7880472 14.919294 1.4931897 57.88790413439978 
Car -1 -1 0 733.7556121283249 185.6807337761152 947.154689079902 335.17318989603666 1.5056745 1.6152043 3.8390076 2.7628393 1.7092156 9.52375 1.5788959 44.82881737652742 
Car -1 -1 0 435.23743052546246 189.24577717040154 529.6521681195009 259.5579088967311 1.4938576 1.6207318 3.9522333 -3.0868955 1.9537007 18.249962 1.5902927 71.20069731095285 
Car -1 -1 0 519.3653717762026 182.7265567230972 561.5435970728003 213.110896125973 1.5190527 1.6309049 4.079891 -3.851004 2.0917819 39.67487 1.3023653 6.034466027091913 
Car -1 -1 0 624.4340284132361 177.94967770330993 659.8554640641369 203.7620165618986 1.5114707 1.6241086 3.9999938 1.9921618 1.8449593 45.145668 1.4631249 3.102426275078231 
Car -1 -1 0 369.8564593029712 196.86144722485287 495.52890510940404 299.11271781582053 1.4818444 1.6168811 3.9027956 -3.1097608 1.9941907 13.397376 1.5039165 1.0552980931481797 
Car -1 -1 0 355.7176395929804 185.55552994962505 442.2526860763053 240.82958814177647 1.5107878 1.6222628 3.9006088 -6.473754 1.9429159 22.585682 1.5557472 0.7647823624246569 
Car -1 -1 0 552.4015069943716 180.4600578954912 576.46464893663 200.47958231172544 1.5067018 1.6118324 3.8554773 -3.6489267 2.1380363 57.866444 1.4252954 1.2521574942838378 
Car -1 -1 0 371.0926031532235 184.1416915700536 466.53408535075306 221.43041130258527 1.6107448 1.6663615 3.9226096 -8.576055 2.1366143 32.675735 -0.054708373 0.3521021902561188 
Car -1 -1 0 667.9932921615119 181.06032416617344 707.4486875648585 209.30549411074006 1.5135946 1.61707 3.8523338 4.4762444 2.011411 41.79256 1.5011572 0.3197278380393982 
Car -1 -1 0 367.1634605160755 163.114670825179 434.8710006207628 204.2961154683837 1.527173 1.6167161 3.8646736 -8.203702 1.1659995 28.69933 1.5588973 0.5379402567989161 
Car -1 -1 0 616.274940588476 176.21641235164648 643.7427046698526 197.22953711135972 1.6505427 1.6223217 3.9786832 1.6488096 1.9371675 59.424294 1.4320837 0.3113992214202881 

