Car -1 -1 0 261.12055703946635 199.98723176376396 396.08385934893147 301.8000538192115 1.5004663 1.6149625 3.8854704 -5.1704273 2.095202 13.769739 1.4125485 65.6842881711441 
Car -1 -1 0 670.8360129040174 191.62782800151615 837.5882718300344 306.1765564440774 1.4807796 1.6065731 3.7720306 2.188796 1.8427143 11.941507 1.4504876 63.61105524019665 
Car -1 -1 0 759.2372694199356 197.09121655857925 1124.1642088384992 375.0 1.4810519 1.606184 3.7339396 2.831468 1.785563 7.1279573 1.4716642 80.32519496534336 
Car -1 -1 0 569.1848307776665 186.8978652739591 614.5860351127266 228.11390104312878 1.4989485 1.6144464 3.9271119 -0.78554773 2.1155248 29.650438 1.4815658 13.897355411084902 
Car -1 -1 0 603.303804084236 183.87018398221764 704.3052860279223 259.1980325430049 1.5320256 1.6105742 3.709227 0.9366654 1.824751 17.210772 1.4048486 48.045800453829166 
Car -1 -1 0 447.23172720838653 187.20981437335143 474.56288719081084 213.46687931154406 1.5266626 1.6256031 3.9227052 -9.499361 2.489065 46.296314 1.39117 6.890309007412245 
Car -1 -1 0 389.9412205471049 189.320623535318 446.3142784599548 241.80786567080514 1.5580379 1.6182816 3.6229715 -6.441612 2.1627448 24.564137 1.3778298 33.01787623018991 
Car -1 -1 0 567.8184088705239 186.230776777603 603.9409110241378 220.45004169265408 1.4892739 1.6020417 3.814376 -1.1913373 2.172488 34.89319 1.4999554 3.0198724009519933 
Car -1 -1 0 535.1499781866962 182.83599900652916 578.5145870042513 209.19684801180023 1.5487592 1.6148612 3.8331692 -3.4085155 2.2145567 46.04673 1.1709967 0.8822367745817207 
Car -1 -1 0 415.73591304591633 189.1189734110087 478.57271857320137 230.7273340381849 1.5429366 1.6195167 3.8688083 -6.7284436 2.2694085 30.26064 1.6128149 0.7978238487729808 
Car -1 -1 0 202.20738091892412 184.58903162023844 324.378875732975 254.51710309204944 1.5729 1.6282592 3.9472773 -8.92424 1.914402 18.956152 1.476745 0.2543485760688782 

