Car -1 -1 0 101.05722343811723 182.92488465463938 308.5063434405672 251.50173909042962 1.5338049 1.6535443 4.120231 -9.7464905 1.7971804 17.678827 -0.18464981 50.29711038156644 
Car -1 -1 0 642.0525605749644 171.1088381724287 816.7428423567271 237.97610471611617 1.5512171 1.6430746 3.9474874 2.9009387 1.5107319 17.844503 -0.14927854 75.32110459370033 
Car -1 -1 0 591.8530723624004 170.43944695381472 700.5039004353304 212.64849288250065 1.6006526 1.6692524 4.007111 1.4201558 1.5090877 28.588093 -0.20550905 28.13626915683805 
Car -1 -1 0 275.0193134432001 178.12657693941438 391.4889813430376 219.93234735203575 1.5486755 1.6439697 4.006428 -10.69602 1.7629956 28.174685 -0.17294888 16.804697208557254 
Car -1 -1 0 0.0 188.7074392952004 243.3329716440896 294.5141582575669 1.5451992 1.6310672 3.9489427 -8.4555 1.8315866 11.948533 -0.141492 15.119992791001385 
Car -1 -1 0 338.8395607250063 172.07820152311916 378.2683630571988 208.5474935946265 1.5969229 1.644111 4.1589174 -11.708874 1.5629519 33.82612 1.2594204 1.588413254098086 
Car -1 -1 0 587.9791404449319 170.9892632801929 627.1959157855653 208.32455913331998 1.5336549 1.6115913 3.813129 -0.10555619 1.4570553 31.556133 1.5577803 4.741510045788604 
Car -1 -1 0 269.6145975798856 181.84061461415007 343.57408807998655 240.38565068306434 1.5190696 1.6205262 3.9148564 -8.909601 1.8128002 21.476236 1.2803593 9.638053313830707 
Car -1 -1 0 871.4601433527937 183.1054260815909 933.8945583827746 216.3695600016148 1.4986207 1.6138716 3.8693774 14.406758 2.0332646 35.672157 1.6011708 1.3641751231770227 
Car -1 -1 0 178.15980833097476 183.71424294232946 347.71156244825323 242.52805545254628 1.5366122 1.6406181 3.982572 -9.62549 1.8579326 20.294304 -0.12050216 5.675128792248293 
Car -1 -1 0 1036.909502334388 163.58587365225222 1136.7713401798383 195.19922924768076 1.5364131 1.6298766 3.9717216 24.50745 1.0859808 37.178413 1.0005997 0.692572449335353 
Car -1 -1 0 852.0380267046788 179.558169375071 951.9152748695935 219.87854996465006 1.5508368 1.6373894 3.9713266 12.300152 1.8552432 30.614202 1.1931671 0.25697141885757446 

