Car -1 -1 0 293.47080534148597 173.14025647751166 444.8696559131004 311.6767176730053 1.511533 1.6119161 3.8766065 -3.0744424 1.4311608 9.789907 1.3271462 7.141440786067022 
Car -1 -1 0 617.3768539264304 158.8242831777951 980.7775568425064 308.65337991674636 1.5925462 1.6621875 4.025987 2.3337784 1.362083 8.912941 0.30525693 0.8739599822536221 
Car -1 -1 0 1078.1672514209238 117.8500057901734 1242.0 171.4960073840413 1.5080161 1.6213907 4.007708 16.710152 -0.28326678 21.220655 -0.100105114 1.078910008899941 
Car -1 -1 0 520.5257113305828 162.91133447906256 577.5373695293155 202.76688965257048 1.5477235 1.6109707 3.7665162 -2.3596528 0.8644407 29.492193 1.280066 0.3895702660083771 
Car -1 -1 0 272.53591621815116 157.1572341111117 446.3935180352691 255.1095948423946 1.5333467 1.6170118 3.939384 -4.2950687 1.1678355 13.091703 1.6440016 0.8854832067329801 
Car -1 -1 0 323.51846761073244 168.33605101944323 402.72462288904813 239.796325324092 1.5142626 1.618687 3.8465595 -5.848109 1.2563652 17.06694 1.2190256 0.9253618676971561 
Car -1 -1 0 531.8124449950467 151.0379005706533 576.7579969101929 178.4313476597616 1.5452495 1.6336861 3.9967368 -3.0345402 -0.13068935 42.368786 1.216924 0.3255350887775421 
Car -1 -1 0 163.38556913379512 174.96793438762043 289.85696881954357 245.1313007154392 1.5492139 1.6292136 3.9583433 -9.262493 1.4269195 17.700155 1.4008397 0.2995632290840149 
Car -1 -1 0 352.96307066410316 150.85265803962088 431.0621175860428 180.1748151901985 1.5827962 1.6615348 4.073333 -11.765258 -0.019109666 39.45877 -0.22486493 0.28773531317710876 
Car -1 -1 0 389.8571140166981 157.31411015160725 630.5447550881396 252.17651296886243 1.5857482 1.6611366 4.0801735 -1.6599075 1.1980555 13.033282 0.19712459 0.2827725112438202 

