Car -1 -1 0 582.2297016607989 177.29304311127277 618.8982490392132 212.8044808271679 1.5677695 1.6193974 3.5673773 -0.2775544 1.2179978 33.526855 1.5793961 18.81883199700446 
Car -1 -1 0 455.5102479881188 178.78222431839495 525.1101906707942 233.46271498423025 1.55547 1.6287093 3.8834927 -3.5488584 1.37246 22.410288 1.5460114 2.6075160397919417 
Car -1 -1 0 412.65974924273235 176.29049658804792 471.95164736622473 211.0881646117872 1.5512366 1.6265872 3.8421535 -7.7300515 1.1533623 34.031597 1.6600024 1.2822072101970525 
Car -1 -1 0 31.610338933537186 157.64936183373982 414.76350141114733 375.0 1.583204 1.6237997 3.8706298 -3.2106087 1.3903028 6.972343 1.5791082 7.784960736945028 
Car -1 -1 0 501.9607664462813 180.33866709227124 554.61147225326 221.8319165616186 1.5348876 1.6164451 3.93548 -3.0641694 1.35448 28.568485 1.5825403 1.1029429588321646 
Car -1 -1 0 610.5550235283781 176.22793041178343 772.7837376733013 319.02374230204333 1.5646677 1.6408025 3.912676 0.9411728 1.4661853 9.859721 1.5369976 0.4473032057285309 
Car -1 -1 0 646.9261440305906 190.49502207750882 695.5971673686387 236.6915558899402 1.4931204 1.6043596 3.7877448 2.3388176 1.6960784 25.660624 1.6886063 0.4116195738315582 
Car -1 -1 0 630.771641936933 170.84488653981845 662.2036006541924 196.0698316243222 1.493757 1.6077373 3.7985609 2.4745688 0.64275414 44.564556 1.7162405 0.2584545314311981 
Car -1 -1 0 383.2683289816173 185.742862941024 476.69266256443063 241.49520401646978 1.5575441 1.6249256 3.9303796 -5.3367553 1.5752709 22.146795 1.6540091 0.25620668495474824 

