Car -1 -1 0 743.3488503081672 187.41555709319854 949.4153045117773 331.2062570739294 1.4820061 1.6049674 3.6238976 2.9001203 1.7131284 9.629124 1.5850369 60.228303833219734 
Car -1 -1 0 235.99634759620002 181.52112063283585 438.9663743373777 250.50181698546442 1.5177302 1.6505603 4.1445413 -6.2682714 1.731448 16.940697 -0.0125967655 21.340613833252487 
Car -1 -1 0 634.7198169896265 180.0122208456088 670.9301750897353 207.0306783178573 1.5052392 1.6371368 4.1878424 2.5565624 1.95795 43.4844 1.4976038 12.243020262683194 
Car -1 -1 0 94.17681097378939 185.3591286778881 383.2839729710988 286.38205822891865 1.508318 1.6258278 4.0389566 -6.048463 1.7337312 12.012541 0.09130347 46.00631478001643 
Car -1 -1 0 701.7374134672212 182.13333038351746 816.4298112589111 223.20644517147593 1.5125087 1.6267353 4.0622725 5.743946 1.8846161 27.970116 -0.075392276 18.194061415958934 
Car -1 -1 0 0.0 187.17464362043975 318.06457753765454 312.74368816136666 1.4968879 1.6262691 4.0319905 -6.2610855 1.7071514 9.699669 0.04062649 35.509744798795765 
Car -1 -1 0 766.5406832333864 181.0209266502498 849.7177718374207 241.05807297137054 1.5051296 1.6148951 3.811623 5.5532317 1.7604475 20.59049 1.6543331 11.431929172520778 
Car -1 -1 0 373.2321932258935 177.14233056121356 492.17202924139013 220.08549294202686 1.5178058 1.6317242 3.9573376 -6.45705 1.6811975 26.587349 0.045144085 8.872175784241978 
Car -1 -1 0 723.9514168368473 183.5214639651172 855.6551289789109 229.16532617330003 1.500569 1.6398145 4.144111 6.205409 1.8854653 25.096605 -0.057408202 14.554211347724316 
Car -1 -1 0 806.6953506452552 177.75752197363335 1036.9029930164022 259.19060624610006 1.5421307 1.6464281 3.9916081 6.222352 1.6486926 14.729408 0.06486507 33.44523452260718 
Car -1 -1 0 146.32311931499885 177.36715363585668 380.0384401361511 256.7895250587972 1.5055164 1.6209528 3.9672248 -6.8978567 1.6023489 14.627689 0.021718957 14.733793151463637 
Car -1 -1 0 344.9829402899547 178.5462731660564 477.25890506717394 227.53985817577637 1.5457705 1.6447374 3.9930594 -6.5004086 1.7424285 23.958939 -0.07462686 18.945386412926997 
Car -1 -1 0 297.3855358489464 180.8733016192813 459.45054386700417 242.06578967845377 1.5545793 1.6211628 3.8715448 -6.2175946 1.7839283 19.616648 0.11048082 8.948757376877731 
Car -1 -1 0 493.21013523965405 180.83968254252156 523.6270590309571 209.79708960218775 1.4982715 1.6111894 3.9414814 -5.697754 1.9698539 40.54134 1.422775 2.1848303774036086 
Car -1 -1 0 452.79374667505056 178.63766786823996 532.1623353257569 208.3200523248247 1.5018497 1.6239705 3.99808 -6.0904713 1.8131899 37.864723 -0.083742395 2.5427536370951795 
Car -1 -1 0 685.6041055177012 171.51085191781286 784.2016844861016 211.02400652264564 1.5775663 1.6360862 3.908647 5.289977 1.5239408 30.764257 0.7809905 1.2859504222869873 
Car -1 -1 0 776.3360710190079 176.71611917242134 961.7037566920011 244.25923489364123 1.5070882 1.6002153 3.8353553 6.0963955 1.6042093 17.177433 -0.0888813 0.8092098484100384 

