Car -1 -1 0 782.5453125092445 189.64401939965094 973.3077133159774 317.15073245013093 1.4827482 1.6142192 3.8075755 3.7764726 1.7802572 10.843586 1.6206353 75.50194675440241 
Car -1 -1 0 736.8242817791677 186.46170646989566 840.9652922642282 264.0327619573518 1.4957206 1.6122054 3.7622132 3.963444 1.8431318 16.503359 1.6191128 72.66006631180673 
Car -1 -1 0 468.58224346878825 189.51987985463109 534.4014206492467 236.77666846114187 1.5346856 1.6221335 3.8425221 -3.9287474 2.1992278 26.797525 1.6409314 66.56616700814426 
Car -1 -1 0 498.50272819053924 190.24417795959357 559.0980610766095 229.33238469230702 1.5143428 1.62129 3.9344006 -3.4926424 2.332757 31.87949 1.7439053 11.432903864203256 
Car -1 -1 0 1056.6872547922974 174.05290567981478 1242.0 255.8670321752502 1.5535687 1.6323543 3.987827 12.093541 1.5825751 15.606243 0.6447965 17.396139062957293 
Car -1 -1 0 693.6592968945926 180.81295240646597 721.183287144737 207.23500027102202 1.5254121 1.625896 3.9824576 6.084927 2.044567 44.98681 1.698313 5.092852487397816 
Car -1 -1 0 543.0087936089354 189.67984416421234 576.4632775730531 220.1743082424595 1.5571482 1.6176263 3.9075592 -2.783056 2.5579104 40.95915 1.5738661 1.1193318494361155 
Car -1 -1 0 573.6362141590434 186.0864676247572 602.4158030392409 200.78280844435483 1.480979 1.6184309 3.8691132 -2.3164701 2.960574 78.58262 1.9883559 0.4133443832397461 
Car -1 -1 0 784.0271722802505 162.56225156132808 852.8601147433116 195.45083602203044 1.5420895 1.640029 3.9634848 10.319 1.0595268 35.937298 1.3696285 0.3729875683784485 
Car -1 -1 0 125.64897080960871 189.27259552948476 283.70874053635583 251.5086855713914 1.5379906 1.6165924 3.8616579 -11.158569 2.0223489 19.918894 0.31511003 0.7174967227554409 
Car -1 -1 0 182.3526189422226 198.10512845293263 251.14891503406116 220.39494143496222 1.4830045 1.615791 3.9566536 -27.677666 3.2961657 50.91833 -0.0428022 0.3076137900352478 

