Car -1 -1 0 342.7560369660192 195.62167851668966 385.5721974699257 220.63830393393332 1.5378392 1.6296628 3.927645 -16.91147 3.1742902 49.896366 1.5694342 4.300204769541112 
Car -1 -1 0 595.9541040274459 173.29308303940908 617.4079901798648 193.11024203558918 1.560216 1.6441708 3.6834764 -0.20728242 1.5971 58.75052 1.5948617 1.147873001722309 
Car -1 -1 0 652.8877109908424 198.59494980651445 704.9839932234221 242.5397731670796 1.5021446 1.6145766 3.8321545 2.7077293 2.6012857 28.871935 1.5429622 0.9131678916442695 
Car -1 -1 0 6.954021001672262 197.89502449655853 112.98303076520929 239.06381136399634 1.5004601 1.6192089 3.9040842 -23.22185 2.6337166 30.677744 1.5398371 3.3694770886871988 
Car -1 -1 0 224.22137022122615 198.5676345043739 285.8671561334191 230.8684554796932 1.5192344 1.6185528 3.8825352 -19.11799 2.9828022 39.083096 1.512143 0.7947211106675149 
Car -1 -1 0 711.9383189336356 187.69131989448724 764.6351903466809 229.6914566096373 1.5602814 1.6266344 3.8742843 5.307885 2.2206829 30.153156 1.6027327 0.37665775418281555 
Car -1 -1 0 640.8926811839298 190.83440094856698 694.6883240850506 243.6797439673716 1.5523133 1.6295125 3.8925984 2.0546737 2.2165375 24.617865 1.7032868 0.5007834987133161 
Car -1 -1 0 703.3960596367604 186.9168400658129 745.644787174609 222.09336051657866 1.5399346 1.6294498 3.9188242 5.5473676 2.264651 35.184654 1.6229012 0.5565566004638567 
Car -1 -1 0 694.4186132746652 186.99878036558727 731.8252458594746 216.36678638921546 1.5697381 1.6249925 3.8669662 6.0313387 2.4383175 42.369843 1.5662335 0.6047130626764903 
Car -1 -1 0 388.7907709811157 201.3187130183073 442.1425590120798 247.377127399972 1.5402715 1.6289513 3.9260082 -7.6558228 2.7556438 28.744095 1.4186447 0.3725592792034149 
Car -1 -1 0 818.614384474356 179.96336647451076 844.9711707925705 201.38831294419035 1.5250014 1.6207914 3.9972274 16.870106 2.0869012 54.899334 1.7943678 0.2860569655895233 
Car -1 -1 0 882.1434285813951 177.93870158657572 1075.2153900584722 284.3130235427983 1.5810559 1.6335691 3.9242783 6.342142 1.6862519 12.921888 1.6282734 0.282841138383065 
Car -1 -1 0 128.77883714943005 200.39526138414288 201.16931970100504 232.80451216391444 1.4673235 1.6150854 3.8985488 -23.351664 2.996388 38.061142 1.5053034 0.4672004648437462 
Car -1 -1 0 244.17880692794296 193.44049089088998 294.9342732708143 218.40483283807617 1.5054828 1.6229897 3.9505398 -22.916368 2.95399 48.78044 1.5542533 0.39706799387931824 
Car -1 -1 0 71.4850910016226 195.20028770562692 162.7971485195097 233.47504287876978 1.5380042 1.6241258 3.934228 -22.608154 2.6314 33.312325 1.5385579 0.26331038343088664 

