Car -1 -1 0 479.72470432828544 163.1576266328058 532.0994949665288 191.57245884642026 1.5851755 1.6235994 3.7500231 -6.1130295 1.0442446 42.26837 0.9988856 18.51532550290336 
Car -1 -1 0 535.2777402511512 162.5478614283473 589.9397043932788 189.2154749601818 1.5083406 1.6253188 3.9839709 -2.8434668 0.9254173 42.939507 1.0383849 7.008630717222177 
Car -1 -1 0 742.8283543296499 160.24121632418218 798.0956333685932 182.97189413153285 1.5448773 1.6057281 3.7219667 11.337816 0.6876565 51.028458 0.97156906 6.076176125025953 
Car -1 -1 0 682.9375732873724 162.39067418455184 736.0693125553197 188.21492597633917 1.5936048 1.6264265 3.7624092 6.400914 0.9479167 46.574715 1.1394955 3.641392501356684 
Car -1 -1 0 630.538877038106 163.82413518393045 668.0969124065189 187.05964059022884 1.506443 1.6167548 3.8223279 2.7324452 0.9210035 48.84718 1.8839283 0.843543183209518 
Car -1 -1 0 828.2679381711578 163.95434291963682 882.5659413664898 183.93146820748586 1.487959 1.6109782 3.8903391 18.975489 0.8250843 55.831978 1.0557349 1.1611770748367467 
Car -1 -1 0 907.6394378014642 159.65895887858449 962.49012158776 178.38677259870826 1.4839914 1.6123133 3.9409022 26.696754 0.43841642 59.29196 1.0777991 0.7171864679268175 
Car -1 -1 0 441.1554908963105 165.15791678019858 491.550278265043 194.70785419067974 1.5550272 1.6162406 3.786292 -7.985055 1.1500306 40.014164 1.0496619 1.7109152105793939 
Car -1 -1 0 617.6779339407917 159.33765567430459 709.2198379294726 206.4980140582092 1.5179343 1.6140993 3.5778508 1.8010364 1.0828882 25.185814 1.1218827 0.5919402799630702 
Car -1 -1 0 933.1381879833488 161.64128482235978 980.7624680488781 180.3199748821347 1.5272298 1.6224762 3.9441626 29.348707 0.6104418 61.080837 1.3904886 0.2825835645198822 
Car -1 -1 0 805.1832478880725 164.19564020586756 855.7546026232205 185.5149205905415 1.5794969 1.6293278 3.8211079 16.95257 0.93801844 55.53402 1.1603928 0.25054195523262024 

