Car -1 -1 0 569.2030326023412 174.95329491722083 611.6964508958188 210.62853036486564 1.6377319 1.6526725 4.1202145 -0.99780273 1.7473683 35.52971 1.4351562 12.24609842053546 
Car -1 -1 0 859.2044908072222 179.30314794882122 943.0466972317453 226.90509501165707 1.5224841 1.6228251 3.902829 10.236783 1.7693678 25.620625 1.6372896 0.4714422821998596 
Car -1 -1 0 502.88747302305245 148.03099943282783 552.6545425646294 167.9702023426765 1.4879191 1.6176558 3.9902215 -6.451907 -0.39681783 56.70524 0.7173149 0.6000368595123291 
Car -1 -1 0 484.8329877595446 182.1259419083711 540.9784818171273 226.03545143336964 1.5330036 1.6265152 3.9401402 -3.842937 1.9226224 28.202538 1.2936306 0.8681131973344655 
Car -1 -1 0 156.73885913462246 177.14459324486882 228.54500152503633 208.49429303818803 1.5018431 1.6180227 3.8758297 -21.331127 1.7341497 37.087143 1.5160508 0.9813251578888493 
Car -1 -1 0 730.5378194151003 183.76682844043734 781.866306472331 222.14936361706518 1.512558 1.5986338 3.7007732 6.310453 2.0155249 31.378315 1.6055114 0.8164206067512204 
Car -1 -1 0 739.8069513667635 190.28365634705094 775.9779518222298 207.8006401444032 1.4976852 1.6115084 3.8997521 13.935562 3.1907005 67.98194 1.2527966 0.36623260378837585 
Car -1 -1 0 506.355834140191 172.59264140085054 538.3441680857524 193.6618965340865 1.5909373 1.6311754 3.8434377 -6.7870827 1.5712018 56.48654 1.6869729 0.8149192642899039 
Car -1 -1 0 231.0879071790382 174.02032441945548 282.5647515871363 201.74669460092272 1.5695562 1.6183584 3.752674 -20.937176 1.6421868 42.971416 1.448467 0.2929680347442627 
Car -1 -1 0 0.0 191.36187026540216 267.685260537008 364.3605625244759 1.5448594 1.628099 3.7388852 -5.875126 1.8174012 8.736287 1.5953687 0.29087522625923157 
Car -1 -1 0 718.6592428160079 199.21098867739343 751.5448811361833 216.3458666800803 1.536705 1.6081462 3.8053613 12.686863 4.2680297 72.78948 2.2559257 0.44692457453894396 
Car -1 -1 0 31.916091193792127 122.2895918227383 155.96926353485452 164.32440875600372 1.4659754 1.6092155 3.9304638 -19.910892 -0.35644877 28.079103 1.742267 0.2645951509475708 

