Car -1 -1 0 704.8517325885546 178.91186945130215 821.2906103911334 261.56647825707495 1.4933189 1.6135106 3.768989 3.0840964 1.6368916 15.207079 1.5594625 70.22617134448292 
Car -1 -1 0 288.332379767767 191.83156790193118 416.91353572528664 267.8194185577458 1.5142899 1.6189764 3.8886497 -5.9977856 2.0216134 17.324371 1.5963264 80.70680780417194 
Car -1 -1 0 110.25577948132312 196.72103684142968 335.412814522957 314.4973405192254 1.5005618 1.617095 3.8729835 -6.090506 1.9593201 11.924923 1.5802587 83.48216568049091 
Car -1 -1 0 404.4609166587692 182.75758874924185 467.3780744373995 231.12032354542896 1.5256094 1.6247075 3.9578123 -6.082191 1.905672 25.644352 1.478156 31.170510241915167 
Car -1 -1 0 523.5456958235313 180.88873657412373 550.2948818729827 200.97630794157354 1.5086126 1.6280153 4.0254035 -5.7873225 2.1755018 57.852673 1.5998925 4.6587602643119315 
Car -1 -1 0 784.162203683287 163.56492181489097 833.0431867277206 206.8337247415909 1.5362898 1.618735 3.8691392 7.697571 1.2064743 27.70952 1.8898342 1.1519663186419853 
Car -1 -1 0 451.6102703581522 182.37980124100753 511.36597805805127 220.72290342540146 1.544096 1.625914 4.000413 -5.626865 1.9957948 32.14862 1.6614623 1.9387914170655083 
Car -1 -1 0 557.947787406537 181.81114844770977 589.101375349569 201.84945118039082 1.5078117 1.6201246 3.9882393 -2.8720708 2.2576196 58.290066 1.7585862 1.2207534366582533 
Car -1 -1 0 636.3084402261838 176.96743901889434 655.1698154977364 194.77708078791807 1.5125456 1.6257145 4.0597444 3.2116435 1.8908601 64.2963 1.6150554 0.2768140137195587 
Car -1 -1 0 1042.3449218269059 115.66455972274694 1240.6118071882474 204.6278994429758 1.5272738 1.6218989 3.8839455 10.3618765 0.5454768 14.437917 1.7403214 0.2517085671424866 

