Car -1 -1 0 562.397148174885 180.1177651954667 599.3024338377065 215.1272654468325 1.5197725 1.6035401 3.3638377 -1.2368302 1.2984698 32.929337 1.5156012 24.392309429994423 
Car -1 -1 0 204.2157199053887 184.6629384912836 326.7736345703756 249.56371790794415 1.538538 1.6211885 3.7377722 -8.845489 1.5254343 18.951506 1.516244 42.26616533706401 
Car -1 -1 0 262.96291065669516 187.99505265480695 432.2486244565465 298.8802566887785 1.5137684 1.6090045 3.5929372 -4.0227423 1.5662308 11.737172 1.5245236 86.14972135751711 
Car -1 -1 0 291.4284825568004 179.22248715723194 356.000145684228 214.37525030797298 1.531137 1.6252909 4.0777936 -13.076985 1.2700927 33.39894 1.504915 7.543290187953245 
Car -1 -1 0 0.0 187.20300257191457 241.47827056016004 293.91430769298955 1.5077602 1.609166 3.8112829 -7.907303 1.5467257 12.161874 1.5354022 27.467671509885967 
Car -1 -1 0 321.04141178124655 161.09341143733184 450.77943190945746 208.50023695799828 1.5794832 1.6486958 3.9648826 -7.5862846 0.7757857 24.86077 0.043711938 4.532952761726823 
Car -1 -1 0 458.13395469158525 185.63341446520727 512.9638757312019 229.23713387859897 1.5452014 1.626105 3.881734 -4.576654 1.5623269 27.491943 1.5200043 1.5391096772247663 
Car -1 -1 0 373.12449180514386 180.19630246106246 437.0658928835093 221.96975873245674 1.5526326 1.6171468 3.8558564 -7.9756937 1.366072 28.679588 1.5273826 2.126030113719415 
Car -1 -1 0 179.00682129443413 183.32500086461764 282.82642531460374 232.3475367795186 1.5662323 1.6250174 3.7861378 -12.877895 1.505826 24.864307 1.5654192 3.05151328779629 
Car -1 -1 0 620.437201846106 197.05123557422442 671.3392435292411 236.96591147527906 1.5080638 1.6078422 3.8015356 1.5662117 2.0391872 30.292496 1.4791083 0.48480063676834106 
Car -1 -1 0 429.9526506526073 182.1795708271877 474.1384862391465 209.51148765836479 1.5058819 1.6010828 3.683899 -8.897806 1.3386031 41.483578 1.6176432 0.4154347777366638 
Car -1 -1 0 594.2226198858 180.1370264988816 652.4688318003577 235.21854517378287 1.5445249 1.6335491 3.9640954 0.46848607 1.4021153 22.145674 1.578699 0.7515429087559813 
Car -1 -1 0 397.30665586370446 181.24423065099657 464.6626295522341 218.45061511323087 1.5678897 1.6168858 3.7977347 -7.8329024 1.4005307 32.29087 1.7201693 0.3395423314151025 
Car -1 -1 0 469.05414350981243 141.95157980652164 535.4219861257532 191.54399334542916 1.828624 1.6741391 4.0935445 -4.0893197 0.2333436 28.626215 1.6702875 0.26545408368110657 
Car -1 -1 0 611.3039745255221 180.80551947263845 667.2875674341743 225.63040136742845 1.4959083 1.6194005 3.8764443 1.0865711 1.3487306 25.974165 1.5093231 0.25572100281715393 

