Car -1 -1 0 520.7427443520704 153.69058339084356 683.6048496996552 217.14191563532665 1.5796375 1.6573398 4.0638375 -0.058808908 0.9120456 18.46902 -0.018860381 11.881618092522888 
Car -1 -1 0 246.59367060505667 181.0475242391045 417.4767538377607 289.67486170456857 1.4913943 1.6121972 3.9460292 -4.2794743 1.5019474 11.76098 1.4873662 10.279760822827416 
Car -1 -1 0 646.4511835399004 174.09668707894235 851.8088906805788 255.00708198424218 1.6022605 1.6741784 4.0629163 2.9695218 1.4753255 15.040216 0.101484165 1.5539630386431236 
Car -1 -1 0 518.015415970934 135.4587575611073 604.5866173202807 194.06054319740096 1.5792809 1.6227939 3.867792 -1.1716514 0.36526996 21.11308 1.775731 0.864763723400852 
Car -1 -1 0 54.283604284794 206.8128239349523 127.71492169278035 257.79912050643924 1.5561168 1.6446137 4.0468163 -18.749666 2.6040368 25.993298 1.080848 1.0531818516429723 
Car -1 -1 0 817.1467008785361 180.76971146636257 1008.8416006863432 289.26524488307155 1.480623 1.6145079 4.037733 4.8416166 1.4857523 11.721622 1.6293072 2.261254187273005 
Car -1 -1 0 277.280432583015 162.7852891762145 477.1667106263525 240.008029016618 1.6328228 1.6838924 3.9738367 -5.0575247 1.2581174 16.02548 0.12088145 0.9909631711545108 
Car -1 -1 0 244.99806426559135 215.96797551578294 420.68639295477783 283.46370282878627 1.562272 1.6420479 3.9864302 -7.026985 2.5428832 18.507517 0.115085885 0.33535656332969666 
Car -1 -1 0 61.06555870671208 137.97918106310027 274.50245069393577 212.96509709542983 1.6269205 1.6697279 4.0544205 -10.034542 0.70423067 16.406496 0.11716158 0.2763819396495819 

