Car -1 -1 0 299.4010742866488 188.7537271936808 352.95331224169894 217.04271722367895 1.5256603 1.6301942 3.9896398 -16.874477 2.5205755 43.15356 1.5725069 4.178598512299227 
Car -1 -1 0 576.4942087156815 162.21718838670867 627.837962963642 182.24556713089402 1.5593034 1.6419048 3.9863431 -0.55828744 0.73117733 57.071205 0.03801067 2.6818835855472694 
Car -1 -1 0 187.76081977148485 194.42415799312366 261.1295450673068 227.92044707107456 1.4940368 1.621469 3.9084177 -19.471336 2.6487565 36.666496 1.5776734 0.8883862841453141 
Car -1 -1 0 2.7423623465780604 191.81044626919106 110.31872274464683 232.37812840974928 1.4973978 1.6147941 3.8777735 -23.164978 2.347773 30.41347 1.5512395 1.8189549869065806 
Car -1 -1 0 700.9840554411273 178.1133007264139 740.2818649334695 209.96837197462787 1.5377212 1.6300734 3.8944662 5.714432 1.8253365 37.472492 1.6218094 0.6842927947098748 
Car -1 -1 0 360.1916244219916 185.47608794664006 414.8914298850337 234.10740255334844 1.551232 1.627417 3.9340372 -8.135016 2.0476294 26.248285 1.2014246 0.39231961965560913 
Car -1 -1 0 829.7010946459516 170.3035858437506 957.4470389741655 245.97984884553645 1.6451719 1.6296248 3.7582254 6.747803 1.5897268 17.565298 1.5704991 0.32571837306022644 
Car -1 -1 0 692.3569132143979 177.49175225130736 730.4333928277903 203.26417329759684 1.474158 1.6134613 3.8996189 6.154995 1.7695088 43.967678 1.5276437 0.3182000517845154 
Car -1 -1 0 925.8515389506047 159.36238889960288 1210.940754252692 296.31299866142825 1.5711983 1.6315069 3.931251 6.134698 1.4164126 10.264021 1.596587 0.8615976617153234 
Car -1 -1 0 146.26555499224634 190.73711420832086 217.5842998790069 221.0066162094144 1.4923368 1.6189919 3.8911886 -23.506645 2.5276656 39.824203 1.5746081 0.698017111971347 
Car -1 -1 0 138.973949666457 203.38487304041288 227.15133973675236 242.52561857806126 1.4897972 1.6203437 3.954787 -19.112825 2.950502 32.538548 1.576982 0.2706618309020996 
Car -1 -1 0 629.8331084945153 180.71344852269482 683.5514846358428 233.26029511224388 1.5545406 1.6332139 3.9008048 1.5309122 1.8368514 23.929153 1.620316 0.2512197196483612 

