Car -1 -1 0 0.0 191.43701015875615 196.66574728255245 308.6829210701186 1.5002236 1.6162081 3.8331184 -8.357763 1.6148908 11.325886 1.5619901 68.36120044445494 
Car -1 -1 0 268.5048797040408 186.37877647682487 432.9040908813162 283.79049757165666 1.4967277 1.6131865 3.764862 -4.4146986 1.5207715 12.975403 1.5742276 81.05718757038024 
Car -1 -1 0 378.7241301108251 179.36852389014936 465.8734984491472 236.81305952534203 1.5227044 1.6144518 3.747577 -5.2712893 1.3677111 20.938276 1.5588679 58.747106844269574 
Car -1 -1 0 575.8398699098219 177.4839663729989 611.959636828151 211.305344283116 1.5004208 1.6041217 3.4473355 -0.6590944 1.1574173 33.645317 1.5304133 22.49914867555629 
Car -1 -1 0 242.6630759618625 181.57194077460545 351.4942408449737 240.12353878139666 1.548975 1.6273539 4.009317 -8.930601 1.4525799 21.059883 1.5210495 23.275248324212644 
Car -1 -1 0 508.24175744979465 173.89624900895257 541.0259222300641 197.61284814829565 1.5190189 1.6142569 3.8810575 -5.5650496 0.79402214 48.12618 1.3052251 1.1309120982860588 
Car -1 -1 0 249.02006393034168 178.05405228214016 272.86431403688397 196.0657797885453 1.5669527 1.6341565 3.8677125 -31.09848 0.9439164 64.63627 1.2001923 0.9530137546905822 
Car -1 -1 0 359.71919572998206 169.64592804348763 466.85655437273886 208.15816870166887 1.5426195 1.640902 3.9638202 -7.9891396 0.9189676 29.79318 0.09206583 1.1404861191543183 
Car -1 -1 0 494.23144342197287 178.56239257189011 538.2457338939704 214.6788607414655 1.5492084 1.6221747 3.8938017 -4.090341 1.2638162 32.804466 1.5422122 1.1759500260054683 
Car -1 -1 0 463.9774290424781 181.64634060910979 516.635505350922 224.74749661511026 1.5996401 1.6321917 3.857732 -4.585378 1.4671683 28.642471 1.5264909 0.7714852519236602 
Car -1 -1 0 74.47399196363317 147.68693848334505 126.09322463042513 170.76728594505843 1.7433045 1.6641241 4.0863395 -41.56968 -1.2295204 59.05828 1.4733915 0.27444159984588623 
Car -1 -1 0 612.8757354719527 187.9961025944281 662.0323726611368 228.13428081333552 1.5128961 1.61607 3.8526416 1.171084 1.634008 29.340612 1.5096056 0.2519274652004242 

