Car -1 -1 0 109.78735559068097 174.3378336375576 303.89011824950165 285.2044320804566 1.5325193 1.6260952 3.9350128 -6.477546 1.5616853 12.105964 1.401224 16.880448521086073 
Car -1 -1 0 779.640626543641 173.24955695904785 933.5546886085029 237.520358667648 1.5033183 1.6015908 3.7411683 6.344556 1.5148079 18.930256 1.0861284 59.50761267568216 
Car -1 -1 0 360.41155900955755 174.95269878696794 479.05384878780944 218.17619915795663 1.548271 1.6498477 3.982569 -6.977276 1.6286964 26.78984 -0.018030912 15.93024891849801 
Car -1 -1 0 630.2859875516219 174.48948972957123 683.8075064114756 212.29355996911931 1.5291529 1.6107808 3.6829236 1.9954891 1.6044523 31.2867 1.4348769 44.13003665849705 
Car -1 -1 0 291.2396273382764 174.5593051307622 439.0795172430485 226.96511811591728 1.5227948 1.6322633 3.9400396 -7.373972 1.5769737 21.975903 0.06791911 9.437003602274364 
Car -1 -1 0 0.0 173.32192800676088 284.06500911597266 295.5447696843716 1.5831847 1.6580422 3.9739084 -6.95839 1.590339 10.192247 0.0053051924 43.05499457426936 
Car -1 -1 0 614.2990540538545 173.1531658424991 644.4088978176268 201.65941202025184 1.5286839 1.6168959 3.8336546 1.1254193 1.5463543 40.67636 1.6034676 6.418383699775609 
Car -1 -1 0 194.2534597343511 160.98962347580505 426.26988157712805 246.75885834982122 1.6336787 1.6617228 4.0019965 -5.920316 1.4076934 14.588879 0.0073168334 9.157526599857785 
Car -1 -1 0 411.8621592765152 176.1698135822704 502.86240531076766 210.2832303020188 1.5437626 1.6245904 3.8659542 -7.1042767 1.7040169 33.860596 0.10564725 2.703594509033234 
Car -1 -1 0 464.1859728506902 178.26606626564302 535.0753853638265 203.60799525591062 1.4997747 1.6250019 4.0025954 -6.7592993 1.8426979 44.475624 0.22752714 1.0616039530819097 
Car -1 -1 0 389.8562946526578 174.56815994334573 491.944949031772 211.45488724060323 1.5331317 1.6272137 4.0070267 -7.2980123 1.6104805 31.330936 0.21786039 0.4774121940135956 
Car -1 -1 0 412.5157039004501 166.4442153056103 434.2574968768175 184.48879616440001 1.5436785 1.6165724 3.8937304 -16.428165 0.9953337 63.790108 1.3819941 0.269727498292923 

