Car -1 -1 0 684.7078117937539 181.15030910246315 791.5209991125889 257.8432857096403 1.4946256 1.614224 3.8360934 2.7878492 1.7059407 16.430647 1.5323702 49.21546009057428 
Car -1 -1 0 726.864957237382 176.6705704512617 909.4689595242488 311.77889473427825 1.5697746 1.6241325 3.818626 2.7690928 1.6351156 10.422664 1.5975099 85.15281293688832 
Car -1 -1 0 638.7378117423528 178.33976602403345 674.0685777461484 207.50647899101529 1.4910302 1.5954988 3.5578198 2.5127125 1.8040159 39.36508 1.5413032 9.813755376394836 
Car -1 -1 0 18.58630223106598 186.6087911085713 356.40803376978874 303.83176952075564 1.5534062 1.6428012 4.0136814 -6.0347867 1.7742325 10.678961 -0.042015083 33.034583855828416 
Car -1 -1 0 114.23955616425555 186.86354385486135 377.8751358541707 277.136751006508 1.4984045 1.6261276 3.9751046 -6.4625907 1.7712467 13.153811 -0.043365777 10.685889358460505 
Car -1 -1 0 656.9353399033884 175.88665645222187 718.8905880391112 224.72196930889396 1.586437 1.6206299 3.7241025 2.6990862 1.7019123 25.574804 1.521913 35.455793769900815 
Car -1 -1 0 437.3616515801915 179.81371800001332 532.7136553547487 212.37908754783916 1.5021999 1.6526333 4.244203 -5.936863 1.8458604 34.6625 0.066727795 4.086483842322169 
Car -1 -1 0 399.28418497597863 168.4396942972556 506.5265995731145 208.09164095159608 1.5621994 1.6512808 3.9940019 -6.290942 1.3882853 29.26121 -0.0042964346 5.472436323406358 
Car -1 -1 0 459.1084464501977 180.20767309378985 542.1952200758468 211.5762720598235 1.5159519 1.646122 4.0850835 -5.5577507 1.9022802 36.67638 -0.20954196 1.1752221067065014 
Car -1 -1 0 350.6563435255031 182.56879503951825 483.32272558814697 230.2851613228888 1.5074782 1.6218445 3.986682 -6.4094486 1.8472528 24.221886 0.1042137 4.4579036580380835 
Car -1 -1 0 370.2605483440769 181.07992179002412 466.7096936895005 243.3796847105006 1.5389078 1.6222627 3.9432158 -5.252771 1.7932928 20.330166 1.5854158 1.9037644910169793 
Car -1 -1 0 681.6057320620731 174.10765446793897 708.9687570515655 199.46819280989519 1.4889537 1.6063757 3.7574139 5.2983384 1.5697179 44.520206 1.6946839 0.5783966183662415 
Car -1 -1 0 619.3699963212104 174.77037596972826 642.084827000906 190.53906725185422 1.5347774 1.6337456 4.0535445 2.1078484 1.733934 72.86409 1.4309654 2.006961866348087 
Car -1 -1 0 435.6795535190803 182.50782779320204 492.71998436802903 231.1794281898002 1.5011022 1.623217 4.060658 -4.993563 1.8665226 25.201242 1.4546782 1.8003874243156703 
Car -1 -1 0 820.153559652213 149.88807747798293 900.1069101939615 177.7789299868071 1.5362029 1.646221 4.065359 14.137825 0.27126047 40.894924 0.16900308 1.0333470772607705 
Car -1 -1 0 797.1633317045948 167.12491710653393 904.6242245163987 204.9970167367907 1.5568731 1.6569235 4.0956397 10.200942 1.3213577 30.738361 0.12477639 0.7863954962270923 
Car -1 -1 0 0.0 169.3392130478127 98.67496880107467 222.3829728865609 1.5505316 1.6181654 3.87806 -18.545807 1.4477901 23.05405 1.6010975 0.7528275771530815 

