Car -1 -1 0 696.8080186701562 202.50901782733723 771.2641040599183 234.0831268407154 1.51424 1.6110331 3.8717031 6.810582 3.201901 39.397243 -0.5234424 14.896129122881389 
Car -1 -1 0 622.4734974007307 197.7085229485694 656.8421491152884 227.93082029314624 1.6559765 1.633088 3.8030226 1.823163 3.2650685 44.743458 1.4776803 2.351879102766706 
Car -1 -1 0 362.0814152730869 216.33621305184286 437.89518116935363 247.6296612861792 1.5349059 1.6243072 3.8966517 -11.828969 4.0758533 40.746765 0.34125203 0.6336798535382155 
Car -1 -1 0 788.9670700637149 191.88954644492753 832.3664198650387 235.0664440323739 1.5526069 1.6210841 3.8564286 8.273227 2.3944602 29.840557 1.8237076 2.03957058741884 
Car -1 -1 0 520.828340829886 208.24478145889037 558.3405583441661 238.06838197487087 1.622849 1.6389563 3.9126725 -4.423706 3.984275 46.11325 1.6748552 0.6195575297029748 
Car -1 -1 0 396.90496539345435 193.35705855865564 444.43539430004313 223.92754859904622 1.5670284 1.6257769 3.8876286 -10.824065 2.8046577 41.588448 1.5988536 0.6164922714233398 
Car -1 -1 0 621.0483060609796 183.90145057136365 642.0849075001317 199.01179912737032 1.5167001 1.6115766 3.9986844 2.3387928 2.7364507 77.57374 1.4324381 0.7358053439778253 
Car -1 -1 0 424.79257104207085 204.90908157338038 502.0339177120567 235.23813489606434 1.5110778 1.6250055 4.018587 -8.324624 3.414303 41.16514 -0.49913245 0.5305876436722617 
Car -1 -1 0 648.9872945446733 204.61886590119332 679.4915222474883 232.9676930387982 1.5418496 1.6255419 3.8942037 3.4113476 3.633242 45.557644 1.5693715 0.7778557229989465 
Car -1 -1 0 552.1169827077925 198.56620832748206 571.2085196850433 217.97269223084703 1.5370106 1.620645 3.8517356 -4.242674 3.8984127 64.30461 1.5246123 0.2607651352882385 
Car -1 -1 0 507.6736638956569 208.77148664537089 554.1200604757735 241.96972668186493 1.6984944 1.6545932 3.9871683 -4.697773 3.9752536 43.618584 1.7719635 0.25542597398771966 

