Car -1 -1 0 361.4748810013879 183.7679714041908 418.4031876660571 215.63295742368373 1.5681844 1.6394765 4.103882 -11.802851 2.1903179 39.036724 1.62508 5.625907705896756 
Car -1 -1 0 493.26976381004334 179.60467913229115 518.646075210631 198.87859121627977 1.5614719 1.6391792 3.9894004 -8.846978 2.1589718 61.86052 1.5611343 5.3650528984125065 
Car -1 -1 0 600.455725388514 176.33114612034075 631.0743544428112 201.653810275976 1.5069726 1.6117529 3.956972 0.43195856 1.7363017 45.544178 1.6619639 2.6145672302897753 
Car -1 -1 0 0.0 185.2425315844593 140.05672968880282 245.93918512742178 1.5008066 1.6177071 3.9230406 -15.52998 1.8888199 20.62316 1.5886841 1.315672658154033 
Car -1 -1 0 191.45102639239474 182.39992600792198 277.97291759887617 224.17031023790108 1.5308433 1.621363 3.9277349 -15.130537 1.9456469 29.35514 1.5260135 1.0394097378166531 
Car -1 -1 0 375.8264704953364 163.7015740906441 406.38698900227865 184.74332023752362 1.5477139 1.6277249 4.000882 -16.657345 0.874512 55.164715 1.4346144 0.5932021588702346 
Car -1 -1 0 457.78648424908556 176.1223250695909 499.98201901970515 215.69447287831335 1.5412774 1.6104021 3.7890036 -5.4512267 1.6880841 30.420767 1.4289188 0.34193894267082214 
Car -1 -1 0 115.6589375344736 188.21906531121425 231.16089985747885 238.14511145599394 1.5008715 1.62677 3.9543805 -14.891566 2.073367 24.898573 1.5603082 0.45332973280853817 
Car -1 -1 0 362.893106866566 172.20942448228067 450.5470077086034 233.44753019592986 1.5313818 1.6286342 3.9620912 -5.5224547 1.5152628 20.085663 1.4871371 0.27554091811180115 

