Car -1 -1 0 278.9325500900457 190.63848923025012 405.9323031098912 271.7708276513896 1.5038955 1.6165881 3.8597136 -5.8285904 1.952136 16.212645 1.5134577 77.31067809800643 
Car -1 -1 0 84.13008305433833 193.83166391613878 330.27232870818943 323.74705040975925 1.5246449 1.6237937 3.937455 -5.8441443 1.9044615 11.085358 1.5584043 100.42952802508968 
Car -1 -1 0 708.5998407004622 180.04313302328003 819.6472908892048 257.8028363023408 1.4780213 1.6106114 3.8416874 3.2798107 1.6566277 15.99845 1.562575 32.25194153114901 
Car -1 -1 0 741.4749936976352 180.981517686227 957.6358255424593 314.4411571344986 1.5030595 1.6071339 3.6694295 3.1451552 1.6398475 10.250214 1.4902213 62.42061743145668 
Car -1 -1 0 0.0 193.66161927142866 78.65941002939603 260.40179117448855 1.5095394 1.6142701 3.9373584 -15.589545 2.1333842 19.607712 0.86990386 1.6044845705553044 
Car -1 -1 0 868.0859021573556 166.10599859034681 974.3802986791145 201.40278280778665 1.5256939 1.6170744 4.0155487 13.762688 1.2340132 31.998737 -0.00096073217 1.4358574752695663 
Car -1 -1 0 358.47640024700047 180.86929031221837 437.1946992284827 209.22740172899745 1.5289526 1.6292872 3.9087892 -11.832912 1.9891739 40.44419 0.088942744 1.3586588874592982 
Car -1 -1 0 341.2130059104776 185.48720840037092 382.277143051959 205.15350694791496 1.4928262 1.620239 3.9858067 -20.387592 2.57125 59.516296 1.6937476 0.3443739414215088 
Car -1 -1 0 319.26251063736106 189.73396015287005 371.29420899206474 214.13701261312656 1.523764 1.6187335 3.953608 -18.259815 2.743044 50.03044 1.7467632 0.34320133924484253 
Car -1 -1 0 620.3762410140534 173.06218583121728 667.2665175136818 190.93650610326443 1.5360589 1.6432831 4.032417 2.984251 1.5544822 62.940582 0.045651924 0.5970103079070953 
Car -1 -1 0 758.4974019299691 148.6920066301643 905.6965683373303 208.98599149341993 1.5877422 1.635268 3.8332467 6.267822 0.95147604 20.414593 0.34267223 0.452947199344635 

