Car -1 -1 0 740.607011961677 178.7179223480831 868.9862102726721 268.04474653887905 1.4898593 1.6151607 3.844215 3.679618 1.6214273 14.239663 1.6060566 70.66467404957416 
Car -1 -1 0 710.858988876207 176.68232636168767 790.1350234916797 237.7056755441073 1.504369 1.6181629 3.8390582 3.7970185 1.6208062 19.98919 1.6188095 47.628396313535575 
Car -1 -1 0 479.5248360128108 180.79397943636516 538.8995755175704 221.05226238104734 1.5253887 1.6269795 3.9518569 -4.1191306 1.8799235 30.180422 1.655373 37.217401858910904 
Car -1 -1 0 980.0060651056963 167.62125426470374 1165.8813912543908 231.69858932572953 1.5287286 1.6381502 4.006544 12.173142 1.403888 19.078377 0.6498589 16.181947392051562 
Car -1 -1 0 1058.3932894604038 167.37646418759726 1242.0 246.74896201714006 1.5266907 1.6321137 4.0004735 12.228867 1.421333 15.741325 0.65249836 13.29130974042353 
Car -1 -1 0 512.0447539701784 179.97060174033055 550.5911927984246 213.9828579747668 1.5277655 1.6197777 3.9103746 -3.7671413 1.8948519 35.230103 1.5279825 9.552631013050462 
Car -1 -1 0 595.3712809642266 178.379169888879 618.775423777129 194.14471172384518 1.4830987 1.6332605 4.16716 -0.27767932 2.0482435 71.60873 1.3952627 0.9581967113253732 
Car -1 -1 0 679.1419178237014 171.7003552367075 708.8814055730219 195.14754755137847 1.5084984 1.6227939 3.8308375 5.61967 1.4342773 48.353153 1.5921495 0.3878656327724457 
Car -1 -1 0 69.00183411626936 185.84281266804032 134.85331930337975 214.32345642185035 1.5276353 1.6114254 3.8519359 -29.855906 2.330319 42.567738 1.4262961 0.3767222762107849 
Car -1 -1 0 659.9448168223654 175.74126306119993 723.7753146804805 237.74081960576078 1.5666337 1.6257213 3.8993192 2.272405 1.6564422 20.43152 1.6563348 0.2760619601045176 
Car -1 -1 0 451.0093419877679 172.50104281830076 498.5530519460276 188.80256264037894 1.4815909 1.6122794 4.0112195 -12.452076 1.4495114 66.73755 0.18394646 0.8662459886737722 

