Car -1 -1 0 0.0 176.78247192040902 338.5514085554983 293.7421502337662 1.5357165 1.6492674 4.060149 -6.2477646 1.5970907 10.402496 0.022470335 88.86343620867596 
Car -1 -1 0 232.19201021706127 169.18268807291335 447.1634524344016 248.4356362228987 1.587847 1.6653911 4.0440483 -5.6441584 1.5142915 15.509291 -0.1118338 50.784267147585105 
Car -1 -1 0 673.7925823452819 178.32280898516018 752.8285393391984 236.46977609841204 1.5218737 1.6210732 3.8776577 2.947757 1.6976824 21.225492 1.5301342 9.77309386299398 
Car -1 -1 0 430.3914966187555 175.7226739419694 525.022792413309 210.1555922857815 1.5446568 1.6384488 4.030441 -6.1011124 1.6823969 33.594032 0.11803489 5.56274143809733 
Car -1 -1 0 649.7640383352876 165.27931454586945 696.952394019992 206.1662534516418 1.6171405 1.6296434 3.8797138 2.6319833 1.3175501 30.482292 1.5652087 4.865160736227117 
Car -1 -1 0 630.1521443804401 175.27138475743453 664.9951307471052 199.39260370530553 1.5526681 1.628157 3.8993154 2.6199183 1.7236843 48.954353 1.8206768 2.965222489336739 
Car -1 -1 0 494.3915359845924 175.43612592224164 533.1569997029283 207.58080656451335 1.5247931 1.6081041 3.822815 -4.9035068 1.6630654 36.596333 1.3477525 1.0991313954072255 
Car -1 -1 0 527.6955072315993 175.93319697593236 555.9234719181304 198.91198090623644 1.5632052 1.6424346 4.0392714 -4.8992157 1.7933677 51.795544 1.382359 1.8091309465836525 
Car -1 -1 0 685.3762212463304 163.97403622287817 799.2861813198721 257.99795377274563 1.7640641 1.6508073 3.9011664 2.7007751 1.5974593 15.505814 1.5486026 2.475930622306864 
Car -1 -1 0 434.62528972117684 171.1216963178913 483.8275114067762 209.53133038965439 1.514352 1.6323358 3.9706657 -6.285635 1.4460534 30.505247 1.4695758 1.2585486290737058 
Car -1 -1 0 347.30641123038333 140.74514954405157 387.3136505508012 165.20903075307083 1.5258468 1.6166248 3.9330373 -16.156057 -0.5330399 48.287586 1.4965174 0.9279017137853559 
Car -1 -1 0 301.1373544644021 145.2526097712836 340.31219361731087 177.4049691058797 1.5336863 1.607394 3.8232794 -14.549007 0.2170837 36.485077 1.2514448 0.4297780990015501 
Car -1 -1 0 288.0747121904547 145.96143534399212 331.54106559917625 173.51772868811437 1.5227628 1.6099724 3.9196317 -17.463057 0.03667748 41.949726 0.98353267 0.2763013243675232 

