Car -1 -1 0 313.7606044775076 183.44147895101045 470.8898797085917 242.3983966166217 1.5090685 1.6202123 3.936883 -6.0455055 1.8239136 20.19011 0.2468982 17.330295225323713 
Car -1 -1 0 666.1256901321323 179.60643583745622 747.7705846628502 241.23869201982197 1.5549474 1.6221135 3.8357635 2.67343 1.7659799 20.59161 1.5173433 71.85170835340048 
Car -1 -1 0 188.55746633487172 184.15855235796627 408.7746652677653 261.3568992274287 1.5298187 1.6402979 4.0304947 -6.563134 1.7868545 15.486786 0.049619384 41.354406921351696 
Car -1 -1 0 255.21892854716836 183.5395589605496 447.1509269690296 248.67481369413508 1.5016543 1.6441598 4.151564 -6.2569304 1.7782227 17.798683 -0.02635017 11.843333779301226 
Car -1 -1 0 647.7330472344372 182.24605132723568 695.2679187553073 220.81854397973433 1.5204434 1.6129981 3.8881068 2.629788 1.9543997 31.369362 1.5385618 7.164408443840287 
Car -1 -1 0 634.874017309959 179.7112933387955 667.1620184084553 206.64696857054616 1.525594 1.6127713 3.7412288 2.4715765 1.9592459 43.73149 1.5350584 5.250268914075322 
Car -1 -1 0 753.2624655384157 190.40179129435384 1242.0 375.0 1.5083206 1.6127844 3.957402 3.151796 1.7226985 6.678588 1.1641676 9.930063028020934 
Car -1 -1 0 193.85310353238756 183.30716675308352 458.89142181464257 282.86422924105045 1.5662638 1.6333342 3.9302554 -4.749937 1.7596159 12.4436455 0.04416597 3.119231863661992 
Car -1 -1 0 475.63154173174286 178.25573779604667 526.7637615829694 212.41601528993016 1.5551405 1.6214594 3.705207 -5.25082 1.8344033 35.37935 1.6691098 6.3919198221338585 
Car -1 -1 0 395.56032249085814 180.40745496659704 460.67693416751587 230.23301378104907 1.5628647 1.6287432 3.8319607 -6.251055 1.8475606 25.214169 1.48114 2.3780661819919366 
Car -1 -1 0 646.190749488138 183.86707143700602 707.6424099452677 231.6942934272901 1.5339192 1.6195517 3.9238112 2.3530457 1.9625909 26.075817 1.5074148 1.8198782047309416 
Car -1 -1 0 2.496641522742683 186.4515792419989 370.089227044596 314.6626031604092 1.5160389 1.6187594 4.0040855 -5.473419 1.7148216 9.636673 0.05155432 7.68578333577398 
Car -1 -1 0 383.3029884110332 173.17646038566195 498.8985249005809 215.71124052783819 1.5573688 1.6302828 3.969468 -6.3719 1.5701225 27.486216 0.12267343 5.74988334128014 
Car -1 -1 0 442.34033613682567 170.39779628139397 495.8471589138478 210.9998607624379 1.6080923 1.6256654 3.8288088 -5.8687706 1.5108113 30.515625 1.5403267 2.559073261599398 
Car -1 -1 0 0.0 181.97194625871415 350.3350220979242 364.4128390069814 1.5656968 1.6400075 3.9448657 -4.8919873 1.6743773 7.45356 -0.17269412 1.0633998945047052 
Car -1 -1 0 1057.2619593799354 150.59487465839302 1151.9987456858582 183.5646773899371 1.514387 1.6063248 3.9062355 24.020945 0.4919685 35.184227 1.4381926 0.2854802906513214 
Car -1 -1 0 618.9240041947579 183.80380469018772 686.9767261251249 244.3436887749748 1.542973 1.6185464 3.8686268 1.1768222 1.8923813 21.06194 1.5345933 0.29113224207588506 

