Car -1 -1 0 443.377699661434 185.48029746155916 521.5419646064732 240.16545631391713 1.5112143 1.6202488 3.879272 -3.9183903 1.9452722 22.828327 1.6186881 53.84702053775308 
Car -1 -1 0 384.63284391989237 189.01246409292395 491.1303728910269 258.88326854177825 1.4964882 1.6194943 3.8840044 -4.225173 1.9516777 18.347462 1.6186419 49.26404930125267 
Car -1 -1 0 0.0 195.53499413155345 345.29625458935163 375.0 1.5429579 1.6237888 3.8837175 -4.573931 1.8616828 8.169304 1.6071883 114.4375927217511 
Car -1 -1 0 282.7807740036164 186.82068749193047 441.5085198702412 289.4261474916931 1.5426807 1.6206264 3.865219 -4.3518085 1.8378599 13.312507 1.5655359 113.85341770693812 
Car -1 -1 0 710.3007474872826 176.6833841985922 775.9078656611466 223.73057337401562 1.5841322 1.6293197 3.9184065 4.832863 1.7357211 26.589413 1.5532387 28.61388435452822 
Car -1 -1 0 569.4422025633031 180.4544348563205 602.8368781614389 204.02751009001625 1.5084518 1.6222899 3.9268508 -1.5664158 2.0522094 49.560562 1.7165271 2.932294537302255 
Car -1 -1 0 861.9640109879673 139.49790649532002 933.7395341922074 172.5881057062195 1.5882905 1.6306179 3.8399553 14.573843 -0.014270008 36.69423 1.4040496 0.7795693748272997 
Car -1 -1 0 295.7672283402261 160.58494327752788 368.8739159638656 184.3349500772232 1.4870591 1.6307584 4.06032 -17.673223 0.71885645 46.120384 -0.06359137 0.35444122552871704 
Car -1 -1 0 677.6436511297435 181.86472781671324 732.0239748770358 212.5843560584029 1.5245569 1.6278399 3.975938 5.1067 2.0402575 39.1739 1.3411549 0.28943318128585815 
Car -1 -1 0 299.0828233750917 181.13807658786556 381.40154029647647 220.1274369392172 1.5038762 1.6212763 3.9506195 -11.380741 1.8809001 30.773434 1.7033551 0.2847121059894562 

