Car -1 -1 0 583.1802307509153 183.9411312435096 617.9361001072222 216.1756263799495 1.5283985 1.6184553 3.704724 -0.42254704 2.1317945 37.387077 1.6080934 17.196034372363226 
Car -1 -1 0 520.604841851751 185.4502416391422 586.1789024625517 210.0938964985265 1.4875481 1.6150234 3.995267 -3.4827256 2.2913876 45.22104 -0.008516061 1.7031386603647114 
Car -1 -1 0 109.6173645903221 187.43530442050007 206.0005289952621 227.355397848853 1.5060408 1.6234163 3.916522 -19.038418 2.1644175 30.616718 1.5757308 2.3761829317241263 
Car -1 -1 0 28.625391247944833 192.7552027209837 141.85705871598796 240.7882634447248 1.4857459 1.6197852 3.8807373 -18.748224 2.2591996 26.018778 1.4504716 0.8204806656347311 
Car -1 -1 0 1077.8743489916237 196.80276997167985 1180.940168865628 247.77136616547745 1.5332885 1.6224396 3.9755056 18.454948 2.4609642 25.825602 1.8113166 0.3268529772758484 
Car -1 -1 0 804.6803747873804 188.92695559217123 859.0688871091112 213.73519326146757 1.5046263 1.6091827 3.823101 14.884389 2.6310458 48.501778 1.2665071 0.31461599469184875 
Car -1 -1 0 899.6539224835054 208.8961975962243 958.0613386593923 247.69592336471308 1.5821478 1.6191715 3.9071143 15.529105 3.446803 35.27951 1.7147493 0.2993532717227936 
Car -1 -1 0 781.8738025608722 194.9280537808291 829.7334512938264 218.9321721477444 1.5605798 1.6228994 3.9584637 14.339815 3.24481 52.931572 1.3115385 0.28996527194976807 
Car -1 -1 0 1025.3908251667924 203.4449700707684 1128.9899979527893 245.36362245809818 1.4920673 1.6208886 3.9324083 19.74406 2.8785617 30.673538 1.4837947 0.258068710565567 
Car -1 -1 0 862.8322113985072 194.87880980253047 920.6703012186764 223.2994175175183 1.5552166 1.6103503 3.8119152 17.377594 2.97839 44.6122 1.4079386 0.25368577241897583 
Car -1 -1 0 239.5814851962883 184.49675574222238 299.6252729839038 213.15995018198362 1.4970995 1.6146843 3.9005651 -19.34478 2.1939604 41.230938 1.5640175 0.25108370184898376 

