Car -1 -1 0 0.0 199.18067287438723 136.45664720200665 275.4109294081956 1.480721 1.6044651 3.8708227 -12.933453 2.1536987 16.798342 0.5108166 51.73802570420088 
Car -1 -1 0 486.5793056588375 180.6424960682463 552.3764316610373 235.2807690978752 1.4886975 1.621221 4.013218 -2.8781712 1.7536378 22.406635 1.3430004 33.26841363689909 
Car -1 -1 0 404.4870638671823 182.37778937287771 461.4927971421768 236.40232763329254 1.5058866 1.6140245 3.8372865 -5.601523 1.8352156 22.893919 1.3273699 27.417371545756687 
Car -1 -1 0 178.2173763368738 185.39600680618582 396.79893100551305 289.7749383497851 1.59882 1.6404908 3.9017596 -5.8996477 1.8562505 13.132561 0.51702225 75.40124241711044 
Car -1 -1 0 33.147085509208395 186.68798740240106 156.36280412372273 226.19085373089445 1.5252861 1.6403042 4.0276146 -21.68843 2.1425714 30.590136 -0.44392166 4.721986963563625 
Car -1 -1 0 883.5601298454156 154.76985687312356 953.7597490363277 201.8714307299186 1.5146704 1.6233492 3.9456441 10.740364 0.93312883 25.310734 1.8066196 0.8479758787073061 
Car -1 -1 0 554.3542309773858 148.43275230667285 653.9710646319763 185.95808595221246 1.566797 1.6602207 4.0873823 -0.20233348 0.54713535 31.30075 0.17558764 1.7107601801087473 
Car -1 -1 0 584.3125982989005 171.05996482040817 693.5163671175281 236.52152009342726 1.686064 1.63698 3.8833702 0.9435034 1.6398557 20.684864 2.0489397 0.8362910836770827 
Car -1 -1 0 443.07838692238386 176.62970989709646 533.9657880294402 210.10795564651679 1.5084269 1.615919 4.0042214 -5.757554 1.6958377 34.329678 0.3746279 1.3828190574157986 
Car -1 -1 0 737.2401094830817 131.2362482354907 836.0031892808938 167.10606089062927 1.537152 1.6512452 4.0822177 7.84367 -0.26482767 32.242565 0.08767676 0.44527530670166016 
Car -1 -1 0 644.3586734965085 127.39083839624733 734.0642581256338 180.75892913585633 1.5883825 1.632427 3.9451077 2.691999 0.23527251 23.603333 2.0404983 0.702379619228394 
Car -1 -1 0 496.6672762642707 166.7657153219105 533.8724915640807 201.50065150452807 1.5122921 1.6119466 3.9004877 -4.3865147 1.2472198 33.45731 1.4320898 0.5762272457230138 
Car -1 -1 0 630.1576120312014 132.60026307391902 790.8793500761768 199.9358835756805 1.6024597 1.6295329 3.8353372 2.6049352 0.6444972 18.884995 0.5640516 0.3149518370628357 
Car -1 -1 0 183.4195274023398 185.99660449769388 230.14619398258972 216.08954974056914 1.5258361 1.6129401 3.873745 -22.543701 2.3017755 40.506424 1.2445314 0.34755361939644536 
Car -1 -1 0 1076.2660679386383 171.03767039466467 1192.9278928562978 221.721428147762 1.5369079 1.6212347 3.9059467 17.260164 1.4818304 23.949957 1.7596337 0.2579056918621063 
Car -1 -1 0 570.1016920714553 159.7002240599276 629.3292394901217 193.14429099919857 1.5040108 1.62243 3.9848826 -0.5375442 0.9124731 34.597855 1.2229712 0.2565467059612274 

