Car -1 -1 0 559.402093487411 178.9851624910501 621.6437031881836 237.7252290218753 1.5086825 1.6014023 3.3142142 -0.4974167 1.3486571 20.152557 1.5285745 41.924575190974956 
Car -1 -1 0 356.1950639692489 183.93797120331882 493.6820391172643 276.40452862289453 1.5090586 1.6188543 3.8827124 -3.2819555 1.488206 13.676001 1.5743699 95.50059670120764 
Car -1 -1 0 39.99091262098631 197.41676740506654 417.77239064009046 375.0 1.4847932 1.6151917 3.9107053 -3.164481 1.6366118 6.989381 1.5707531 66.58970732698052 
Car -1 -1 0 229.12971340187977 180.82557522094322 355.9072173774964 248.29500541811078 1.5336256 1.6163691 3.7828665 -7.818796 1.4338351 18.24542 1.5532283 66.45246529719954 
Car -1 -1 0 447.6867742941393 176.46293267433043 529.9558985842431 236.07174217698648 1.5649769 1.6216007 3.7864952 -3.3179867 1.3351808 20.796223 1.6096175 27.85535313988785 
Car -1 -1 0 329.33944357680735 180.0890110608004 383.45628675526314 210.82092031477453 1.4937792 1.6100616 3.6679573 -12.770174 1.2445874 36.804276 1.5331229 13.550958215668643 
Car -1 -1 0 381.14264120361486 172.8037227632937 441.4675905802283 211.5975141003668 1.5274342 1.6135138 3.81359 -8.158335 1.0387355 30.236559 1.5370566 3.062999161085388 
Car -1 -1 0 437.9894128394987 176.3400831329299 485.66852334532086 202.693696696196 1.5191505 1.615157 3.8557408 -8.729575 1.0075169 43.4632 1.7167846 4.169956335189836 
Car -1 -1 0 507.005563395474 177.88137693625507 550.8621957256288 215.76495242599745 1.5546424 1.6267021 3.9096513 -3.4910398 1.2536612 31.570318 1.3874422 8.702933424106671 
Car -1 -1 0 660.6728039691461 148.78961705972725 696.2124820517988 173.82324384426016 1.5245329 1.6076013 3.8195755 4.768714 -0.78892016 47.717754 1.87346 0.35036665201187134 
Car -1 -1 0 599.4206064564485 182.87903954842818 660.3498908340777 228.83472735659342 1.5259314 1.6224618 3.898531 0.7397785 1.448344 25.901844 1.4502811 0.6656848321459861 
Car -1 -1 0 533.6585761239548 157.98930362887768 557.6003852323588 178.09093841663648 1.5115261 1.6122203 3.915649 -4.884094 -0.58850497 57.41221 1.5614421 0.5054010047527986 
Car -1 -1 0 594.65366241745 178.4854497244707 644.8761718588513 211.1261851004244 1.4995699 1.6223396 4.0475993 0.6774628 1.190371 35.1825 1.8058075 0.2777557969093323 
Car -1 -1 0 654.5750676829497 175.29479919727706 742.4631925818279 242.54899444303823 1.5556023 1.6271224 3.8755403 2.2465239 1.32613 18.597935 1.5281975 0.25205549597740173 

