Car -1 -1 0 0.0 171.43048443898664 229.24058877369788 257.5970729416384 1.544517 1.644383 4.0159793 -9.77224 1.5190008 14.000761 0.1256536 8.006444138341626 
Car -1 -1 0 323.50421118652764 177.16858765371327 430.3923330626354 240.82791054636124 1.574517 1.6348603 3.9114397 -6.332813 1.7064486 20.088516 1.5946987 3.2507875776688535 
Car -1 -1 0 290.3366117431975 178.96761672796762 414.16347092934586 249.00003267123694 1.5596005 1.6316729 3.9249735 -6.3993807 1.7324665 18.409126 1.609758 1.65753733851422 
Car -1 -1 0 324.40569086244363 169.49336204983607 403.2427430620499 217.61016908387046 1.6314695 1.6381493 3.8588138 -8.888277 1.5175221 26.410198 1.5507662 0.7141116562637132 
Car -1 -1 0 173.9802900574783 166.30387478686214 314.16250637669054 236.08737174179515 1.5567102 1.6311837 3.9398444 -8.9709215 1.4105918 18.093227 1.5356419 2.439673457387332 
Car -1 -1 0 860.03740754308 165.98155353420935 989.7340662930955 213.97209211566374 1.5499567 1.6298357 3.8938723 10.650347 1.3279963 24.646578 0.29328707 1.5705136060714722 
Car -1 -1 0 0.0 179.6221842971643 226.9748935392382 327.03951247436476 1.4887199 1.6081455 3.796371 -6.8412247 1.5948616 9.389457 1.6069736 0.7264158988870364 
Car -1 -1 0 420.53485057258047 170.77314038319332 470.28455278738994 202.2371074717972 1.5634856 1.620328 3.8770175 -8.537244 1.4600848 37.8163 1.6010756 0.5735337754035637 
Car -1 -1 0 411.8616431497775 175.87056953149167 496.81222600567986 215.78200169447047 1.611666 1.6459261 3.9390032 -6.792053 1.7509398 31.371563 0.74656355 0.33950120210647583 
Car -1 -1 0 477.0193753382592 179.01213443125002 525.9682193923661 207.78906876677593 1.5329027 1.6095014 3.9389586 -6.140167 1.9040266 41.40456 1.745546 0.2573207914829254 
Car -1 -1 0 802.6655830244537 157.72102901339005 887.6067666308971 197.9590030848567 1.5152612 1.608126 3.7500458 9.425962 0.9453913 29.17144 1.3640705 0.25634703040122986 

