Car -1 -1 0 95.12850887847848 178.60281843791822 332.3226461184688 261.1655714260941 1.5121701 1.6348921 4.0366592 -7.8836174 1.6368698 14.5124855 0.16543263 26.398977429794613 
Car -1 -1 0 684.4672744174095 185.8906103475794 855.902346894358 249.56594239059166 1.5373447 1.64622 4.0575027 4.111588 1.895209 18.81635 -0.083978474 74.907378763322 
Car -1 -1 0 0.0 178.58823689419285 282.2249956467983 282.4202166929769 1.53636 1.6502506 4.053398 -7.7355213 1.6375449 11.757984 -0.07470641 36.421211955006044 
Car -1 -1 0 812.2443340948824 190.7089955844406 1242.0 352.5612580177614 1.5445108 1.6445932 3.9707541 4.496797 1.7681999 8.069473 -0.075663775 88.08838422065267 
Car -1 -1 0 230.91670964638985 179.0894961323652 403.1783986478153 239.04751736402676 1.5430694 1.6509165 4.059583 -7.889705 1.7221792 19.74906 -0.07568188 49.549069186988255 
Car -1 -1 0 660.9549787701726 186.21608481237053 802.9528765482946 242.4884993457602 1.5510597 1.6254165 3.8537133 3.5496368 1.9634713 21.30742 -0.079061955 5.8962328294814625 
Car -1 -1 0 343.3890859376735 173.51818146834327 403.7324513446709 220.70663453294793 1.5438089 1.6229895 3.8124053 -8.318873 1.5693293 25.693596 1.3676325 3.7099827151464932 
Car -1 -1 0 366.172190060675 175.97628059793692 412.88746265423225 218.86167579151595 1.5298787 1.6292485 4.021262 -8.630894 1.6613503 28.21857 1.2586942 1.5596667767316639 
Car -1 -1 0 960.1285618888302 192.76541874488925 1054.2052496071335 228.41749125980607 1.5480928 1.6253722 3.962872 19.663052 2.5968976 35.864403 1.1900762 0.2811933755874634 

