Car -1 -1 0 317.88692527084635 186.20354533488563 403.74599591309374 234.67562945548437 1.5156353 1.6247451 3.9497392 -8.725304 2.0269837 25.647848 1.5903116 16.5435078539419 
Car -1 -1 0 332.2871025237799 171.41407871652126 393.875159868155 206.90466821867577 1.6767592 1.6353935 3.964354 -12.245717 1.6087297 36.092773 1.5978818 3.516477127225733 
Car -1 -1 0 585.9791073557064 176.35804261522546 611.5890324227843 200.90610657569277 1.5672917 1.6320539 3.946868 -0.76085234 1.8132493 48.64291 1.5318594 2.5843110884243203 
Car -1 -1 0 994.1873373633185 139.6565359841273 1109.1664223576859 180.38420959735933 1.5452924 1.629597 3.8379831 17.836176 0.28571162 29.171606 0.6356552 1.7799327300323537 
Car -1 -1 0 412.0888734245125 176.07012241066778 475.36882828180757 219.92940074684026 1.5432714 1.6199083 3.8912153 -6.2668476 1.6752431 27.642418 1.5454634 0.7532916069030762 
Car -1 -1 0 343.02085396991174 175.57309232570074 430.6460934211828 229.64999693042844 1.5267587 1.6122009 3.8951259 -6.836589 1.6190847 22.534273 1.5480672 0.9892950911608335 
Car -1 -1 0 295.05248046051554 177.40447738611496 403.81034384068465 241.75701742581154 1.5404432 1.6218882 3.9212914 -6.8930006 1.6761354 19.533966 1.5437856 1.0071571454946473 
Car -1 -1 0 182.7425689808046 179.96703462993796 346.6343794395533 270.7237051063617 1.5112762 1.6093879 3.8004954 -6.5970836 1.6710681 14.264468 1.5114464 0.3201020359992981 
Car -1 -1 0 450.9004963489518 177.02046999273463 496.5803334023682 209.5674074251225 1.5092415 1.6203408 3.9409904 -6.705371 1.7283559 35.956738 1.5473778 0.741338453038506 
Car -1 -1 0 760.6698666329984 141.5999476286517 862.5737511505504 188.3540100565355 1.5159869 1.6109604 3.8699415 7.0232944 0.5025832 25.483355 1.2649536 0.25213930010795593 

