Car -1 -1 0 189.32424046577486 181.86351360078808 422.03457467411386 264.0245718205585 1.5051148 1.6281414 4.026887 -6.0092773 1.6990417 14.488676 0.116297066 27.19152194196002 
Car -1 -1 0 245.8866335083363 177.79744475246255 445.3215235722 248.6498697680608 1.5246783 1.6383274 4.0348287 -5.9557037 1.6455554 16.653942 -0.08583493 34.05362792726621 
Car -1 -1 0 690.0067682456324 183.88523251951403 795.489223055129 258.1894680054644 1.5089858 1.6117201 3.7612755 3.0319471 1.800612 17.149803 1.511524 56.24035300277583 
Car -1 -1 0 0.0 183.36807929561147 332.0447775916359 313.21338871259564 1.5003538 1.6276937 4.0116243 -5.996006 1.6562685 9.607035 0.14372373 29.632109420633412 
Car -1 -1 0 65.53330472814429 178.46776982954364 362.28110918155596 277.5467596916656 1.5152752 1.638005 4.02689 -6.395284 1.6148531 11.964125 0.0077740033 20.56917825621082 
Car -1 -1 0 754.2092909173928 184.8525919306458 886.5400889389509 232.31461929496308 1.5138391 1.6408395 4.0120645 7.037404 1.9340312 24.368633 0.03986241 20.87197581410377 
Car -1 -1 0 331.7459423536646 175.46560793060496 476.26333798558534 230.75737137717573 1.5797968 1.6447408 3.9379592 -6.082162 1.6619034 21.696808 -0.08561104 10.627027319268397 
Car -1 -1 0 405.33509782495935 176.53286486603957 506.29700682787075 213.7138971409696 1.5350168 1.6333548 3.951602 -6.506671 1.6963282 30.796642 0.012586004 3.0845483898574053 
Car -1 -1 0 676.8509663829827 178.49452641507185 764.1943439537456 211.05104865734523 1.5179188 1.623158 3.9724016 5.296218 1.7962554 34.767982 0.012796601 3.6316441473943297 
Car -1 -1 0 717.0161081217342 178.2509480290642 832.5473752049331 220.95364063939843 1.5282478 1.6281892 4.046666 6.1195736 1.7382257 27.073837 0.093214735 4.5600444283126045 
Car -1 -1 0 521.788217611242 174.26453566462786 548.199185209581 200.2874713569277 1.5999383 1.626698 3.7325218 -4.838826 1.6946996 46.523384 1.450355 3.517744585081698 
Car -1 -1 0 494.6123533113972 176.88151247096326 530.5670428372698 206.25191869735377 1.5884395 1.6358593 3.810187 -5.525812 1.8306708 41.47332 1.5483073 3.517479375590363 
Car -1 -1 0 453.84616373952576 179.2164401879355 492.17009015247334 214.12886326478127 1.492644 1.6054518 3.9304624 -6.3158617 1.8076601 33.662457 1.422575 0.3849369740986269 
Car -1 -1 0 417.8755338300326 181.0133667144496 507.09819800727286 224.57947516917565 1.5344892 1.625287 3.9346375 -5.796927 1.8756166 28.164892 0.83143675 0.4238091492030063 
Car -1 -1 0 886.9843642930698 143.49067992226983 924.8870336171223 168.3604402793373 1.5480654 1.6134815 3.7826133 19.520607 -0.30929482 47.652176 1.7656535 0.299106627702713 

