Car -1 -1 0 142.6783494710206 188.64888072535229 229.57480321753644 226.8999628534665 1.4991462 1.6226251 3.9662395 -18.627033 2.242464 31.946981 1.5374273 10.694627756979747 
Car -1 -1 0 0.0 185.49267062909834 157.01328988833956 245.25673835568006 1.6108472 1.6302495 3.9540367 -15.780763 2.0019035 21.137743 -0.19769011 1.219212607642854 
Car -1 -1 0 349.9258641637694 183.86480299280566 391.7609969700779 204.51622189115005 1.4904237 1.6159637 3.9984283 -18.58759 2.3819106 56.349777 1.6699251 1.5563841551639637 
Car -1 -1 0 422.06466786136247 179.2213680762942 499.8654837862745 213.08408354184357 1.485611 1.6142641 3.9986396 -7.1149893 1.8059537 34.345463 0.75197023 1.0675685914272597 
Car -1 -1 0 258.675641026376 183.06777533868927 326.3868187598747 217.66373672375346 1.508668 1.619165 4.0511274 -15.165949 2.0295 34.736492 1.5299044 1.998541746665921 
Car -1 -1 0 409.71410561611225 185.53234125619872 458.5530743425207 231.91119847714404 1.4920666 1.6125228 3.865422 -6.3613105 1.9921019 26.398132 1.3579601 0.33375075459480286 
Car -1 -1 0 347.563347969376 173.99495592331283 509.19671579176855 231.52382349807917 1.5179518 1.625368 4.0622473 -4.994049 1.5514643 20.136808 0.12337934 0.32192572951316833 
Car -1 -1 0 728.3967866592003 143.34579198769444 780.0975407104413 166.90522035460165 1.5175574 1.6224974 4.057971 9.920696 -0.42829227 49.76419 1.2217888 0.27283337712287903 
Car -1 -1 0 0.0 178.08234064654735 316.22019557014744 302.7244289447835 1.5077858 1.6289343 4.1067414 -6.3567767 1.5857581 9.785391 -0.07961412 0.26789459586143494 
Car -1 -1 0 498.17146136038593 193.65784856110736 531.744334774321 219.0124865861157 1.485705 1.6058676 3.9131446 -6.182498 2.9121761 47.49828 1.5955936 0.25257962942123413 

