Car -1 -1 0 25.230297767060623 181.86034854182589 322.07124251375404 310.3334617926414 1.5085881 1.6185882 3.911333 -6.181629 1.6696979 10.83517 1.7578259 108.39905182031139 
Car -1 -1 0 717.4185926559677 179.57220032982283 769.9420820751571 230.53941983240733 1.5668542 1.6420662 4.2523603 4.686702 1.8207685 25.02248 1.7737684 28.15960852148089 
Car -1 -1 0 471.37945838009927 178.68275985687075 552.1648406344273 228.11107959032378 1.534584 1.6204002 3.8742774 -3.2820778 1.7526581 24.94058 1.7593347 61.936451099139084 
Car -1 -1 0 560.2288885731961 180.12435859523515 611.7508351032391 214.82444883221268 1.5113579 1.622918 3.970551 -1.0598369 1.879261 34.409775 1.759692 25.70420993489744 
Car -1 -1 0 621.2942495719896 178.82760380144896 654.1990761457035 201.28744467056305 1.493058 1.6141772 4.008035 2.041911 1.9349016 51.235046 1.7978185 2.0761333536695967 
Car -1 -1 0 579.9907647268915 175.50853873062718 633.960722362204 213.26135694873463 1.5194185 1.6207621 3.8816671 -0.04697168 1.6424794 31.389341 1.763842 1.134721776182129 
Car -1 -1 0 585.3600289237338 183.33408285691488 645.5790352739116 212.24348821552127 1.530886 1.630801 3.958064 0.29056972 2.16943 41.85124 1.0155281 0.4156152307987213 
Car -1 -1 0 915.182345829989 194.9095193783116 1101.410764386013 271.8033365842737 1.6008935 1.638674 3.9940767 9.983541 2.2298696 18.418451 1.164208 0.2983750104904175 
Car -1 -1 0 466.18218983509246 177.3957652288887 566.7573082854886 240.39099738609033 1.5378206 1.626828 3.890296 -2.454651 1.6765447 19.975126 1.7604308 0.25167348980903625 

