Car -1 -1 0 474.37233333403174 188.5611436505807 544.0751903540137 247.91165743657825 1.4754865 1.6169846 3.9148226 -2.8207235 1.9752934 20.974155 1.5345333 58.46630941339374 
Car -1 -1 0 666.0306698406318 181.895565036827 719.0479611882469 228.67229572508654 1.4937131 1.6165367 3.828073 2.8888931 1.840703 25.742268 1.6156254 31.683102683004368 
Car -1 -1 0 360.72223435139057 192.7361321497367 513.0054049713829 305.4220048586825 1.4890127 1.6169232 3.9067373 -2.710241 1.8786623 12.18291 1.5762825 50.61392845166121 
Car -1 -1 0 697.8429029831115 181.38544628842848 831.393154844638 280.73608540682955 1.5535738 1.6261222 3.827343 2.7340999 1.7364643 13.540798 1.5541179 14.922641416672972 
Car -1 -1 0 636.3243327610464 179.47547253773888 672.4157058603532 206.6496748224735 1.5116844 1.6216726 3.9384568 2.6324255 1.9262831 43.15237 1.4931086 2.3196565437688337 
Car -1 -1 0 792.3055421920278 146.05835001652568 1199.8720889326792 375.0 1.6167623 1.6326855 3.767461 2.9161031 1.4477501 6.4387007 1.575611 4.761655384801394 
Car -1 -1 0 540.4116051811104 145.69680836192205 572.3373707868673 171.89175321546773 1.628014 1.636312 3.8385057 -3.4182878 -0.06520307 46.939545 1.6136947 0.5180848836898804 
Car -1 -1 0 739.8817630951462 178.75669399323385 995.2211470455351 338.7798711176602 1.5369351 1.6300752 3.9141104 2.9080648 1.6275542 9.077338 1.5144778 1.239649736959704 
Car -1 -1 0 541.7329307130277 188.72029439225483 600.7297001327231 248.70940464119198 1.5562702 1.620623 3.8358166 -1.2175827 2.0780525 21.747557 1.4837543 0.25570703597597205 

