Car -1 -1 0 704.3986206937262 184.59087457001203 940.761147319267 329.4963167603761 1.5143555 1.6181781 3.9173856 2.6341376 1.7093484 9.9305725 1.422301 59.96920633280966 
Car -1 -1 0 587.0913056760937 183.57785908436261 659.4587475123406 233.73838919072261 1.5082318 1.6097263 3.7211316 0.38454533 1.902593 24.540754 1.3458405 53.2504488519554 
Car -1 -1 0 707.7005983955274 177.3548867709118 776.8250199380191 207.19574286222903 1.5188959 1.613103 3.866384 7.2327366 1.7748215 39.158714 -0.70683795 15.199566287597602 
Car -1 -1 0 531.0602965289697 179.8633066948546 603.953347340851 209.74266070989933 1.5377415 1.6280851 3.9466524 -2.3544383 1.9432998 39.87944 0.6750717 5.252840203064733 
Car -1 -1 0 649.0965370809394 178.69423146292797 710.8004484727726 211.89720407334963 1.5347525 1.6270036 3.9602387 3.5906506 1.8451564 36.22431 2.0822148 9.381986354615302 
Car -1 -1 0 764.3442096174106 178.13729317774187 830.1385280626787 205.53894937359232 1.5169299 1.608677 3.770409 11.018562 1.8391036 42.2992 -0.5747945 9.351766170759714 
Car -1 -1 0 868.4807850399196 176.9343343691268 950.256090535191 207.75204261347392 1.5320036 1.6171756 3.8826203 15.721277 1.7549086 37.85038 0.44579 0.7818772047950038 
Car -1 -1 0 239.3760779537326 178.2357054757907 294.7318176410331 201.09741862149366 1.4812369 1.6137928 3.945969 -23.550982 1.8677078 49.764816 1.6818784 1.1477446982881025 
Car -1 -1 0 805.4584573203938 175.61287307770633 867.3881428306638 201.90258558371198 1.5598295 1.6215539 3.8031797 14.127405 1.7380002 44.883926 -0.57430077 3.1752197553777983 
Car -1 -1 0 155.06115515554436 166.22043064626706 246.58690167882085 197.4627617937667 1.5095372 1.6119683 3.908974 -20.852154 1.1890225 36.976646 1.9704175 2.440984705354956 
Car -1 -1 0 252.10760166563952 157.63078743532023 343.6302611071743 186.53886503728637 1.4847965 1.63522 4.110983 -16.338459 0.70289123 37.933895 0.02748017 0.645495869113433 
Car -1 -1 0 938.3436734092835 158.42366300056753 974.2833908749951 186.51602640398843 1.5230567 1.628713 4.028257 19.789576 0.7407008 41.291393 1.9622407 0.31885871291160583 
Car -1 -1 0 62.12610874093685 195.77041294423086 408.37865716759353 375.0 1.5514894 1.6161084 3.8989844 -3.967281 1.8443633 7.4082985 0.6406111 0.41672227896156905 
Car -1 -1 0 472.5314207369449 173.63004246481557 527.192468530819 203.77851829630916 1.6606824 1.6199008 3.7398272 -6.4009557 1.7078264 41.840214 0.95157695 0.28279179334640503 
Car -1 -1 0 721.8271055619855 222.03753679427186 774.2566193044469 257.70295970052575 1.508795 1.6129576 3.8295138 7.2352023 4.2379904 38.038563 1.4471878 0.2746807634830475 
Car -1 -1 0 371.7362185713675 141.73176322353157 419.67118873043944 173.42384624220833 1.583068 1.6289037 3.7711172 -11.329206 0.028464496 38.08467 1.0586755 0.25782305002212524 

