Car -1 -1 0 130.12399203253952 197.37383343085762 202.4272644098591 230.03410931115621 1.5120932 1.6352649 3.9619277 -23.544556 2.8891368 38.48948 1.5021627 13.552870809767047 
Car -1 -1 0 645.6647768207466 176.40327408858295 693.1774968131153 210.42545555107301 1.5144572 1.6072543 3.6847668 2.7990937 1.6932557 34.433125 1.4679685 24.609579974203793 
Car -1 -1 0 433.30945401652417 187.67532769910298 493.6096509420533 227.43553592135828 1.5186422 1.6215883 3.8549974 -6.197538 2.1957734 30.995644 1.6251953 28.105467011622334 
Car -1 -1 0 83.60521179013323 199.71655357041274 156.89136947881838 232.73437475337064 1.5244977 1.6166971 3.7580638 -25.95958 3.0274954 38.425663 1.4787266 7.603147458349512 
Car -1 -1 0 462.80328578789397 186.04005009300573 509.2830157891498 219.47346402621093 1.5280526 1.6207114 3.9148283 -6.1860824 2.231149 36.50259 1.587529 10.485455640157912 
Car -1 -1 0 178.78506166426078 195.79742696458746 248.11995046431196 228.9313697090898 1.5081893 1.625717 3.9286778 -20.55847 2.7683125 37.62423 1.5175246 8.113950800500913 
Car -1 -1 0 489.54102282358895 183.4042888256655 544.9595114425509 210.4249494174544 1.5342357 1.6148393 3.8827438 -5.664904 2.2187424 44.711937 1.993649 1.0317253892615323 
Car -1 -1 0 0.0 208.71778816245632 65.58325853934906 245.15096422316813 1.5384839 1.6163876 3.8547893 -29.525166 3.4558268 36.53227 1.387438 0.6727850052028741 
Car -1 -1 0 372.29074257471456 177.85068476867178 469.47837178846356 224.55571629015682 1.5276566 1.6162457 3.8936596 -6.7270617 1.7232423 26.146217 1.862674 0.38269224762916565 

