Car -1 -1 0 638.7231179988134 180.9502601819312 693.8214905472918 223.22188273243236 1.4919538 1.6225116 4.023342 2.1502132 1.8326678 28.30901 1.5126832 24.74785572846081 
Car -1 -1 0 0.0 176.61645177618905 277.6433807640106 326.5342368682584 1.5661353 1.6450338 4.021393 -6.308261 1.6153932 8.51536 -0.05458646 52.62134497794284 
Car -1 -1 0 315.2314130995424 182.90021467494626 468.0169290752649 236.07072478411487 1.5148124 1.6522454 4.1288295 -6.4853745 1.8305235 21.784021 -0.031605206 45.51778017371907 
Car -1 -1 0 13.002189910006768 183.90765057987872 337.67502216196294 292.31103126827117 1.4984732 1.6233097 3.9657035 -6.4447722 1.6811762 11.040334 -0.037685912 18.510432496374822 
Car -1 -1 0 789.3583430103874 181.15168267893054 1037.8911387916467 268.1804124301258 1.5324488 1.6478091 4.052991 5.672384 1.7010554 13.76848 -0.034330193 86.60781641402518 
Car -1 -1 0 144.07875441286492 183.71635822676512 393.62495800601084 270.3581957099358 1.5069158 1.6243027 3.9273047 -6.26876 1.7235265 13.571347 0.002538183 22.85367279337823 
Car -1 -1 0 628.6851161562078 178.27314724227568 670.5826366212544 209.70260531387086 1.5061607 1.6138676 3.947687 2.0176203 1.801738 37.317524 1.4823034 3.144773650244278 
Car -1 -1 0 551.633521835486 179.16422719473113 576.2057923105626 201.3073617036264 1.5156957 1.6103234 3.692093 -3.2770429 1.989428 52.308853 1.5534751 3.31584928354132 
Car -1 -1 0 620.8715318310244 176.70462038840836 644.0876891375466 197.25069535685276 1.5174968 1.6269006 3.893884 1.7471962 1.8267058 55.98278 1.557559 3.0555434272845226 
Car -1 -1 0 168.51412911674845 183.3207127822939 387.85598479302035 263.3281961546686 1.5258524 1.6385022 4.0396876 -6.8805065 1.7685075 15.415871 -0.26053238 0.6080597193504012 
Car -1 -1 0 518.6822138705784 178.11755332419384 543.3218369706285 197.49682027001967 1.5279547 1.626584 3.7626295 -6.5604663 1.9803158 59.99694 1.3503884 1.1288512148040097 
Car -1 -1 0 372.01817500445026 171.77415552643762 437.7364725346557 212.3687950110675 1.5140221 1.605532 3.9558086 -8.109795 1.473748 28.909222 1.5440413 0.9496311536183503 
Car -1 -1 0 19.61990236291615 150.36053664802367 134.36097192615156 188.1431051475698 1.5529354 1.6396089 3.9493673 -22.677069 0.6284111 30.777168 0.15816501 0.5267660021781921 
Car -1 -1 0 486.13519618501215 175.0902071030021 518.6974014666584 200.70580739271645 1.4971615 1.6022788 3.7899983 -6.6540437 1.6415758 44.562096 1.3187826 0.33608347177505493 
Car -1 -1 0 482.1315073280064 185.27627791249276 545.6754245032134 215.59722423972477 1.5194297 1.6176889 3.8915155 -5.3189526 2.2392309 39.804485 0.8634991 0.3882708257661495 

