Car -1 -1 0 489.5595758098869 172.64475100821986 581.5545653404905 213.58986928907385 1.5249453 1.6177456 3.9094985 -2.5251818 1.1946889 28.835098 2.1421664 41.97761918862923 
Car -1 -1 0 573.1425136421459 169.04883084836453 606.3052741778273 193.8908144901739 1.6043549 1.6406155 4.026416 -0.6766795 0.79944015 48.499325 1.7099397 5.966421182937546 
Car -1 -1 0 225.9632740622296 180.6918855653186 375.6276294157423 235.81013780242387 1.5457785 1.6402322 4.023649 -9.088253 1.5227728 21.866806 -0.527446 24.186405284931965 
Car -1 -1 0 0.0 170.67513959519118 109.50384555878395 207.40887749367917 1.5584753 1.6342887 4.080307 -24.411386 1.098699 31.83599 -0.2861177 2.6217781950757297 
Car -1 -1 0 558.4770611288325 171.60314305728798 586.2464223657013 191.28351825246955 1.5166723 1.6196891 3.735963 -2.2023902 0.75302815 57.314026 1.6975673 0.6957743357811806 
Car -1 -1 0 616.6587996961595 169.99739834097312 643.5123511422187 194.86925090543062 1.5155444 1.6171815 3.9312394 1.8543687 0.8138997 45.75088 1.5886811 0.34864702820777893 
Car -1 -1 0 808.2930919997563 102.49526715554542 1016.0215668202896 299.1724128824457 1.5530837 1.6196487 3.826462 3.5201707 0.9291173 7.736292 2.0860543 0.34378787875175476 
Car -1 -1 0 888.5939041015907 130.65759284822636 999.3217992569215 186.9568563245664 1.5141957 1.6129605 3.889853 10.0384 0.14643645 21.308823 1.6294476 0.28834226727485657 
Car -1 -1 0 257.63163813022584 155.80909777208134 332.149646646459 182.4407731784856 1.5354679 1.6181185 3.8430994 -18.357616 0.05353713 43.230236 -0.65691596 0.28056600689888 

