Car -1 -1 0 533.1366912610606 179.25800999264797 586.5684034960533 223.958166112563 1.4982743 1.6204536 3.9446793 -1.7702003 1.7533233 26.745705 1.5939898 36.843816349527586 
Car -1 -1 0 479.50242444991784 182.12308340015989 570.3814006491434 251.47938017127927 1.4852971 1.6209617 3.9535055 -1.9896722 1.7424686 18.004803 1.6201525 55.63833289225752 
Car -1 -1 0 685.1642033269294 173.4852797470371 725.1005768428168 210.8506236489433 1.5184765 1.617836 3.8269308 4.108875 1.5476711 31.379234 1.6791093 17.423127692155884 
Car -1 -1 0 702.9563322565812 174.41689889627733 789.3795706543389 240.8389441493759 1.5299202 1.6218996 3.8716297 3.4179125 1.5746158 18.673111 1.6036382 5.135165108272427 
Car -1 -1 0 678.5857982662503 152.88309104134035 791.8788177276018 253.99773235611195 1.7553859 1.6564301 3.9940684 2.3742163 1.4086838 14.538248 1.5894036 1.7238955060795191 
Car -1 -1 0 660.7038080602081 173.4976932433482 694.4561196130533 197.5664675175112 1.5541143 1.6273115 3.948332 4.5490503 1.5993956 48.72786 1.4954805 1.8612728027945926 
Car -1 -1 0 157.78737262664768 177.50932740511897 409.13074699553914 266.37270461955893 1.590555 1.6729666 4.0908895 -6.1337185 1.6862803 13.923521 -0.03777289 2.427412801881677 
Car -1 -1 0 649.522680951032 176.23653640141808 719.6229220760979 242.16475471658944 1.5582608 1.6231632 3.8552303 2.0921345 1.6582761 19.298754 1.7379849 0.7819790780575505 
Car -1 -1 0 747.6338632002769 131.19137674962144 899.4155074819911 263.76392291015406 1.9139187 1.703775 4.1748557 3.500037 1.3124452 12.5648 1.6497715 0.3295464104584299 
Car -1 -1 0 576.2192184590642 146.11041461035867 605.3261537097608 168.1708339417296 1.517426 1.6074711 3.8273292 -1.3295271 -0.35346413 52.46733 1.6819634 0.275361031293869 
Car -1 -1 0 571.2377985782339 181.13279344470985 648.1599100042495 252.1836980343623 1.5653569 1.6252372 3.8854935 -0.09583494 1.7991521 18.370243 1.4835275 0.2500493231942894 

