Car -1 -1 0 129.7937865830954 180.20252402654455 394.79676338452833 268.788895336746 1.5100887 1.6455375 4.108686 -6.266526 1.6556255 13.371073 -0.047267295 80.87976030801381 
Car -1 -1 0 674.8081103137471 180.53860901344152 732.4117294092167 222.72315094630036 1.5094819 1.6117874 3.8204741 3.6366243 1.8334401 28.472525 1.5249312 33.010629115802246 
Car -1 -1 0 720.3882287891952 178.27559776552292 844.2119763044785 264.5446934508584 1.5204625 1.6124623 3.7697165 3.393518 1.6462464 14.847403 1.561002 59.64077611525284 
Car -1 -1 0 764.7326277374548 182.29004451389054 976.1711094330204 322.8152271442859 1.506185 1.6179802 3.7874825 3.3009524 1.6607537 9.90499 1.5969924 69.21839748574182 
Car -1 -1 0 282.572646637158 178.69932873490055 454.8392298217512 241.54636892650348 1.5603087 1.641586 3.9752693 -6.248845 1.721411 18.983871 0.041394196 28.87038857185689 
Car -1 -1 0 399.6626929214333 180.91160054175177 518.9658584593511 224.7052863751858 1.4989624 1.6222187 3.912827 -5.3687916 1.8006465 26.036001 0.08754709 9.670603216822487 
Car -1 -1 0 367.1642761400992 180.5928151002513 501.0141319537226 237.1997114809968 1.5119811 1.619806 3.9898672 -5.2814946 1.7622625 21.548172 0.5935184 5.206130218673773 
Car -1 -1 0 704.5139122721718 177.01497323016267 781.5464979066606 207.52781084733806 1.5289464 1.6304886 3.9718165 7.117392 1.7644438 38.776768 0.89590955 2.4086978435516357 
Car -1 -1 0 470.67743620791344 160.2159985041545 542.8608284224632 186.4445029489193 1.5214779 1.6539493 4.053132 -6.041834 0.78836536 42.711304 -0.014332811 1.268512487411499 
Car -1 -1 0 763.9880579620084 156.76314391384375 894.8499404407669 207.60797104125913 1.532939 1.620865 3.7955956 7.1430635 1.0478098 23.677277 0.79643434 0.7341909408569336 
Car -1 -1 0 422.68023222420277 182.0100619396946 533.0389624034179 223.94217888354956 1.5275936 1.6334391 3.985168 -5.1688585 1.9057521 28.358107 0.3449785 2.2151790153331548 
Car -1 -1 0 370.36441064355284 172.02819579561276 507.06365709504826 221.7329003900121 1.5603421 1.6558024 4.047207 -5.506386 1.5344181 23.555357 0.038245633 0.8206640627718497 
Car -1 -1 0 538.0452545768512 176.8047234791848 565.3123755235661 198.28442143845888 1.5014257 1.6160332 3.6841812 -4.2157683 1.801724 52.982582 1.5964806 1.3767734969543697 
Car -1 -1 0 492.12118819021737 175.1488737053919 532.7338478752537 210.0265730649593 1.551224 1.625456 3.698558 -4.5549574 1.6661149 34.231674 1.5152187 2.982938155262154 
Car -1 -1 0 1101.4368074060399 176.83077855009756 1242.0 261.5674986365024 1.5577809 1.6109252 3.7586224 12.596129 1.6528896 15.34993 1.5357181 0.37338781356811523 
Car -1 -1 0 659.6482139952359 178.56397138435437 682.0002121581629 200.13951448013478 1.5439293 1.6298091 4.046823 4.644391 1.9942079 54.817036 1.651048 0.33817747235298157 
Car -1 -1 0 531.6673234754086 174.31309590847033 582.1419086983137 193.56712344153826 1.4891641 1.597982 3.8570352 -4.181427 1.6067839 57.06817 -0.16006398 0.5446424221376612 

