Car -1 -1 0 247.55060444647194 182.4258868526119 419.5782873256969 291.6518810441252 1.492862 1.612121 3.9382522 -4.2527137 1.5302756 11.758869 1.4957184 13.452898989538411 
Car -1 -1 0 523.955007751826 153.88794634668983 685.3004650569287 216.6304227034691 1.5575184 1.6576977 4.0311127 -0.014197916 0.8967371 18.473406 -0.04649032 8.768680316734303 
Car -1 -1 0 663.513919962328 180.07849998628552 868.0710919361177 263.0605679573891 1.5502198 1.6475852 3.976049 3.3611364 1.5422221 15.153824 0.73598397 0.9137221307237182 
Car -1 -1 0 794.8910012139672 178.82082435974274 1023.8826238794949 293.0834109387843 1.5272858 1.6213373 3.9750283 4.6749263 1.5047529 11.526362 1.441189 1.7269873574842098 
Car -1 -1 0 886.9700745761529 177.94961413464236 1242.0 375.0 1.5451912 1.6254542 3.8984451 4.837866 1.5251443 6.4069266 -0.026275989 1.2418080594334486 
Car -1 -1 0 289.18254691959305 168.68868070352934 493.8054315341063 245.27780938939702 1.6124408 1.6814582 4.097077 -4.7188344 1.3636365 15.973768 0.12427243 0.42077457904815674 
Car -1 -1 0 247.7920705840029 213.85193296470646 423.0137665006781 280.54944498973924 1.5524383 1.6394713 3.9779058 -6.9606376 2.4740636 18.513683 0.10745722 0.3583690822124481 
Car -1 -1 0 516.2285609760095 137.9127137704109 601.0307324171802 196.41275388723645 1.5900285 1.6210977 3.848857 -1.2627848 0.43232837 21.261477 1.7631931 0.3121804519905454 
Car -1 -1 0 62.02174948695879 134.38478985075034 275.4598644466244 208.81698125806375 1.6143353 1.6648277 4.0311537 -9.98856 0.6140144 16.373896 0.10492671 0.2981069087982178 

