Car -1 -1 0 395.30501864651524 182.06687566220089 497.3103891154349 253.71925764281158 1.4969159 1.6212888 3.9346213 -3.8324866 1.7462754 17.555483 1.5625072 95.26239416552768 
Car -1 -1 0 108.67041309299911 181.3470992466549 429.8652809276963 375.0 1.5510442 1.6276044 3.8400977 -3.1759076 1.6637366 7.6445613 1.5592613 103.06903499302241 
Car -1 -1 0 646.3299700238242 173.2654396331193 700.4972818396558 216.73680580484208 1.5105307 1.6111376 3.706954 2.3188286 1.5269829 26.97978 1.5464394 15.85464281756753 
Car -1 -1 0 680.4129557261879 175.41310250025876 777.604881043832 249.89023295817887 1.5068369 1.6083426 3.6390252 2.61716 1.5719949 16.547468 1.5653954 54.791374854077546 
Car -1 -1 0 762.6119015852905 177.28084853763906 1022.410322039925 348.30257170475824 1.4883976 1.6171099 3.9467883 2.9287767 1.5521772 8.389452 1.6134474 61.08715562441625 
Car -1 -1 0 430.68924542630725 171.14945821210753 519.7289815194258 205.42445106537204 1.5818292 1.6492296 3.9717326 -6.3161583 1.5031625 34.22947 -0.053535976 4.276045478300693 
Car -1 -1 0 842.3424543086843 162.02084874373332 1056.1128380169075 238.93688214565117 1.5791085 1.643788 3.9133472 7.311064 1.3567007 15.751566 -0.060232297 0.4714604914188385 
Car -1 -1 0 622.772828787393 172.6730483552153 652.0118483622291 200.80369310995368 1.560953 1.6229632 3.9221702 1.6418064 1.5509119 42.036396 1.6200933 0.39967411756515503 
Car -1 -1 0 738.4780574280354 161.43148008091003 770.7241077436045 187.8008620043524 1.5383703 1.6072102 3.506228 8.788274 0.87198865 43.922157 1.6766059 0.5325355277908681 
Car -1 -1 0 546.0843220488696 175.81556093839959 566.603658948805 192.0456644306914 1.5432966 1.6285818 4.002568 -5.235681 1.8445427 71.37109 1.5982616 0.5968825207658691 
Car -1 -1 0 648.7804129853484 151.2171639418004 689.4027941374881 188.52411370519167 1.6137997 1.6248231 3.6961508 2.6764822 0.6778474 33.07491 1.5896993 0.3240945339202881 
Car -1 -1 0 1102.0595638204907 121.97617421927421 1242.0 176.04066213476688 1.5371643 1.6312482 4.0023146 17.88339 0.09060323 22.640095 1.3657771 0.29171666502952576 

