Car -1 -1 0 725.5350697128871 177.55758881605217 955.4876877803833 330.3378573783492 1.4952676 1.6137644 3.7970517 2.6114368 1.567042 9.094981 1.549438 62.620748403655234 
Car -1 -1 0 662.0577386397827 173.20979835226754 722.1421059339289 220.60538544991692 1.5056401 1.6188419 3.850322 2.7659202 1.5188584 24.878294 1.5674151 57.768082348673545 
Car -1 -1 0 51.5972877841652 180.5862434528496 443.590079134027 375.0 1.5169859 1.618106 3.869901 -2.5935864 1.6050253 6.239792 1.5170094 63.93984678481234 
Car -1 -1 0 342.3418846338197 178.86111584698347 516.4053560711833 297.3193114575176 1.5063198 1.6157386 3.8331738 -2.602012 1.6168683 11.325779 1.6180855 64.31466346852847 
Car -1 -1 0 410.14847644898117 178.59848550858024 513.3622818821487 256.8432376726711 1.4843094 1.6106689 3.896596 -3.126634 1.627046 15.953081 1.5356464 14.217703513146379 
Car -1 -1 0 643.7481014188512 172.5205355617929 689.1543703093954 204.1369423119399 1.5478315 1.6160133 3.7935417 2.885301 1.5315061 37.305126 1.4486331 9.673840971232234 
Car -1 -1 0 545.5121489823738 172.90405804836223 578.2848272135129 203.7380067275047 1.5617151 1.6314608 3.8641236 -2.588514 1.5645285 38.553253 1.4746616 5.857963646522736 
Car -1 -1 0 634.2264778413397 166.72539341070106 661.1802320891475 188.22327335389653 1.520368 1.6118876 3.9442425 2.767399 1.0869418 53.032692 1.5287268 0.2772907614707947 
Car -1 -1 0 624.8960889121842 180.40537465537784 789.144987952762 340.7794382946632 1.5597045 1.6273061 3.8627093 1.013965 1.6757932 9.14642 1.5890886 0.2818377973098877 

