Car -1 -1 0 281.2104445326988 178.0193281260553 318.5038250289218 196.32552384581126 1.544022 1.6311153 3.8120918 -27.358126 2.0148346 63.852623 1.5814357 4.573681442206063 
Car -1 -1 0 117.28707252554898 182.94239091844665 213.25681432016185 215.57247196397643 1.5111554 1.6131788 3.8964033 -22.578995 2.0552888 36.816113 2.0470405 10.597944427564014 
Car -1 -1 0 169.02493955049312 179.63230428867254 272.0341985274235 218.29205573187343 1.5618448 1.6235213 3.887077 -17.142704 1.8821907 31.994328 1.9483522 4.582685819631359 
Car -1 -1 0 839.5546640013596 174.29540263061511 908.4914428849502 197.8740680366139 1.5443679 1.6419582 4.003462 17.6241 1.6423004 48.192223 0.0049945554 1.600344145161269 
Car -1 -1 0 636.5018331886553 173.85405421190202 682.6279814121974 206.67292330504654 1.553937 1.6049194 3.4078407 2.4502208 1.6064398 36.077408 1.4230468 0.43582209944725037 
Car -1 -1 0 453.748933404735 173.7831214210257 487.0198611956393 195.35732786856016 1.5408225 1.6169835 3.9564395 -10.31353 1.6125498 53.703205 1.5974234 0.4247189164161682 
Car -1 -1 0 0.0 192.13585259635977 80.81343499713529 221.17891530042277 1.4986577 1.6211953 3.914972 -33.10899 2.6738958 41.950966 1.6683201 0.3810403347015381 
Car -1 -1 0 424.51510314116473 178.6169669086767 461.5949488511803 202.99668376035515 1.4842713 1.6009208 3.755945 -10.731827 1.8725216 46.71663 1.5511847 0.8024904660384824 
Car -1 -1 0 357.0431759052949 177.50156163772354 394.3713398983844 194.9482859320576 1.5479453 1.6260048 3.8926425 -21.729 1.9939928 67.18378 1.762396 0.3217901587486267 
Car -1 -1 0 372.90443473994196 177.00828614433124 424.5250190638362 215.39237902299382 1.5318079 1.6178865 3.8282034 -9.202883 1.7241019 31.321465 1.1423937 0.410556044098295 
Car -1 -1 0 1123.234744725993 168.9513078753117 1176.7691203020893 187.5825515761477 1.52507 1.6094139 3.813094 45.609848 1.2056128 60.986576 1.5475479 0.29570505023002625 
Car -1 -1 0 838.0805931770673 168.4242755776902 875.0038044649152 186.59835913603982 1.5001892 1.6341462 4.151617 21.052973 1.134535 61.657703 1.542629 0.2838165760040283 

