Car -1 -1 0 275.02927451183956 189.3688919445564 415.39873939394465 275.4546395229605 1.4973943 1.6224607 3.9425282 -5.4140854 1.8933339 15.306751 1.5445118 101.9006888273236 
Car -1 -1 0 473.50336193349324 181.5585664282072 522.7490682751092 216.9088218852292 1.5187129 1.6221538 3.9253495 -5.1779175 1.9522715 33.956573 1.5952516 14.970655209031415 
Car -1 -1 0 646.5080977932378 175.49680477154425 680.4247843699476 207.980968638653 1.5313873 1.6104511 3.4527159 2.6712885 1.6700165 36.076057 1.6321728 13.336675805995785 
Car -1 -1 0 256.81989397012586 190.70712659191295 361.7260116076643 254.58252266923236 1.6139922 1.640119 3.9883223 -8.760802 2.1940427 21.40645 1.5155346 1.06367784737337 
Car -1 -1 0 342.65542471009223 155.9007400956746 443.27724133994707 220.1981129430443 1.530938 1.6106147 3.9067862 -5.613049 1.1272762 19.158316 1.5385985 0.4828402929552402 
Car -1 -1 0 660.2149702896146 172.59130179567507 687.2188545481276 197.33958512260605 1.5132389 1.6177361 3.8529274 4.061457 1.4971759 46.091766 1.6332519 1.2230789273257747 
Car -1 -1 0 71.22123031825348 138.62835126599103 265.28120576202167 222.90700234701345 1.495538 1.6253885 3.954338 -8.78253 0.8881984 14.797844 1.549479 0.6579533499324985 
Car -1 -1 0 499.369661777088 181.48390323747202 540.2489389376959 202.91592236549891 1.4996414 1.6193377 3.9676278 -6.710905 2.1749885 54.334297 1.8530934 0.3413008749485016 
Car -1 -1 0 616.8329225120262 173.1595541804858 639.317395909635 187.97904207849356 1.4864683 1.6272781 4.0577564 1.9431026 1.5189767 74.61452 1.7756197 0.48408266706404923 

