Car -1 -1 0 58.35735084840147 189.49183434839685 262.43163498367863 280.7627775093134 1.488371 1.6128725 3.8601665 -8.335396 1.5824027 13.856442 1.5438501 51.86756460485698 
Car -1 -1 0 624.0956623412707 179.4713019840676 693.6177923036406 245.18091217847672 1.5234529 1.6120772 3.5016112 1.2906961 1.3902712 18.457108 1.6233064 49.05334965999928 
Car -1 -1 0 681.0493814769301 180.92690562679465 712.7122306666892 207.41798197500648 1.5491849 1.628432 3.8861947 5.541129 1.2983785 44.10549 1.7733028 6.304686547589142 
Car -1 -1 0 105.23483539087117 182.20636228284513 178.25227176851658 210.1829538423208 1.511899 1.6251371 4.1265216 -26.404715 1.3492697 40.94482 1.5272044 2.267184493796671 
Car -1 -1 0 100.2856998885077 155.74561861690864 271.5678178476987 213.3671799042821 1.5614841 1.6351082 3.934664 -11.860098 0.76287574 20.38618 0.045366842 7.1828147316681 
Car -1 -1 0 460.5439083899803 167.05738091239056 486.8097697432135 185.35879173577686 1.4500834 1.6092029 3.808834 -10.903734 0.011337787 58.896976 1.5245807 2.2011832449944073 
Car -1 -1 0 286.80593394070524 174.4764840513796 444.699819365052 283.0267886821647 1.6049968 1.633814 3.8677163 -4.0154867 1.4462095 12.600199 1.5220325 5.212163609430836 
Car -1 -1 0 433.92061421678306 175.57545801488595 519.1641659307151 243.18049727837794 1.5782797 1.6301407 3.9153414 -3.2929015 1.3532226 18.764782 1.5389085 2.4931287741268418 
Car -1 -1 0 496.95516156586626 176.5197433128812 549.7399295959369 208.7314489410709 1.5582501 1.627058 3.803476 -4.228434 1.1375809 36.794025 1.7563213 1.2711632095965637 
Car -1 -1 0 477.4189880269665 180.0433161906575 530.3709705203428 219.77872222579524 1.5221051 1.6076928 3.8212876 -4.161618 1.3239717 29.44995 1.5742882 0.7047749757766724 
Car -1 -1 0 81.00481043265955 146.87427239837828 126.5103165063463 167.81995896489056 1.6118093 1.6421043 4.0732946 -42.687614 -1.5295303 61.051098 1.3815827 0.4791109561920166 
Car -1 -1 0 592.7568435574052 174.86151177186244 623.4463097953654 194.95265609962357 1.5660393 1.6184279 3.8289516 0.037786305 0.7589642 58.083775 1.332803 0.939223718950057 
Car -1 -1 0 0.0 186.6500005205124 67.38667731680327 216.8820050282782 1.4913843 1.6170199 3.8645706 -30.44088 1.5703716 37.618267 1.5221696 0.8902884839385048 

