Car -1 -1 0 793.6701004465593 183.86359415352888 1028.8247535173373 264.67870410025 1.4964347 1.6246678 4.052067 5.9425507 1.7312691 14.497156 -0.040266726 41.787129368213414 
Car -1 -1 0 630.5532362883151 178.72586181551355 678.7328568807827 214.55202903457632 1.4975331 1.6290287 4.017211 1.9915761 1.7821723 32.907578 1.488014 27.912180973244123 
Car -1 -1 0 743.0268696397796 182.9135183698955 935.399779317474 249.69068320439868 1.4991657 1.6383294 4.121186 5.467047 1.7560098 17.456255 -0.07255211 31.81911218174937 
Car -1 -1 0 0.0 183.95734154197666 272.8592851383715 326.5081159568914 1.5201535 1.6264267 3.9892178 -6.463259 1.6700895 8.792959 0.06985907 28.628876473731655 
Car -1 -1 0 178.36324957763992 167.4927039111051 393.2148029906008 241.61613241992745 1.5319197 1.6370924 3.9750135 -6.964261 1.421117 15.822126 -0.046476316 34.71301592224504 
Car -1 -1 0 399.2766420328528 178.6274219511028 505.63502493266515 217.17435343192685 1.5191141 1.6298921 3.9801385 -6.458637 1.7665675 29.84275 0.1390644 14.07864230333837 
Car -1 -1 0 96.38931719992412 176.5389847120988 363.4766241837726 268.2685223810119 1.5568786 1.6507568 4.03135 -6.8151035 1.6297297 13.294434 -0.07299958 49.37586936853277 
Car -1 -1 0 371.1183564107452 177.473505351097 487.78602415654643 218.87494998559228 1.5016726 1.6369007 3.9889288 -6.7181034 1.6809846 27.181343 -0.0038320802 12.790182308982057 
Car -1 -1 0 847.2108435342496 182.9554792991615 1135.3268386440452 283.16377092080955 1.512934 1.6178422 3.8891115 6.1269073 1.6911688 11.896542 0.013233635 12.390764070146878 
Car -1 -1 0 885.6661346748064 185.68559377582034 1242.0 316.2736439353308 1.5169927 1.6349909 4.013666 5.9338093 1.7010756 9.454632 0.039748657 36.64352270373614 
Car -1 -1 0 732.9460461902277 173.06498789576634 827.1430919293794 233.64062436502482 1.5655276 1.6310072 3.892655 4.752088 1.5721414 20.63992 1.5291579 7.206400611161351 
Car -1 -1 0 713.323013885077 150.5299621808684 767.6220417670596 178.28894341277626 1.5149639 1.6118587 3.9726458 7.46349 0.29661524 41.497486 1.3366387 0.2997356951236725 

