Car -1 -1 0 48.1338998990451 182.07333575028983 552.2178814457272 375.0 1.5905222 1.6414495 3.8982768 -2.4904318 1.5963724 6.5124745 0.08152046 3.6151841135571194 
Car -1 -1 0 567.5578583863313 167.89496644812203 640.1137178968106 192.7800798981165 1.4917235 1.6555742 4.188083 0.20449579 0.67544603 44.467052 -0.29842356 1.197883752850923 
Car -1 -1 0 580.4521501381615 142.68852022963438 613.5941776298398 168.74541287502657 1.5106244 1.6039164 3.7667043 -0.25389102 -0.8448757 45.560158 1.429485 0.596977174282074 
Car -1 -1 0 689.7203938379846 176.06383947781998 797.6342421147239 248.62993412608617 1.5194017 1.6216438 3.9123793 3.2530758 1.4053228 17.030775 1.5265371 0.7746970497730432 
Car -1 -1 0 453.87844300216983 171.81198843519618 527.5166885498057 197.39051844097608 1.465945 1.6290329 4.124588 -6.505758 0.9100105 42.54084 -0.2909903 0.3318375051021576 
Car -1 -1 0 0.0 114.4237864396254 119.30881535270673 271.92900768247205 1.6943282 1.6570388 4.0607696 -7.676162 0.9726391 9.885385 1.004789 0.3275960087776184 
Car -1 -1 0 628.5790188076217 155.04418349339375 698.0358960647782 191.94451675419654 1.5077507 1.592715 3.0735404 2.6742914 0.42626506 31.082083 1.091382 0.29929110407829285 
Car -1 -1 0 454.50098150459434 161.84519522397204 522.5435899514226 186.87176568224265 1.5236446 1.6425871 3.998425 -7.0391126 0.3262957 45.163616 -0.3335702 0.2696461081504822 
Car -1 -1 0 862.1559443540859 140.61389505375433 1060.1267493319767 269.4317978735287 1.6746047 1.641861 3.883227 5.431796 1.1429355 11.374642 1.7094543 0.25806236267089844 

