Car -1 -1 0 584.3832013611348 176.73308016890957 645.819370043435 236.71285677828575 1.5894957 1.6521481 4.3315687 0.15534663 1.7171142 21.569801 1.5737574 24.72554254395338 
Car -1 -1 0 296.90033691594704 157.19841472016722 453.89544995705984 257.70136173838574 1.5964673 1.6428773 3.9479494 -4.1455045 1.3477817 13.435619 1.5705817 6.858253238635764 
Car -1 -1 0 688.3906377229965 147.25852167777902 730.4037304030007 172.69277399332336 1.6113789 1.6316674 3.9503467 6.564886 -0.011152744 47.825054 1.3984578 0.525252640247345 
Car -1 -1 0 48.51929730078632 185.01001151020404 154.51462880338988 228.50595709218445 1.5920246 1.6304576 3.8783786 -20.59186 2.1209981 29.448566 1.5580297 2.538359263166918 
Car -1 -1 0 154.062991032266 186.2251104301663 230.50957845190004 219.53923094804324 1.4941154 1.6148411 3.8766265 -20.646957 2.1952326 35.881077 1.5522782 2.474872263406466 
Car -1 -1 0 475.1302601551399 153.53580072389707 537.1571191366507 201.3218715852651 1.5558684 1.6261666 3.8804896 -3.5619745 0.9268863 25.433722 1.57191 0.5674458146095276 
Car -1 -1 0 446.29106286483966 169.19193691144832 531.0673225467165 226.1534832392766 1.600586 1.6388167 3.858204 -3.6232648 1.4976841 22.273325 1.6664417 1.6217043261740993 
Car -1 -1 0 219.44442712445652 185.6051807987362 279.46950352259324 214.17419847874666 1.508509 1.6200798 3.9222455 -20.806362 2.2832565 41.855156 1.5406033 1.5627412956113553 
Car -1 -1 0 353.12568779754645 128.96326427298862 473.6517187283802 210.39487884504473 1.5566515 1.6414914 3.950077 -4.125369 0.71763355 15.785755 1.5485612 0.8020265170359159 
Car -1 -1 0 633.463470368804 184.5734876878444 657.7158473467025 206.57257708156553 1.5883231 1.6237035 3.880351 2.840777 2.5351915 56.27315 1.6901511 0.3886597454547882 
Car -1 -1 0 529.6549420137593 190.14454711504803 567.3862930932885 224.32979654035398 1.5006313 1.6207042 3.9287486 -3.0780435 2.408468 35.821884 1.4229491 0.3698970675468445 
Car -1 -1 0 548.2680837394525 199.34251539801954 590.2627651117327 241.4386845547867 1.5098022 1.6102877 3.9194565 -1.6365688 2.6958182 30.33386 1.5542306 0.27192360162734985 

