Car -1 -1 0 641.2971513785466 177.98634584100708 671.7984885414465 195.30524377079033 1.5588545 1.6148301 3.9777749 4.4153824 2.0601993 68.34647 1.2851408 0.5392228364944458 
Car -1 -1 0 262.5607751832821 164.60298727792915 361.4245843698786 226.32193654909895 1.7116668 1.6491594 4.007224 -8.962034 1.4828393 22.073832 1.4905722 0.710202157497406 
Car -1 -1 0 383.3842559172945 176.35658532413746 488.34841656805054 214.5374514892086 1.530563 1.6246934 3.9588375 -7.1361837 1.6796308 29.891254 -0.0023303293 0.8024256342697224 
Car -1 -1 0 168.13383619456926 175.12063998692665 314.3190807529471 245.6818189151176 1.5631714 1.637236 3.9178796 -9.029925 1.626131 18.076372 1.5789692 1.7942912785469525 
Car -1 -1 0 346.9606475467214 176.61221386836704 463.35565455871324 218.37561313472537 1.5146794 1.6160135 3.9154325 -7.6501794 1.6610305 27.21299 0.03962065 0.9316446890860343 
Car -1 -1 0 533.84751556789 156.25482839773304 556.6919203294673 171.8463963406327 1.4781437 1.6086171 3.8947186 -6.266717 -0.10148187 70.666885 1.6475033 0.5972288736492812 
Car -1 -1 0 0.0 174.51780462907158 202.9372476781967 280.83256220318964 1.5340476 1.6276248 3.900561 -8.960829 1.5672808 12.442553 1.5952808 0.5822493256525536 
Car -1 -1 0 350.5918565696712 180.43000837229158 385.12590074521694 205.87693913477938 1.6391258 1.6407729 3.663673 -16.555895 2.1798167 49.56172 1.4212649 0.3634789288043976 
Car -1 -1 0 317.59973777388916 173.68272097382723 465.0466226656208 248.4836662601109 1.5293888 1.637366 4.01016 -5.1731186 1.5510037 16.808311 0.80293465 0.36716577410697937 
Car -1 -1 0 0.0 183.70627679020714 324.23897889396096 302.7193949031887 1.4936693 1.6267036 4.0540743 -6.3132696 1.6568121 10.026117 -0.0036761048 0.2604063894997344 

