Car -1 -1 0 668.8662553057446 186.94151251032 706.0165109313343 213.11304719027666 1.4874263 1.6184214 3.9808645 4.835388 2.4109664 45.256184 1.4950869 0.9670189518315794 
Car -1 -1 0 358.21874977424034 183.1631551229634 447.6058980184913 241.41012761749494 1.5061866 1.6209406 3.9613497 -5.9967265 1.8401828 21.371954 1.5403275 2.328562179748113 
Car -1 -1 0 139.89437716240934 190.3887414768294 241.9751591770261 237.42744834368287 1.4920323 1.6137578 3.8873348 -15.142964 2.1802845 26.34161 1.5239621 0.7064501704237607 
Car -1 -1 0 592.158438928638 182.46944697964196 625.0778533347594 209.30134903378763 1.5673033 1.6234015 4.004938 -0.10278091 2.2044535 45.726173 1.4508028 0.6709145355139228 
Car -1 -1 0 388.0169540416215 183.86814044840287 464.9161242821028 233.38816478217524 1.5200143 1.6180842 3.8621013 -6.2311378 1.9306924 24.95825 1.5888436 0.9289488120624164 
Car -1 -1 0 248.55805947689137 182.0787670151108 393.26464089850134 268.73102371377524 1.5058389 1.6051513 3.8214812 -5.7647867 1.7211709 14.897837 1.5258214 0.6110286280936336 
Car -1 -1 0 228.2851143745162 186.72386482557425 305.4932747911444 225.49038461472216 1.5291643 1.6226832 3.8646705 -14.998464 2.1778693 31.80054 1.5531096 0.3586481049283648 
Car -1 -1 0 0.0 192.02545413965603 140.23195035177318 255.96981179000466 1.5374254 1.6231265 3.987959 -15.520194 2.1373692 20.56713 1.5941486 0.7089657109403527 
Car -1 -1 0 733.7450854471228 179.64669941716295 772.1940378840736 203.8916222086284 1.4996712 1.609344 3.785529 9.420593 1.9664037 47.64546 1.5187289 0.2957656979560852 
Car -1 -1 0 416.75605130524355 187.59306065544087 453.8947518609411 212.38181574272258 1.5480841 1.6319093 3.9885037 -11.88955 2.5991912 49.450737 1.5570296 0.2532355785369873 

