Car -1 -1 0 637.7127495489868 153.50639408704578 857.1450229528876 375.0 1.6396976 1.6215507 3.847549 1.2619152 1.4326043 7.3000207 1.6597314 1.3764353144761456 
Car -1 -1 0 680.3488007504393 170.22565823366148 761.4029949210843 217.34433009368183 1.5344613 1.6168298 3.8895338 4.168796 1.1669048 25.45006 1.3935401 2.3768577562818325 
Car -1 -1 0 739.4502289893279 157.23502831824308 798.3112923265536 190.8482375929402 1.5560813 1.6109691 3.8501563 8.195403 0.4321998 35.257957 1.4579498 0.7522234460925041 
Car -1 -1 0 694.8117482932826 140.52563101773615 725.5600591579035 163.97312973695878 1.5384325 1.6304255 4.0100827 8.062688 -1.3349116 52.515762 1.8753629 0.7366661656231227 
Car -1 -1 0 459.30717209128045 178.0377522043788 555.1396219176959 237.58889969411658 1.5328283 1.6140335 3.6532006 -2.5421538 1.4433969 20.439728 1.7695917 0.9175062783510596 
Car -1 -1 0 661.4884937897469 186.64537171329732 720.067581566187 223.17843249346782 1.5754182 1.6262728 3.8569365 4.156029 1.8300941 33.595287 1.3882143 0.3179830014705658 
Car -1 -1 0 294.3760280262014 168.43648868828348 405.0337424737975 260.894671559374 1.5140324 1.6141291 3.9801276 -4.682166 1.2999133 13.88512 1.3392761 0.28039246797561646 
Car -1 -1 0 713.5342173442328 173.34778208798707 796.0688623491807 244.70566937036202 1.523747 1.6066921 3.599808 3.593744 1.3494072 17.22135 1.6894033 0.2779081463813782 
Car -1 -1 0 952.9700484443476 126.05641771402479 1242.0 279.7713316215379 1.5796752 1.6370369 3.9248486 6.4026027 1.0097752 9.358683 1.5531006 0.2572859823703766 

