Car -1 -1 0 424.75391319035333 173.97149799731577 513.5729300230487 239.4083410402564 1.5042372 1.6149027 3.762975 -3.3438492 1.3540106 18.147045 1.5554392 66.76043375660724 
Car -1 -1 0 950.1040837113695 160.23872063396502 1050.3924302092473 193.78460140024953 1.570976 1.6287695 3.914529 18.97234 0.62181735 33.959267 -0.017069777 1.323310621812438 
Car -1 -1 0 473.69383398425896 190.85667703531945 546.7795580813884 239.4066712725354 1.5030451 1.6204035 3.9668794 -3.1990757 1.8967764 24.83324 1.6868597 0.5455142855644226 
Car -1 -1 0 635.9829563020348 168.21526250402647 720.9345682355432 200.09141232991914 1.5551155 1.6333597 3.9601831 3.7586696 0.95546776 35.84959 -0.2939536 0.8004521855413796 
Car -1 -1 0 1034.0768853365134 146.52436582095993 1137.7204109865615 180.71172808555494 1.5738152 1.6309153 3.9087162 23.475983 0.009442747 34.547943 0.8390557 1.343030333518982 
Car -1 -1 0 247.3433116974891 179.19570174089662 378.44746956892646 232.93432388369416 1.5427654 1.6195174 3.9491732 -9.090263 1.505131 22.43028 1.913011 0.786763093205228 
Car -1 -1 0 792.6909390684824 161.11690940174412 879.2004504682216 201.36299443053798 1.4858146 1.6083082 3.8128266 9.119607 0.7699811 28.129211 1.3755684 0.7371385508718463 
Car -1 -1 0 859.6761562220616 154.25305971883915 964.1688567217468 205.3395183466855 1.5343909 1.6209477 3.8328383 9.956667 0.74586093 23.18722 1.5258948 0.3260318338871002 
Car -1 -1 0 477.2469790219229 169.68070339133294 505.9126326607908 189.1127795771819 1.5511918 1.6429374 4.0435247 -9.360548 0.6869994 58.62111 1.2311511 0.3247731328010559 

