Car -1 -1 0 762.4800112754829 187.62607662232656 1061.7216395069129 375.0 1.4834676 1.6078193 3.6670475 2.8556647 1.6791397 7.7101593 1.5531912 65.26394089234569 
Car -1 -1 0 184.89298551753075 176.65217949884035 416.51137061299653 254.59187933008235 1.5188878 1.6493009 4.105137 -6.284444 1.6021936 14.984435 0.008045383 33.7334262557238 
Car -1 -1 0 0.0 183.32011817633702 343.26646157311984 302.722830034164 1.49923 1.6390576 4.11882 -6.0951395 1.6589495 10.114035 0.037954368 46.7855342907572 
Car -1 -1 0 706.1040231557105 177.50962014612057 827.8858855613396 221.1423455984925 1.5120279 1.6280137 4.0312157 5.603449 1.6850247 25.994772 -0.001320417 15.385744481549047 
Car -1 -1 0 637.5682250519224 174.64327186445823 669.8512886548921 202.2325440525014 1.5001361 1.6226809 3.9675508 2.4934773 1.6079131 41.476196 1.5733085 12.117509697321125 
Car -1 -1 0 354.92248014339714 174.03614013486745 482.78990526040826 220.44092721214346 1.5136573 1.6188544 3.8896651 -6.4350677 1.5554957 24.561024 0.08723252 14.044313604607563 
Car -1 -1 0 731.5213561576121 179.2110524217596 873.0706955823634 228.47282434063354 1.5019329 1.6344018 4.083743 6.1124916 1.7139127 23.147284 -0.047311876 18.171855605435717 
Car -1 -1 0 66.62048516578427 174.89274582219392 343.9989155981313 268.12167781519764 1.5208735 1.6249328 3.9440126 -6.9247 1.5589874 12.648219 -0.014395947 17.587347013573293 
Car -1 -1 0 835.6767521426623 174.42580017474663 1109.9226034406477 269.18394298456906 1.5512553 1.6543245 4.0175567 6.261196 1.5812094 12.7971 0.06372541 48.79155783827206 
Car -1 -1 0 318.71450188704983 173.69106812030725 466.7909583499556 226.58177908499343 1.5543064 1.6460942 4.0311766 -6.5426836 1.580849 22.054718 0.0008148041 21.923052671919645 
Car -1 -1 0 774.318451393628 178.14736862408952 903.1134444641732 247.19281787134466 1.5086045 1.6148071 3.8750734 5.58415 1.656184 18.095783 1.4499404 10.369929952074527 
Car -1 -1 0 767.1252665054559 171.88181974250105 926.3231272027697 228.13568082575918 1.5323441 1.6315277 4.0075784 6.713773 1.505862 20.640312 -0.08646945 1.873290221669723 
Car -1 -1 0 463.9837367532458 175.6407969999326 535.3243019560385 205.38537178899585 1.4937761 1.623648 3.9262636 -5.8987627 1.6498502 38.501472 0.7236364 2.039101676139472 
Car -1 -1 0 281.54032900584707 176.28620955445083 462.2715928185216 245.1275526575894 1.5683477 1.6296619 3.8504972 -5.7116075 1.6567891 17.56654 0.11266066 5.487221276395981 
Car -1 -1 0 706.4286365294993 164.87543675666188 769.9604896711372 206.233522175834 1.5664241 1.6261655 3.9344397 5.1484637 1.2642385 29.348705 1.4986727 3.323138991494147 
Car -1 -1 0 442.09490910401223 169.37696084755513 528.4304328338545 200.4314068256687 1.5058188 1.640907 4.0809865 -6.1330285 1.3372183 35.929203 -0.060385864 5.547277286281786 
Car -1 -1 0 515.5246293334042 173.2089975274277 551.0940457841111 196.47831570987393 1.5604792 1.6225942 3.803594 -5.2865906 1.5862759 50.4406 1.7032675 0.30117854475975037 
Car -1 -1 0 800.9680867843551 171.17781449010337 1010.8970596508674 246.37424857340463 1.4686971 1.5942867 3.8736165 6.2094216 1.4359586 15.25794 -0.19954506 0.2923190356368915 
Car -1 -1 0 434.32839512052726 162.41258508317713 499.5881762696538 184.6598829217173 1.4990964 1.6585131 4.236324 -9.759885 0.7955191 49.61004 -0.07734559 0.25364950299263 

