Car -1 -1 0 0.0 195.42277892632706 198.6960245938202 311.73603018963365 1.4895566 1.6214234 3.9471202 -8.72081 1.9281751 12.020205 1.5331131 100.33000303621333 
Car -1 -1 0 391.1214492649735 180.22665120591657 443.1063104061565 214.01972265684327 1.5420632 1.634472 4.0274005 -9.490021 1.9292965 35.85665 1.5363575 9.688145537684164 
Car -1 -1 0 588.2498768911554 174.9013470321205 615.404718890951 200.1247859284622 1.5614008 1.6297994 3.9025993 -0.46685433 1.7002293 46.95598 1.595525 5.279370976047189 
Car -1 -1 0 459.69884220917345 180.72371126751628 496.60142674676763 201.74463987740785 1.6399434 1.6303389 3.9159675 -10.872216 2.316475 59.940796 1.7870972 1.4033021457974406 
Car -1 -1 0 333.4266196897591 174.62828917152538 419.4559006779176 236.334542212418 1.5199716 1.6094179 3.8195992 -6.306644 1.5738007 19.889301 1.4352231 0.7688335693929436 
Car -1 -1 0 546.1473837936203 178.25495455261813 571.4282742260425 197.76633762749034 1.4987829 1.6182857 3.8225176 -4.0798388 1.9508367 58.44708 1.6145974 0.900633979911806 
Car -1 -1 0 380.851160782342 173.511177883773 462.32111158477693 219.10744180194663 1.5446136 1.6358595 3.8833117 -6.804028 1.570602 26.517313 1.6754259 0.35568779706954956 
Car -1 -1 0 236.08624122439045 173.3571833637082 374.8011958921046 253.51966960395518 1.5473332 1.626386 4.0219674 -6.5523458 1.5599414 16.016464 1.5005357 0.268566370010376 
Car -1 -1 0 721.465789626175 175.34491381019217 764.9270124182782 200.82791837161503 1.4829866 1.6317717 4.0722766 8.18172 1.6438234 44.494427 1.490676 0.2587723433971405 
Car -1 -1 0 618.3320328124768 172.9591406411184 647.6529904314166 189.37210064359144 1.5116647 1.6003352 3.6020484 2.2505045 1.5219259 68.450584 1.9680772 0.256445050239563 
Car -1 -1 0 707.9279350941388 169.1487159861131 731.8904900849899 190.9422134769117 1.5039194 1.6158584 3.773315 7.949112 1.2482259 51.78981 1.7450173 0.25498881936073303 

