Car -1 -1 0 594.6400253690663 177.29148319898565 627.0182915922501 208.19739670478526 1.5407035 1.6428086 4.2790513 0.02708435 1.7922117 38.74177 1.5531949 14.153590285977755 
Car -1 -1 0 840.0281381911884 188.1667813038082 901.2680847188033 214.30669816509226 1.4618866 1.6122093 3.930523 16.187155 2.4601936 44.931526 1.3023651 6.35467782393974 
Car -1 -1 0 0.0 189.93093651764946 89.7720052047471 242.42706638941937 1.5281979 1.6174877 3.8987384 -19.621296 2.150951 24.310024 1.4985652 1.3822643260553622 
Car -1 -1 0 556.7339526580067 188.33001416890352 585.0454220239235 210.69135918249057 1.5614789 1.6144212 3.8739629 -2.9198775 2.7875714 55.160778 1.6633773 0.41851773858070374 
Car -1 -1 0 73.11133522699834 188.11878398878704 170.85842883276382 228.65619066327423 1.5338385 1.6190028 3.8763163 -20.636469 2.2255104 30.735252 1.5444803 1.9172926967288586 
Car -1 -1 0 183.72276191728287 209.31163293987416 448.6339760832859 368.4463664805032 1.5231111 1.6189129 3.8602085 -4.014355 2.1017878 9.603067 0.6866469 0.48971559232713624 
Car -1 -1 0 812.8929853965549 180.91130077474432 868.3598139945482 205.30499462688323 1.4817762 1.6148797 3.8876147 15.081551 2.0332062 47.294365 1.3086343 0.813981773243606 
Car -1 -1 0 899.9661161717869 187.19352784095207 975.5419562488039 217.33284446593518 1.466126 1.611578 3.8800242 17.730124 2.286018 39.169647 1.2964473 0.7574544969016017 
Car -1 -1 0 206.30320391544407 186.2725948923761 270.35447478817173 216.36422910131967 1.4982585 1.6179346 3.8711762 -20.303091 2.271708 39.630836 1.5411688 1.301448163609634 
Car -1 -1 0 808.440826740668 179.12125159671325 868.1346702989782 204.6883099840705 1.5158517 1.6126447 3.9006639 14.490974 1.9330001 45.91892 1.2385223 0.703882784135184 
Car -1 -1 0 296.55578934731926 183.43546266485205 338.20755359966523 205.59907515662107 1.4950266 1.6164138 3.860488 -21.207226 2.2939327 52.511658 1.5255201 0.43420571303240013 
Car -1 -1 0 259.6715201540832 183.19407786921425 313.24821950799003 209.12993030243535 1.5051293 1.6196907 3.8870335 -20.24428 2.183192 45.36998 1.5735213 0.4452480331660653 
Car -1 -1 0 833.0625458223437 170.94290293172 865.737440434142 187.6121925767851 1.4983448 1.6101899 3.9292293 22.176146 1.3265625 66.84675 1.5376469 0.30070313811302185 
Car -1 -1 0 145.4047433785161 188.5053733585202 223.92808793547653 222.50462174969456 1.4982872 1.6172078 3.8947835 -20.832716 2.3120875 35.558323 1.5569882 0.6659080474561332 
Car -1 -1 0 207.3843490430923 187.01723185090296 255.21364223852473 225.90856588194163 1.5427532 1.6277927 3.8976555 -16.848244 2.2176733 32.2718 1.1574786 0.2874366343021393 
Car -1 -1 0 761.9377050759126 156.34142515876874 860.5946875278019 190.8969050595177 1.512352 1.6334933 4.018167 9.0216255 0.789664 32.49615 0.050640326 0.27647900581359863 
Car -1 -1 0 533.9634122245125 175.7023370494861 559.359495157215 192.82996861138173 1.5157096 1.6073265 3.9552207 -5.7713256 1.786662 66.586105 1.676474 0.2508484721183777 

