Car -1 -1 0 155.40363897819867 184.64416810729594 306.83561383530076 259.5887360461683 1.5077727 1.6175122 3.7639058 -8.3669 1.4962744 16.37906 1.5253499 50.158682865134274 
Car -1 -1 0 397.2333179155556 181.08266711504677 487.97540684218353 240.79661322903203 1.5034643 1.6249046 3.9669528 -4.4730453 1.3994038 20.08311 1.5713367 61.532242936576665 
Car -1 -1 0 575.5615799370827 177.69277549236546 654.8511415394972 253.18899366380668 1.5282078 1.6063018 3.3476577 0.14386603 1.3759274 16.234024 1.5594757 46.15145142792914 
Car -1 -1 0 215.59329153924241 189.21543543182216 407.68604200708904 299.7498994774588 1.5061724 1.6174831 3.7923467 -4.61112 1.5825818 11.832779 1.5660985 75.36492178567414 
Car -1 -1 0 364.87553832130385 177.33963282617455 429.3533244641853 217.34615670846964 1.5198752 1.6213217 3.9327626 -8.475189 1.2206581 29.307339 1.5304115 9.712680858663933 
Car -1 -1 0 251.86078717506894 173.40714632143386 331.0647770476695 213.4370417767542 1.4853005 1.6110889 3.8751824 -12.473432 1.0471468 28.64721 1.5225115 3.7860316098657365 
Car -1 -1 0 0.0 186.54553443004423 126.90155376643133 263.4205115631358 1.5420601 1.6226703 3.8396707 -12.902347 1.5763259 16.506113 1.4264461 5.152161448765766 
Car -1 -1 0 477.4821883793365 177.94097655236453 531.7299238237163 219.97207170861535 1.5593022 1.6230891 3.8746378 -4.009611 1.2894189 28.609764 1.5661293 2.071122894274609 
Car -1 -1 0 709.8759909393925 183.79370512843514 728.1818263887054 197.57041035381675 1.4767487 1.6197337 3.904375 12.334929 1.3243228 79.14778 1.8224852 0.5389295220375061 
Car -1 -1 0 649.9560628304205 181.5136015048168 673.7241977629113 200.7376173366528 1.509718 1.624593 3.9651356 4.480348 1.2189815 58.537666 1.7250075 1.8246081074802865 
Car -1 -1 0 315.52562807560406 171.13815904298363 405.542748051185 204.6963119454623 1.5717306 1.6397406 3.800483 -11.815503 0.9123946 34.605896 -0.06281302 1.2161344289779663 
Car -1 -1 0 0.0 145.59650822642809 51.471715115822164 171.20602223020603 1.654555 1.6603222 3.962069 -41.43121 -1.0297918 50.772606 1.448606 0.2799820601940155 
Car -1 -1 0 370.1929938993267 210.7197961051809 426.6633818310395 267.349469448378 1.5196412 1.6118826 3.863197 -6.6733027 2.4171875 23.227001 1.3201075 0.2520698308944702 

