Car -1 -1 0 454.90104547571354 180.70529472668176 516.6435008437704 220.23296562395387 1.5259663 1.6262827 4.0003633 -5.1913366 1.8829014 30.738686 1.6586924 38.434191438710336 
Car -1 -1 0 333.95787839109926 181.67523638482947 440.24086954455123 241.65430871646265 1.5168905 1.6236434 3.9259374 -6.290598 1.7965286 20.857052 1.642524 67.23358125777037 
Car -1 -1 0 640.0850889797456 178.96705840298324 688.928624402883 227.38782917985893 1.601855 1.6519489 4.323144 1.9630394 1.8460317 26.622795 1.6177075 26.61151304846791 
Car -1 -1 0 531.2283626221039 180.55285440163135 566.2655038014865 204.69387646262174 1.5116318 1.6142304 3.9390488 -4.045093 2.0513232 48.532967 1.6821338 1.689140840736652 
Car -1 -1 0 500.5469529107626 176.0601510766127 557.6143824575173 214.33490146181836 1.5009139 1.6070621 3.7989976 -3.3422406 1.6456819 30.602762 1.682138 1.2826751218860677 
Car -1 -1 0 535.423929268527 180.01005925582203 579.6214586756188 212.28623279948408 1.5159638 1.6326133 4.0192976 -2.600863 1.9023292 36.882988 1.6591508 0.5542267982450174 
Car -1 -1 0 742.8051690767898 140.54543854873765 768.3561507862336 164.2413919341238 1.4801192 1.6206747 3.8085084 9.8033085 -0.603797 48.56186 1.7592958 0.26703524589538574 
Car -1 -1 0 552.9021840003406 181.81281178244012 589.6641519997435 202.60296021899447 1.4748377 1.6193722 3.9797432 -2.8828058 2.1862082 55.159096 1.8431098 0.2658604085445404 
Car -1 -1 0 479.7590459618911 175.52949798721423 548.4709597948914 220.89031922762607 1.4849125 1.6168063 3.8754616 -3.3326554 1.5882417 25.861338 1.6645178 0.2557017207145691 

