Car -1 -1 0 410.9140834858033 182.3534690790113 446.0682976369529 203.48023008161115 1.4969206 1.6288519 3.9965746 -13.738247 2.2466588 54.93846 1.5833657 8.834260449750806 
Car -1 -1 0 159.05007413815255 181.79341941735706 232.27288858629726 214.9552803745681 1.5466468 1.6284857 3.8749197 -20.943531 2.025558 36.684616 1.5282865 18.33567422179451 
Car -1 -1 0 294.90746074691424 185.37176984259418 332.13097544247387 214.82575333341785 1.4946355 1.627016 4.000379 -16.6012 2.2363024 40.59742 1.2604489 3.290187026949017 
Car -1 -1 0 330.8349011124836 183.83544063093663 383.7365360584932 214.01578942736148 1.5062639 1.6255332 4.0106354 -13.744835 2.1387787 39.52542 1.533668 4.81653951154686 
Car -1 -1 0 379.46423218970205 184.0272534112426 412.6864445051639 204.9457426092801 1.5209533 1.6344395 4.087268 -16.753208 2.4326663 56.785503 1.5086917 2.2693925527858845 
Car -1 -1 0 224.58597663030235 182.1634557296759 284.73603232919777 211.22542417668214 1.6001163 1.6386964 4.069149 -21.106398 2.182406 43.084476 1.5560594 0.5594475865364075 
Car -1 -1 0 45.8144474675278 187.74751969218588 120.26514186022544 228.40343063732638 1.5199577 1.6211479 3.905421 -22.085938 2.1824546 30.22188 0.69569534 0.5090667605400085 
Car -1 -1 0 732.3777141009691 148.17428666261233 820.277826691831 181.2927839122509 1.5139785 1.6153938 3.8899946 7.800346 0.38577026 34.022423 0.12181636 0.40278592705726624 
Car -1 -1 0 216.75261503052027 186.60616508346618 281.78920736555915 217.01569609566275 1.4919872 1.6287212 4.0003886 -19.508305 2.2786264 39.251106 1.5435079 0.6569545355878966 
Car -1 -1 0 346.84857301718336 186.21993623424163 399.8877708292576 235.98977068405316 1.564007 1.6278718 3.8291357 -8.384073 2.0809464 25.843952 1.3013132 0.25854116678237915 
Car -1 -1 0 0.0 183.00990195989047 113.1879350624521 234.4251734549312 1.5665932 1.634797 3.8450983 -18.76261 1.9147913 23.588564 -0.18068744 0.25766822695732117 

