Car -1 -1 0 722.1026719379047 177.5741642006119 864.2555030489546 276.03360721649693 1.4995941 1.6109307 3.7790284 3.137497 1.597393 13.060225 1.5706744 78.92978636345234 
Car -1 -1 0 0.0 199.5555924704306 287.920424374898 353.1502139193287 1.5213944 1.6219987 3.851289 -6.063553 1.9549227 9.769219 1.5963039 98.75664197311599 
Car -1 -1 0 236.41537170853618 192.6910937863792 395.0645686276789 280.83996844027786 1.5023727 1.619324 3.9393258 -5.974318 1.9750445 15.194683 1.6072782 78.80212795430333 
Car -1 -1 0 385.01172377331426 182.15429955508267 464.4043700886557 235.33972293013124 1.5339856 1.626519 3.9578812 -5.910519 1.8625355 23.49839 1.5553801 57.298556913231806 
Car -1 -1 0 556.4781361811827 180.25160093252916 580.7664857876656 202.02458105722377 1.542385 1.6280143 4.0710154 -3.0600228 2.1224742 54.53984 1.5650055 3.6637626626312727 
Car -1 -1 0 520.5390086516829 181.6774110501223 549.6696667216272 202.560326662865 1.5022124 1.6233879 3.9977632 -5.705184 2.2079415 55.67002 1.6269209 6.316737126168871 
Car -1 -1 0 435.12787391142007 184.31825546829444 495.6872494757562 225.31829386850276 1.5270431 1.6204638 3.9214745 -5.9061294 2.034749 29.968893 1.6020945 4.864612014748282 
Car -1 -1 0 808.1011685493794 149.43585817056996 876.0035542447508 200.40745860661593 1.5600803 1.624096 3.9148297 7.684444 0.84332454 24.150265 1.7401221 0.7799828955112154 
Car -1 -1 0 461.37360311082205 183.14884301977094 523.310251371988 213.72343998229994 1.4939632 1.6134794 3.9140055 -6.328562 2.0749385 38.675713 0.91554457 0.6878034686397605 

