Car -1 -1 0 719.3276512394266 178.7298094244952 878.3767123077578 292.5113895493242 1.5256466 1.6192969 3.812049 2.8806853 1.6371679 11.783392 1.5772613 100.46936688209735 
Car -1 -1 0 440.4704852809859 182.32452387990713 533.0642783707419 249.92952955861173 1.4991992 1.6199422 3.9350321 -3.0309973 1.7686844 18.544453 1.595633 85.15843511134346 
Car -1 -1 0 679.9004027953052 181.145990314509 771.9387585302426 248.04005482924083 1.5041955 1.6086688 3.7590942 2.8844647 1.7401149 18.614094 1.5245264 33.82298162635097 
Car -1 -1 0 487.7649288688726 179.0413161994625 542.4488984400699 228.53706954223276 1.5297922 1.620754 3.8833816 -3.1697047 1.7594521 24.790411 1.5038692 8.29826243103444 
Car -1 -1 0 659.5025697189649 180.2756548774517 728.158081263602 231.53152450957208 1.5234396 1.6202748 3.9591963 2.7172964 1.791635 24.052631 1.5152838 8.409550625663549 
Car -1 -1 0 522.0079477063796 178.71997722490957 564.0738696234595 214.50674033675503 1.5412016 1.6181877 3.8319764 -3.0436187 1.8301337 33.621315 1.5677247 14.028580030968204 
Car -1 -1 0 656.9278324363296 178.7028791156409 689.4427611963807 209.8885672562661 1.5218201 1.6178803 3.9420867 3.3445892 1.8463748 38.005394 1.6561148 3.0127833477439943 
Car -1 -1 0 643.978977169624 176.43994588704683 669.4057418220378 196.25333843334235 1.5184762 1.6225283 3.843092 3.8240337 1.817181 58.068756 1.7480496 1.5181378921046507 
Car -1 -1 0 808.6979063841561 186.59482268476276 930.2956300286779 262.6276271969842 1.5307224 1.6226075 3.8849196 6.033656 1.8959806 17.209236 1.6071551 1.14350933751873 
Car -1 -1 0 716.4194827400439 138.77460218519687 800.50975142416 178.83282158700405 1.5077355 1.601291 3.824693 5.9417114 0.22503436 29.226925 1.2359182 1.2803009572440793 
Car -1 -1 0 699.2339706692119 168.37054036268066 733.4740042795261 192.20470874645716 1.4933839 1.6058897 3.820033 6.931336 1.2124623 47.13402 1.552432 0.3652466833591461 

