Car -1 -1 0 0.0 188.83245886343738 247.60176553774696 355.9000343531585 1.5365818 1.6204749 3.9174898 -6.240101 1.7803016 9.011647 1.5247172 87.83432521578762 
Car -1 -1 0 490.84340038929196 181.1696780952924 547.8348882650075 218.69676401439867 1.4796529 1.6231518 4.0057783 -3.855616 1.8658803 31.440086 1.6680733 41.03733179989163 
Car -1 -1 0 217.96839073540932 186.4441817586575 369.6584606853067 272.86530123135236 1.5284759 1.6254867 3.9669087 -6.5303254 1.8565526 15.406328 1.5338604 57.112163648811745 
Car -1 -1 0 384.4800395423074 184.897801959348 456.18079600616085 231.5731401418031 1.5057204 1.614783 3.8835595 -6.78214 1.9760563 26.229631 1.5630786 29.026805402717386 
Car -1 -1 0 1092.9632886710954 151.34222954446327 1222.726487510256 201.9457317086308 1.5458927 1.6207124 3.7381074 18.031252 0.88872683 23.955297 1.6288909 3.816514981371927 
Car -1 -1 0 627.2303373632021 174.379612779754 656.569370362882 198.4137137604706 1.5217851 1.6152512 3.6087437 2.1048284 1.6266603 47.7603 1.5235543 12.590224838917507 
Car -1 -1 0 466.58119145637033 183.45974434719656 505.56595879365364 211.8483672281012 1.4804075 1.616933 3.8792486 -6.970877 2.1123571 41.039787 1.5532792 4.6900087799999195 
Car -1 -1 0 524.992480630966 178.97287756867362 553.4806333500435 206.18437617650076 1.5287203 1.6120137 3.8190265 -4.267814 1.913886 43.425327 1.448778 4.2159531519769455 
Car -1 -1 0 701.7397736540822 168.66406259249644 733.7091243935346 196.6478120431811 1.548003 1.6288111 3.9571605 6.3378983 1.3162241 42.01614 1.7738636 1.3259240867239983 
Car -1 -1 0 403.97723936806034 160.6679656115001 436.01348116791576 188.1026201669942 1.4959247 1.6018792 3.7651708 -10.819361 0.8314587 41.351456 1.3605366 0.31183725595474243 
Car -1 -1 0 1073.368650852731 132.13342453579267 1181.1917260668106 164.59631161247304 1.5229225 1.6246674 4.0118327 25.42679 -0.4198414 35.554527 0.16470179 0.3047600984573364 
Car -1 -1 0 624.7608143554697 173.75039533110586 691.9879959352544 220.37024784173315 1.5142269 1.6150725 3.7502422 1.6430562 1.5483359 25.483578 1.4260712 0.25144195556640625 

