Car -1 -1 0 842.9772994121424 166.06491357687207 990.1945015252752 257.5872026612758 1.5979795 1.6310678 3.8459423 6.003668 1.479442 14.5856285 1.6593755 1.4692865939076225 
Car -1 -1 0 121.13392081337062 193.4022355357073 180.2910209984599 219.1940630199519 1.4819081 1.615471 3.906912 -29.608309 2.868996 46.689186 1.4818314 2.100376431374648 
Car -1 -1 0 1159.2312295892434 182.5513469458151 1235.4565036972645 206.15555956448523 1.5352626 1.6233557 3.8653293 39.501453 2.1994703 48.53815 -0.037042927 0.3821089565753937 
Car -1 -1 0 0.0 193.89606034987318 63.77528582290337 228.40098699166316 1.4941734 1.6215725 3.93919 -29.16061 2.6005611 35.859398 1.399594 0.616635969354158 
Car -1 -1 0 1018.4275524607519 179.02121558306695 1058.5286711564895 196.19529497031056 1.5021257 1.6265504 4.104457 39.62858 2.090955 66.763596 1.6771135 0.6121424497969437 
Car -1 -1 0 932.9840234496074 193.6322803290428 1004.5669319196066 219.8941943484527 1.6838812 1.7022152 3.9747841 24.130508 3.1075156 48.55097 -0.017403116 0.3473484218120575 
Car -1 -1 0 826.2082173201426 159.4206243732468 996.1672498358212 226.68811168473442 1.6702732 1.6678159 3.9139466 7.8549995 1.3367181 19.13319 0.20634979 0.5018781982688498 
Car -1 -1 0 226.5189372903753 195.56847118306487 270.4595986152449 215.22530491416524 1.493935 1.6187088 3.9132247 -30.6944 3.4914436 61.453754 1.6259046 0.30560335516929626 
Car -1 -1 0 664.6494052211137 148.72392242946646 695.5484251014135 168.11305908269952 1.4857366 1.6070933 3.6108515 5.722584 -0.39554435 58.226536 1.9283452 0.5148875919375877 
Car -1 -1 0 1154.2267097760691 191.5759556559587 1236.758655199472 219.21738581497235 1.4727658 1.6266745 3.907858 34.92601 2.643999 43.143303 1.515869 0.26458239555358887 

