Car -1 -1 0 157.29514686357948 160.89968657287542 352.47123441913647 232.5576562873552 1.6503836 1.6797394 4.049662 -8.612562 1.3750589 17.86379 -0.21124676 15.049447214758988 
Car -1 -1 0 0.0 166.657332512633 197.20883672509433 285.87337150541526 1.5308193 1.6333005 4.0056744 -7.8498454 1.4512496 11.426334 1.2227921 8.454220836111453 
Car -1 -1 0 1152.3541682022947 181.06261250562406 1242.0 214.12540203360044 1.5278533 1.6232183 3.8794014 29.716553 1.9640751 36.3407 1.4832174 20.31553794825607 
Car -1 -1 0 467.83649515752916 175.6620495449305 511.2530320194733 204.23372799291263 1.5508217 1.6168362 3.7171452 -6.9591837 1.7205634 41.588993 1.161466 13.600705567463084 
Car -1 -1 0 275.6403101805227 171.99044321721578 364.05727543704904 221.9201102604997 1.5605278 1.6337745 3.946413 -9.741898 1.5335376 24.570822 1.5095508 2.9589670835810318 
Car -1 -1 0 335.14652566281455 165.96595435498335 429.31140472002926 200.56416689867095 1.5544989 1.6555494 4.060195 -10.711396 1.2450186 34.01681 -0.42959276 0.8735045830300928 
Car -1 -1 0 240.17507861518575 174.24691412374978 365.08107254076964 218.31298276850524 1.5373796 1.630142 4.083 -11.206808 1.5914054 26.62249 -0.28909904 0.5991305531531755 
Car -1 -1 0 4.594428611390285 135.43457986666644 115.04048822463925 167.29136493100359 1.5134282 1.6501421 4.1302423 -27.566076 -0.29185474 36.333572 -0.37449622 0.3251935541629791 
Car -1 -1 0 403.30649752914724 172.04960884422078 424.7698704899261 186.18601544869614 1.4641496 1.6177013 4.0193796 -20.859865 1.380836 76.896904 1.1541295 0.2799893915653229 
Car -1 -1 0 1146.8328352431315 145.4466681138275 1227.4082508358595 172.87047627683813 1.6000168 1.6288264 3.9702976 35.206585 0.0009610653 44.11866 1.5238154 0.25179192423820496 

