Car -1 -1 0 308.6375479367504 187.50692587807296 463.1731373489565 292.074264605307 1.5014528 1.6124668 3.6826715 -3.7469575 1.7974436 12.726766 1.5619638 95.50975526504115 
Car -1 -1 0 146.9238570954057 186.44973028072968 259.7218782715264 240.03435572642132 1.5500606 1.6250124 3.8803182 -13.263243 2.0360527 23.82994 1.5428486 66.93445654723625 
Car -1 -1 0 457.4610389075871 184.445308954749 496.452762573326 215.60106565680078 1.4691087 1.6002976 3.5499873 -6.789305 2.0962782 37.21187 1.4982898 13.888497013575565 
Car -1 -1 0 247.55292804493027 187.11450510030346 309.2247045499704 220.66132663778296 1.5010486 1.6226814 3.9946623 -16.489883 2.255901 36.120342 1.4632401 6.478668292898842 
Car -1 -1 0 551.6484640475417 180.329679181843 577.8981746154436 205.00535418343944 1.4750686 1.6112655 3.853261 -2.868358 1.9751734 46.297905 1.5111314 4.674708659533608 
Car -1 -1 0 779.685581390338 186.68978411769456 860.3353038598777 216.91470742878727 1.4949187 1.6309372 4.044559 11.209825 2.259066 38.422417 0.33072513 0.5550390481948853 
Car -1 -1 0 754.1142583053305 187.111849223525 808.2438942049184 215.62528625319308 1.5150356 1.6122096 3.9236975 10.042863 2.3960152 42.501587 1.3740313 1.1200270775774994 
Car -1 -1 0 891.3581515112379 178.05562679977712 1032.9210445098893 224.63280544405683 1.5158991 1.6397214 4.1013937 12.014078 1.7012951 24.712288 -0.09197186 0.6001617961329744 
Car -1 -1 0 620.2129496364244 177.32966952990003 642.2252579449657 195.8580488157918 1.5403637 1.6189438 3.8850214 1.9186959 1.9435484 62.979782 1.6798058 0.27995389699935913 

