Car -1 -1 0 256.6084635665575 192.25892557022493 332.9973661037001 233.41257534001167 1.487229 1.6165135 3.885493 -12.945635 2.3449464 29.916029 1.5264381 45.75292164052881 
Car -1 -1 0 570.84318981196 176.96142110471908 614.7386647563861 214.33093983797983 1.5738473 1.6429961 4.089066 -0.8253956 1.7736815 32.97973 1.4570644 13.265970056193353 
Car -1 -1 0 380.07660895847476 185.27675501977643 420.9771848898765 210.97921632709884 1.5368142 1.6270632 3.9582815 -13.582724 2.3818822 47.080727 1.5410292 1.9303260803233775 
Car -1 -1 0 508.11027811267917 149.801050478817 538.0789292457948 174.54725758812492 1.5835767 1.6200817 3.8854113 -5.727384 0.10835588 48.13418 1.5475242 0.6557063460350037 
Car -1 -1 0 492.94437333393654 176.05826573017416 553.8716605509234 201.49786957991097 1.5894952 1.6408222 3.9030297 -5.6752405 1.8078679 47.35671 0.63362885 1.3112741708755493 
Car -1 -1 0 1133.2272236137405 145.5200119408948 1242.0 190.57674358736494 1.4927473 1.5987241 3.5657213 20.617184 0.58716136 25.781477 1.7102163 0.4268498122692108 
Car -1 -1 0 685.8776390409064 176.43671534542165 712.5013665729847 199.874074842927 1.5227869 1.610652 3.7429404 6.0999756 1.7775841 49.391453 1.6408637 1.0339971337962084 
Car -1 -1 0 727.2193595111377 174.0470273277247 763.6654320250183 199.14204013055087 1.5119143 1.6110438 3.8171453 8.533187 1.5904247 45.567947 1.5787985 0.35144761204719543 
Car -1 -1 0 491.67708591216956 198.92843131064902 554.8168411657766 239.4988828245662 1.515387 1.6264335 3.9326155 -3.7165797 2.7369628 31.717873 1.7639911 0.31368935108184814 
Car -1 -1 0 825.8471072221812 153.39721391793452 865.8626863387128 185.14967226070482 1.5151436 1.6160376 4.0321994 12.0295925 0.5867169 36.60165 1.9662418 0.28292521834373474 
Car -1 -1 0 1004.182201400404 161.33448736008089 1242.0 256.86068645478406 1.5654005 1.6285617 3.9500246 9.566988 1.3766286 13.849059 1.5037555 0.2664230167865753 

