Car -1 -1 0 89.10617723121628 186.5856453943881 217.45236806940278 243.2871482643554 1.5168961 1.624066 3.9170897 -13.901459 1.978557 22.263588 1.523604 52.48858530427753 
Car -1 -1 0 275.81987721326465 181.80064177522175 335.0614482196045 211.97539037966013 1.534208 1.6380303 4.093364 -16.764616 2.055498 39.976112 1.5472344 9.532176194071914 
Car -1 -1 0 310.6453117385375 182.256740418124 370.6071881024159 214.02276162438446 1.5169411 1.6282996 4.037607 -13.9568815 2.034167 37.670937 1.5700268 16.562388170002677 
Car -1 -1 0 3.602024038457221 180.3556150000591 117.73068581863605 224.57743845347497 1.5481578 1.6285753 3.9042218 -21.095688 1.8594245 27.938904 1.5069562 22.472025952719783 
Car -1 -1 0 43.72220729095197 190.02415657835448 162.98457345150035 242.46719200077442 1.511042 1.6277859 4.002633 -16.842148 2.1379874 24.25307 1.4352863 3.498937443222349 
Car -1 -1 0 792.1252964912019 189.58840235861882 920.0732698333289 235.38217296554836 1.5443516 1.6424403 4.062504 8.859758 2.1729975 26.090221 -0.097538754 0.680697282902423 
Car -1 -1 0 421.82241737047815 182.157016538604 449.5925806376821 201.81922896792005 1.5269333 1.6174875 3.857069 -14.391056 2.324571 59.885307 1.5026542 0.32047852873802185 
Car -1 -1 0 238.1126443015994 183.58338265867627 287.07233618552596 209.08236497755072 1.5883844 1.6203405 3.886351 -23.30624 2.3407378 48.606937 1.5112884 0.29772958159446716 
Car -1 -1 0 124.2420955460815 168.8842152336082 210.15921855885924 201.90126825824797 1.4959022 1.6176369 4.0721164 -21.17277 1.3160431 34.732384 1.5778413 0.2771527171134949 
Car -1 -1 0 889.5731807138417 164.51195460630356 1053.2675709751466 221.39270284164647 1.5692618 1.6432633 3.9260716 10.391598 1.3391161 20.958464 0.120813854 0.25517940521240234 

