Car -1 -1 0 318.89652945812924 186.13950600183438 406.9932612259236 237.5028341157371 1.5036902 1.6223357 3.9581833 -8.128358 1.9846709 24.136402 1.5625263 54.91643715813713 
Car -1 -1 0 48.98315810036759 186.6277423641902 264.5640777359161 285.6459182430771 1.5140399 1.6230832 3.9568596 -8.223284 1.811261 13.578352 1.5542465 80.3823821125982 
Car -1 -1 0 574.3527363052914 180.0453757277895 619.1779659850854 224.27833720659325 1.5811062 1.6454258 4.2070317 -0.45619285 1.8870307 28.585804 1.5772352 18.762805072761978 
Car -1 -1 0 396.62370229039664 184.5438369710614 456.51044678386677 221.83952555907865 1.5200458 1.6182418 3.9757624 -8.204489 2.081891 32.67226 1.5949111 2.882366439566378 
Car -1 -1 0 441.25212111621164 184.8609759736473 473.4224717960974 212.60857400481294 1.4945703 1.6219951 3.8365004 -9.048382 2.2397947 42.717392 1.2990034 4.67004548090883 
Car -1 -1 0 410.2340245875947 179.78727690081143 477.2508194888752 221.88312361503455 1.4999074 1.6276011 3.9316492 -6.425576 1.7914574 28.352642 1.5998483 0.5619629834987814 
Car -1 -1 0 671.1041772375562 184.2374486033056 705.5070646587932 207.45222016814398 1.4727082 1.6304336 3.9826572 5.3935614 2.2913795 49.83876 1.4869945 0.27339810132980347 
Car -1 -1 0 754.5083747817396 173.686653326645 849.285215047728 227.34756324623137 1.5394181 1.617921 3.7715244 5.9408755 1.5679114 22.725712 1.457162 0.2679213881492615 
Car -1 -1 0 435.69621259329045 178.44818415794472 488.86796526596584 215.21469406402673 1.5290978 1.6216288 3.8931227 -6.572587 1.7966033 32.552383 1.5659148 0.2614005487754648 

