Car -1 -1 0 728.9304626284923 176.46037555587912 890.9842231842393 285.95249345750017 1.5083499 1.6136159 3.7654536 3.10908 1.577534 11.9530525 1.5631847 81.94958884524836 
Car -1 -1 0 207.4857052746335 194.00407230321642 380.57139003517705 290.7064137511997 1.5159256 1.623298 3.9455752 -5.9589496 1.9892981 14.164209 1.5860808 96.29082440648895 
Car -1 -1 0 0.0 202.77458748299026 254.82487917331926 375.0 1.5192502 1.6200011 3.8756037 -6.03241 1.9570715 8.598371 1.5988156 83.97064529977379 
Car -1 -1 0 372.9659559841512 182.82733254783136 458.6953429920807 238.79859836354737 1.5310801 1.6264447 3.940011 -5.9012685 1.8682191 22.416082 1.5648295 50.07560148951026 
Car -1 -1 0 551.1688061058876 179.57920700390642 582.2311251924533 201.68331967866447 1.5149357 1.6306213 3.9793925 -3.0940747 2.0260763 52.774017 1.6780617 10.725444969353738 
Car -1 -1 0 520.5162824130656 180.69897033172944 547.3959902296328 202.37744469533257 1.5355563 1.6411214 4.0832424 -5.6870613 2.1519067 54.64004 1.5622656 8.747570890122349 
Car -1 -1 0 480.8491019269021 183.9819424590633 520.1465873615078 214.01041885877194 1.5226868 1.6148063 3.8365154 -5.983942 2.1682444 39.935432 1.5653281 1.9220438883130626 
Car -1 -1 0 431.3727502641926 181.84067139399178 499.065280799228 224.57147420897593 1.5416251 1.6206632 3.9962263 -5.7021985 1.9279027 28.955667 1.653897 5.301146476507416 
Car -1 -1 0 436.2248190085674 185.12775485061132 518.0478756912007 215.81638468706353 1.4895396 1.597106 3.8510773 -6.834691 2.1461384 37.321568 0.26679075 0.8000912938405446 
Car -1 -1 0 894.4364974162044 165.50160213045206 962.1808019344018 203.8190150841376 1.4979463 1.6115113 3.9191997 13.2726 1.2105181 30.263025 1.7166175 0.4734317362308502 
Car -1 -1 0 792.7967469058046 120.68300703264046 934.8966308582457 176.25422401717904 1.594093 1.6291518 3.668953 7.5054455 0.09753731 21.528841 0.009030204 0.3005443811416626 
Car -1 -1 0 812.0479660179944 144.01969948270653 884.0667351198535 193.46259378446075 1.5447711 1.6310527 3.905772 8.024904 0.6438853 24.586552 1.7026591 0.2966952919960022 
Car -1 -1 0 691.1393541580568 185.18264799189183 750.1866740546252 215.28123563504363 1.5041499 1.6148834 3.9089575 6.077973 2.2218914 39.896294 1.2474536 0.2863636612892151 
Car -1 -1 0 846.7151550695868 193.3207976044365 997.1951761813417 275.8505519809217 1.4966357 1.6229395 4.0009265 6.7525063 2.0094583 16.078127 1.5714046 0.28535857796669006 
Car -1 -1 0 415.05381498804746 169.96456549682742 451.67244682762885 193.12275411964265 1.6039588 1.6269351 3.998088 -12.643061 1.4038335 51.98126 1.5805067 0.2502754330635071 

