Car -1 -1 0 496.3925806736327 179.69809161993217 531.1816755340227 201.29920746995072 1.5521107 1.6210573 3.9943037 -6.520191 1.4217606 53.77001 1.193155 0.5475080609321594 
Car -1 -1 0 661.4049877634976 162.9820251991146 730.6054761314728 208.72268786374943 1.5567484 1.6230998 3.9210043 3.4363708 0.92608786 26.487934 1.457041 0.9131690263748169 
Car -1 -1 0 391.37473520465403 183.70303802746028 446.1295208976331 231.7713688120394 1.5667644 1.6202958 3.8568544 -6.555787 1.6514745 25.68943 1.2498248 1.2324577528855643 
Car -1 -1 0 531.2261545428998 166.30008338480334 801.6632557991812 289.99562555756717 1.587907 1.6174548 3.7979867 0.93316436 1.3926256 10.955505 0.59493804 0.8612966563700699 
Car -1 -1 0 0.0 214.80315240603738 156.84064876664158 353.81731657652637 1.4773363 1.6079807 3.8482685 -7.5944805 2.0665727 10.664863 0.98899275 0.5196367502212524 
Car -1 -1 0 737.335364275582 181.19585581248685 818.4752413078312 248.64506739677543 1.4983594 1.6139258 3.8907495 4.332939 1.4913318 18.00053 1.7185571 0.34986355900764465 
Car -1 -1 0 272.59801900212915 199.54340119039696 357.9088266001454 279.91282744703545 1.4968204 1.6132392 3.9276764 -6.4662075 1.9630551 16.452293 1.2155077 0.3390379548072815 
Car -1 -1 0 457.0283322670371 180.89324244388948 522.5051466296771 211.33601007776343 1.4834971 1.6223838 4.035329 -5.6512413 1.4533346 37.177994 1.9147141 1.4650518297770496 
Car -1 -1 0 842.7471699836832 130.3221983238346 1002.8173469852056 282.855818980119 1.6496406 1.6430558 4.047129 4.347039 1.0960242 9.952707 1.9540693 0.2722207009792328 

