Car -1 -1 0 267.5058318795356 183.44439628528477 365.3029226818838 238.65029360170345 1.5368514 1.6279292 3.930039 -9.147268 1.9014652 22.846773 1.5323482 74.70254386517955 
Car -1 -1 0 587.5300375224939 177.9589111994022 617.699289472015 203.12689962612788 1.5385505 1.6154183 3.8110347 -0.4892043 1.8842844 46.888794 1.4686955 2.814227959408053 
Car -1 -1 0 365.28365139939206 181.10458948951756 427.87412589896906 202.79849943252995 1.5666916 1.6674292 4.1799207 -15.929891 2.1973224 54.04841 0.13227937 1.4724870482896382 
Car -1 -1 0 434.04366060951986 175.4115752458761 467.65332047371487 200.40990091272175 1.5786493 1.6273419 3.858831 -10.501161 1.7556336 47.950462 1.5030756 2.39933769840215 
Car -1 -1 0 282.9011517383147 174.36524813694336 394.23948632847566 242.9249420126092 1.5260179 1.6079535 3.846839 -6.6550837 1.5681283 18.126436 1.494611 1.0029882601101459 
Car -1 -1 0 429.18783642377144 176.05519494762328 482.8152753367754 212.06604515406772 1.5351057 1.5963262 3.6910293 -6.9445767 1.6895527 32.950577 1.5909828 0.37704336643218994 
Car -1 -1 0 544.3465799893391 179.211798633126 568.0663614430497 201.97945527524 1.533897 1.619511 3.7687607 -3.784738 2.0056453 51.61241 1.5163252 0.3650524914264679 
Car -1 -1 0 336.98103346538284 183.50747594826288 411.89798822584004 237.7354545792472 1.556967 1.6194155 3.8809557 -7.565138 1.9344327 23.538769 1.4459394 0.6419317640028228 
Car -1 -1 0 640.9668409404389 178.63427228822357 676.4428250022564 204.00172250920113 1.4857452 1.6100786 3.8639774 3.0312662 1.8636281 45.17063 1.4758036 0.47412762086910315 
Car -1 -1 0 667.0682063748437 183.13744412880547 712.5521931539631 214.87421486711466 1.4918836 1.6024809 3.767668 4.0728774 2.048847 37.130257 1.4794279 0.3019017279148102 
Car -1 -1 0 509.86886640405646 154.05044317923907 561.5093319579203 173.2025885387025 1.5480206 1.6309571 3.9638674 -6.1269608 0.028175235 59.840137 0.39809126 0.2676073908805847 
Car -1 -1 0 490.247626593523 176.9644232339253 521.9068276320386 204.36075433620752 1.5349045 1.6248573 3.9784486 -6.230805 1.7928866 43.17242 1.364574 0.2630866765975952 

