Car -1 -1 0 569.5924422122258 178.42834703826665 609.1882810724393 214.02813257725143 1.58746 1.6474593 4.1272945 -1.0318737 1.8741343 34.97464 1.4762326 15.175013654292146 
Car -1 -1 0 106.13456102181783 133.50950888838946 205.8457050798241 170.59582330528386 1.5194296 1.6164834 3.7773948 -19.871475 -0.105777785 31.801468 1.7379189 3.017728337011513 
Car -1 -1 0 833.3386088688571 179.7688207942292 909.4084533491599 222.77664017288527 1.5348301 1.633405 3.892198 10.180006 1.8252084 28.339973 1.588206 0.9826204493629096 
Car -1 -1 0 508.80079564507145 176.12111400918684 541.9688375358338 198.73794323303076 1.6300483 1.6436654 3.9585285 -6.333091 1.886852 54.65625 1.682567 2.200590485538958 
Car -1 -1 0 516.4742880587867 151.18120439424143 541.6833963884488 171.96867804344973 1.536354 1.6141442 3.836315 -6.1491013 -0.07039702 55.432903 1.5422122 1.0369215749784575 
Car -1 -1 0 505.15350685893446 182.99040751418752 549.4985589155897 221.19927330438415 1.5221937 1.6201444 3.9043052 -3.6917157 1.9997442 31.919466 1.3714204 0.783638601536094 
Car -1 -1 0 170.07820609063987 184.54934682401674 238.01583875530108 216.3216537003588 1.5393915 1.6238593 3.8943644 -21.499489 2.1944904 38.421616 1.5079228 1.5595564387045984 
Car -1 -1 0 219.91293868749068 184.66455010648488 277.6332577303835 212.41125891576266 1.4969785 1.6113646 3.825807 -21.186195 2.224875 42.525803 1.5311558 0.9108698070984117 
Car -1 -1 0 203.4855756368993 183.27386242208632 268.5136205791405 213.18810690609254 1.5098438 1.6220171 3.9326837 -20.508276 2.1130438 39.78486 1.5476718 0.6296468897225576 
Car -1 -1 0 345.596028731946 189.53379377172652 432.2810832630195 253.3251659405111 1.5424545 1.6250489 3.7264786 -6.117836 2.0584018 20.387718 1.476863 0.317770391702652 

