Car -1 -1 0 709.884093703784 180.44875322951717 802.92707769624 247.99465297090336 1.5192869 1.6147647 3.8119216 3.6554492 1.7347662 18.56483 1.5698223 47.07556606868517 
Car -1 -1 0 21.948860000956582 183.94324779215785 370.35502210392895 301.6066577979148 1.5017698 1.6430553 4.1429677 -5.787359 1.6763558 10.377048 0.07910239 65.58634391057642 
Car -1 -1 0 254.93025867283075 180.73305637411897 451.23250467069516 248.2719449834882 1.5154699 1.6470654 4.107634 -6.0122247 1.7130125 17.239506 -0.013308074 58.52291270831656 
Car -1 -1 0 734.151005332136 183.55498936156297 871.0274078412849 281.0479843657405 1.521168 1.6192489 3.8382814 3.4592812 1.7517862 13.6162405 1.5891893 56.20449623543511 
Car -1 -1 0 675.1329023687313 181.31763328566967 726.9964373860016 219.0618690105284 1.5398304 1.6215345 3.871483 4.0289726 1.9419711 32.30354 1.5126581 27.7799580038094 
Car -1 -1 0 345.51655545284024 179.51571497711325 485.13962554721434 231.26139379335473 1.5540336 1.6401498 3.9504561 -6.0619473 1.772648 22.788422 0.03564869 18.132258020077682 
Car -1 -1 0 443.55162041830874 182.5501473990329 530.2846470633352 231.1562812865139 1.5169718 1.6175754 3.9699895 -4.4043803 1.8876189 25.47124 1.0081573 3.2365626396776768 
Car -1 -1 0 0.0 177.66893927533798 362.40443878352716 375.0 1.5964571 1.660872 4.0901976 -4.647069 1.6502541 6.8314056 0.205509 5.779425081067659 
Car -1 -1 0 474.33311316871766 181.75998706701097 523.4495534866935 221.9356094843533 1.501512 1.6189381 3.872468 -4.5059156 1.893899 29.815935 1.5209668 3.706664281512368 
Car -1 -1 0 482.50862586065074 173.67690266512452 562.0810185871538 204.66581814156044 1.5570256 1.6421753 3.9701624 -4.4510202 1.6005261 37.222286 -0.05040035 2.610030986915722 
Car -1 -1 0 565.4346900174394 177.5715807180327 592.1937500941175 197.37705180097063 1.6211754 1.6301858 3.8106918 -2.6759915 2.0403585 62.072906 1.3441904 1.5347520252834206 
Car -1 -1 0 335.6899819555937 164.4699794597377 372.7019361615145 196.88218699465108 1.4895718 1.6167903 3.962045 -12.497814 1.1042662 35.297585 1.2246958 0.5293462872505188 
Car -1 -1 0 529.7390373559068 177.8462934105126 582.2677884735209 197.6508945550111 1.4996834 1.6157565 3.9502854 -4.116647 1.8918068 55.8607 -0.002630677 0.6324404071559209 
Car -1 -1 0 1056.1704607862027 181.47268982375525 1211.8513691981432 244.2152110799394 1.5749097 1.6201365 3.8119292 14.738941 1.8434094 20.558523 1.5534962 0.32711294293403625 
Car -1 -1 0 463.0623686338961 177.4131443153601 539.5947204261769 213.88731071856117 1.5146964 1.6081853 3.904333 -4.924055 1.7326472 32.480247 0.87381303 0.41399295471553826 

