Car -1 -1 0 592.130246948543 173.01003087135123 626.5451114093742 203.53898735165942 1.5844443 1.649237 4.222874 0.03697118 1.5934789 39.62489 1.6281779 12.905714711318026 
Car -1 -1 0 237.67248858973227 185.3628826844869 291.84190632397224 211.53895697524382 1.5034683 1.6110755 3.8412867 -21.539 2.321027 45.22471 1.5541916 1.9282776361254144 
Car -1 -1 0 403.7680416176241 152.83169709670392 442.7112939827623 179.53494199009825 1.7863333 1.6567671 4.0983405 -12.937884 0.4469263 50.317123 1.5709817 1.4024076732976303 
Car -1 -1 0 64.43939921498142 195.7268171565455 362.66676400048385 364.75827666974203 1.5391251 1.6232537 3.83568 -4.547627 1.8855376 9.008605 1.5691135 0.793358253232735 
Car -1 -1 0 901.6206576473751 178.91959327413304 988.2015927071295 213.59328437074453 1.4952458 1.6161764 3.8837154 15.664051 1.7978764 33.921036 1.3296416 0.8777728412702553 
Car -1 -1 0 819.1298678897537 154.1820548294916 901.6519522898989 204.20421082055728 1.5710051 1.609274 3.6449919 8.412411 0.9845904 24.501848 1.5945601 0.4403645396232605 
Car -1 -1 0 81.11126555408664 188.66895424255492 177.25380119051337 228.61800874843138 1.5263247 1.6161499 3.8718905 -20.551224 2.2499583 31.063698 1.5514767 2.7315951009558646 
Car -1 -1 0 0.0 191.7023734798248 104.17704112032364 241.55184685004153 1.5289655 1.618726 3.8829665 -20.04363 2.2486792 25.584751 1.5383282 2.898929857962823 
Car -1 -1 0 210.54709246782352 183.18955866872415 274.5366492222403 212.62587508469255 1.4984169 1.6160604 3.8677716 -20.27829 2.0997224 40.035423 1.5600617 2.2059345328248186 
Car -1 -1 0 406.47950468204164 175.73688192562344 445.644056778055 200.55575563897952 1.6240413 1.6254712 3.5595665 -12.52993 1.8289002 49.454792 1.6206534 0.7373346872122227 
Car -1 -1 0 524.8798507247321 172.6786463035242 567.4877616646281 188.2707360383388 1.4741724 1.6098905 3.9517674 -6.040257 1.457593 69.047745 -0.012264571 0.34931647777557373 
Car -1 -1 0 544.0879774111078 187.2125062466964 588.8201238129878 212.6882616112495 1.4963135 1.6041949 3.8960238 -2.7486196 2.470318 46.845695 1.8793457 0.5745640047361109 
Car -1 -1 0 155.48355516109754 186.70480489850743 231.515989859503 221.82968653942672 1.5578675 1.6243994 3.878074 -20.380388 2.2775934 35.52395 1.5319153 0.3103064638846148 
Car -1 -1 0 901.8381416471984 179.0610843135926 985.3761002873331 211.0408727481396 1.4706858 1.6130475 3.9200263 16.620876 1.799436 36.10776 1.2864302 0.3035615057583678 

