Car -1 -1 0 488.52284101573974 179.7683455493193 547.5077572463406 229.38069710565688 1.5853306 1.6415447 4.1332636 -3.1776204 1.851686 25.715565 1.5546315 44.2626788900924 
Car -1 -1 0 285.9407787119552 189.92688065900924 374.68106361249846 237.03607723860398 1.5085434 1.6236093 3.916888 -10.15091 2.1834404 26.534492 1.6091856 33.66223647449208 
Car -1 -1 0 148.91989625776034 183.9838758661244 261.17221752372467 226.24271354249305 1.5302415 1.6255903 3.8804262 -15.807003 1.9866731 28.219732 0.3126985 2.1192566344681594 
Car -1 -1 0 580.447995143205 178.68763661852958 614.0459904933251 203.47899316119208 1.4978101 1.6250955 3.938188 -0.75235367 1.89132 46.615948 1.6968915 1.2460045455774011 
Car -1 -1 0 383.6722206046071 186.27841013289583 416.7685401746767 211.92590368759255 1.4917433 1.622272 3.9982364 -13.3805275 2.3921669 46.286053 1.3951646 4.62887219000044 
Car -1 -1 0 607.5763707079452 183.69463091183542 688.6226151174 216.62346909502637 1.5373192 1.6087589 3.8115997 1.9251425 2.0890832 35.581562 0.18610044 0.6911402344703674 
Car -1 -1 0 723.4539842275979 177.63501969154146 798.1236264853247 207.97676054008426 1.5505393 1.6157589 3.7707868 8.219271 1.8246919 39.429787 0.84213597 0.7751346230506897 
Car -1 -1 0 211.5513676939958 177.65411228437154 361.46801978934576 269.37172178440215 1.5210519 1.6133507 3.86361 -6.1442027 1.628851 14.190425 1.4523059 0.42979487776756287 
Car -1 -1 0 359.3568461102603 178.30492607230033 440.16995585499114 231.4206273672258 1.5026275 1.6240215 3.9033334 -6.5225997 1.6900759 22.81708 1.5128272 0.9402706116402838 
Car -1 -1 0 441.7172839294865 180.7188025610629 483.1329901350707 208.9943474993915 1.5299302 1.6140485 3.7988605 -8.511196 2.0085473 42.005013 1.5772529 0.5598567682456604 
Car -1 -1 0 197.3209972319934 187.7656929951834 274.4401642485236 227.16258595863678 1.5359397 1.6280303 3.9706876 -16.324081 2.2340896 31.731758 1.4817069 0.40550941228866577 
Car -1 -1 0 656.7487251927066 179.52528635990137 731.9970389902711 230.58519235634063 1.509505 1.6030545 3.7716293 2.7075338 1.7479653 23.818666 1.4437159 0.6114489195647329 
Car -1 -1 0 852.8116053225683 152.6965593480482 982.2143335033094 207.48645746265797 1.5980127 1.6285975 3.6839948 9.719781 1.0100968 23.058468 1.1550679 0.5328415969954718 
Car -1 -1 0 872.1559600661159 140.23924218942415 954.7688878820893 166.79864300206026 1.4745494 1.6175796 4.050589 17.351818 -0.35377157 41.301163 -0.021997632 0.2698376774787903 

