Car -1 -1 0 723.0613355683154 187.90967542119176 966.7228952074937 276.9803956913935 1.522538 1.6441857 4.047941 4.3223386 1.8263757 13.608541 -0.065485716 95.34436646698148 
Car -1 -1 0 109.06955617087908 185.99881228808027 350.283160372211 268.34595365995483 1.5354279 1.6426103 4.0251427 -7.575154 1.819932 14.68413 -0.056025688 65.86381565060036 
Car -1 -1 0 451.2355541592622 183.81767637389763 488.61521740236526 205.9890605521848 1.4782265 1.6145363 3.8750534 -10.149393 2.3041708 52.265812 1.088671 12.10304101155122 
Car -1 -1 0 266.5910629845694 179.68351616075125 359.19675005265253 246.19934519027484 1.5724843 1.640088 3.9653766 -7.923582 1.7779787 19.600706 1.3615835 5.015054920437058 
Car -1 -1 0 698.8781263052886 187.53374905508943 895.2191568203564 262.6063327367749 1.5400615 1.6293217 3.913572 4.035225 1.8813624 15.950132 -0.0055286433 11.058416302645988 
Car -1 -1 0 976.7991223032828 188.89370852268019 1040.4660161578195 213.12995161287733 1.4797757 1.6134921 3.8943326 26.953388 2.6122537 48.871037 1.3599312 2.654262916882567 
Car -1 -1 0 262.1323262953077 185.32005290304514 408.02522351268124 237.44242593996955 1.524482 1.6304046 4.0444846 -8.539404 1.9365581 22.742481 -0.15017493 1.7685077439984662 
Car -1 -1 0 1046.482252661306 190.28255837379012 1090.8436290514794 227.2190821951202 1.486937 1.6177456 3.8356893 21.043707 2.3338184 33.01765 2.1623526 0.7752450430910254 
Car -1 -1 0 294.88879028917444 168.43555097946057 403.5532225278637 210.0520514585622 1.5765064 1.6232703 3.87885 -10.211958 1.4091276 28.55859 -0.225933 2.3385060901094823 

