Car -1 -1 0 165.1803150155539 196.78803836908475 391.6796135044795 335.7224356607271 1.4923333 1.6197616 3.9099393 -4.4716506 1.9040661 10.423925 1.5269974 120.40103034797981 
Car -1 -1 0 690.847256244545 180.1573148955915 776.1057121038502 248.2222400371177 1.5156523 1.6160653 3.8185878 3.0479765 1.7215519 18.411663 1.5977643 56.9163057454782 
Car -1 -1 0 338.5046178195601 187.86319844485342 461.1676041732651 274.26957126298686 1.5750977 1.6270628 3.8465247 -4.4174466 1.9433554 15.764797 1.5516622 86.90223287268003 
Car -1 -1 0 745.942520184274 179.91529526359798 957.0998761186879 320.5230034394567 1.5058188 1.6066082 3.6176555 2.9976194 1.6187631 9.725227 1.5622143 81.5812796239483 
Car -1 -1 0 416.1504515934851 185.64994966127304 512.6345465545044 246.0931267301884 1.5364337 1.6239471 3.9615307 -4.1565666 1.950444 21.280304 1.692881 24.18081589907278 
Car -1 -1 0 673.9163705986178 182.19682796715037 736.1661835808982 233.18283263089276 1.5287347 1.6137141 3.80671 3.1257448 1.8673644 24.242947 1.5779973 6.223664367936915 
Car -1 -1 0 582.5025822681963 183.5965408053629 605.5420781782609 199.60399710837598 1.5016913 1.6209996 3.9619455 -1.592027 2.6141977 72.61841 1.3653442 2.754346262179888 
Car -1 -1 0 630.9074085244218 143.3579625247196 673.2753205034388 180.18263674554476 1.5324786 1.6243771 3.9188247 1.8284 0.304985 31.991476 1.564738 0.7397602410299811 
Car -1 -1 0 618.6644773572132 179.95227031748198 650.8074136636101 201.10815378051166 1.4781219 1.6045177 3.9347343 1.8402528 2.0286746 53.885345 1.3929654 0.2814818024635315 
Car -1 -1 0 476.4695786868836 147.15480047259388 503.4912622119292 169.57997881663596 1.4783285 1.6204768 4.0859857 -8.296581 -0.23784775 50.300648 1.4655178 0.5321034928048467 
Car -1 -1 0 643.2646219357827 183.40019491196577 685.7632559648763 221.49398968848945 1.5319943 1.6259828 3.8769193 2.3830214 2.0287497 32.04072 1.5798507 0.26585644483566284 

