Car -1 -1 0 193.7892321173287 184.87390696435833 409.7045209003375 313.386557488051 1.5613062 1.6262726 3.8423269 -4.432545 1.7777435 11.059953 1.5849333 106.85403258860673 
Car -1 -1 0 790.9795807652976 182.55469556952227 1224.7291099707904 375.0 1.5045813 1.6117272 3.622101 2.731679 1.6089568 5.9409714 1.5852132 67.27842078815787 
Car -1 -1 0 430.54880211184786 181.4835241673928 498.37000770476993 231.38321005647475 1.5524734 1.6299517 3.9381835 -4.9577336 1.8765765 25.116625 1.5539763 45.67409647633208 
Car -1 -1 0 665.4705059000969 175.97805077183745 737.8786245891152 232.55720000252427 1.5340873 1.6177589 3.8211088 2.6756864 1.6363958 21.702974 1.5506561 45.49614878038957 
Car -1 -1 0 493.9843417334584 180.42893812830673 543.949396323674 210.40638432016067 1.554426 1.6310096 3.9308124 -5.0305967 2.0020885 40.55491 1.7664409 2.9260324934451805 
Car -1 -1 0 534.6077004469298 180.65946099411485 556.0485270306183 199.78226053820296 1.4811038 1.6147038 3.974315 -5.272315 2.147375 59.564377 1.5196232 1.249097486068327 
Car -1 -1 0 609.6880755306256 175.6275396215789 630.633469537456 194.0852652173016 1.5456626 1.6232301 3.9043746 0.89778525 1.7954473 62.99971 1.5322719 1.8203513456833247 
Car -1 -1 0 709.5938232333118 169.88027211482748 759.5819899197215 209.43647849668238 1.5521502 1.6186684 3.8718636 5.179917 1.4354637 30.288157 1.6231904 1.2640678762415132 
Car -1 -1 0 684.8468947533053 164.1055026769864 751.1484644221439 187.50664401221098 1.4688383 1.6134615 3.9746113 6.899859 0.9197141 46.143074 -0.023768326 1.1847401844422019 
Car -1 -1 0 632.8316142498694 175.10838844253178 656.2831804801833 193.75153871628459 1.535864 1.6079944 3.6774035 3.0276952 1.7351978 61.8553 1.731017 0.9447122019076211 

