Car -1 -1 0 481.04267407338193 173.06639658362803 552.4485299738808 211.68581528471086 1.5277448 1.6235224 3.9445567 -3.4724963 1.1936371 30.536083 1.8494316 17.505257472227072 
Car -1 -1 0 581.2677588190973 171.02407699502749 613.8839076349441 199.39056717153235 1.492487 1.616991 3.8474913 -0.1128943 0.9406599 39.75331 1.6162763 10.607248369743438 
Car -1 -1 0 325.5053915638214 179.88714971853247 394.7301836245833 209.0419746939051 1.4615707 1.6094766 3.9392014 -12.667425 1.3801044 38.118107 1.8192095 6.88356024592654 
Car -1 -1 0 0.0 172.1017303116607 99.07822076665845 209.40939110943614 1.5500221 1.6398205 4.060321 -24.586517 1.1590449 31.597515 -0.5444156 1.6111816021733192 
Car -1 -1 0 762.8782187397155 155.2338898312269 806.7552784022062 187.83896307502286 1.4822273 1.5930738 3.7668996 8.8294935 0.28761446 34.6246 1.697618 0.4887075126171112 
Car -1 -1 0 737.5039685820273 48.94547232604339 1025.7210058107635 330.17236595881366 1.5658152 1.6352907 4.0631003 2.6758785 0.8277101 6.1610537 2.1146877 0.4006853401660919 
Car -1 -1 0 613.5077656656637 170.0752498721209 642.0981273263325 194.77825465541716 1.5094256 1.617218 3.9400022 1.7903237 0.8105942 45.928276 1.6627169 0.2954363524913788 
Car -1 -1 0 561.9628005750016 168.79265235738075 590.313562356511 189.1708781902593 1.6186589 1.6402826 3.9220936 -1.960053 0.6083344 59.11991 1.7215505 0.9988891159508202 
Car -1 -1 0 297.844603871336 195.16429514379678 343.09098392749036 226.7679844230097 1.5147686 1.6214216 3.9059644 -14.859861 2.282165 38.301292 1.3661454 0.27834179997444153 
Car -1 -1 0 722.0475475643444 155.42380638129697 744.3669360683563 174.23218103890787 1.5414473 1.6131388 3.9044921 11.598194 -0.6555147 62.586784 1.8315613 0.27413052320480347 
Car -1 -1 0 841.8606561159181 129.18619478717036 938.0900037465816 183.97942165918965 1.6562455 1.6509538 3.9773834 9.428071 0.074576974 23.720343 1.5937182 0.2636471688747406 

