Car -1 -1 0 391.8426085115231 181.15155855317317 510.5961434148127 263.91486078145874 1.5315855 1.6240966 3.9272237 -3.2940273 1.7354114 15.737564 1.6002936 108.19284304926111 
Car -1 -1 0 727.1439464816866 177.64485449300506 846.6816330716125 259.85578220092606 1.4982263 1.6163296 3.7958272 3.5966399 1.6122706 15.273537 1.5763645 60.38350058946029 
Car -1 -1 0 454.17808870654244 177.75811330903596 529.9686545211883 238.9910063532953 1.5535731 1.621711 3.8354247 -3.244959 1.7064346 20.553576 1.5465435 22.865450672232623 
Car -1 -1 0 0.0 181.26164459805057 377.7701149412542 375.0 1.5456609 1.6253616 3.9227982 -3.43078 1.6432104 6.3822136 1.5347406 92.5721023618435 
Car -1 -1 0 687.7640803926573 171.0483482303267 771.5655096601589 230.8314350327771 1.5970087 1.6312016 3.8868465 3.4285963 1.5487735 21.259142 1.5170578 28.61805952545843 
Car -1 -1 0 987.9139045623104 141.90890100975463 1242.0 260.7642094672026 1.6308315 1.6970029 4.0641317 8.184565 1.2062291 10.951212 -0.101939015 1.4115562934609986 
Car -1 -1 0 491.872991264465 178.42122359446338 542.2870120979725 221.40731377235582 1.5103214 1.613031 3.8462121 -3.496678 1.7400336 27.814978 1.5266793 0.9920948179688454 
Car -1 -1 0 464.08281757882656 164.30879135774285 491.08480155713534 181.37952700925746 1.4966747 1.6229583 3.881863 -11.894461 0.7474742 65.22544 1.6012095 0.3099339008331299 
Car -1 -1 0 516.5807435082974 177.7956622689699 553.4076917898814 202.1924456027437 1.5072348 1.6051465 3.7923617 -4.9440565 1.8463576 47.462154 1.2431715 0.2768586277961731 

