Car -1 -1 0 361.040368525758 176.46283708916675 414.4515071574997 216.54525057505126 1.5582421 1.6188314 3.9370315 -8.802042 1.361943 29.994133 1.4192066 0.9615230299205559 
Car -1 -1 0 518.6504462352594 172.229407451378 553.1449985607511 197.63496461014395 1.5406322 1.6138902 3.7993226 -4.0414267 0.97770894 45.50845 1.63497 1.6346090644289242 
Car -1 -1 0 386.5613771963274 177.46488885596403 444.09389303363895 221.93266967948514 1.5147042 1.6203666 3.94941 -6.7536087 1.3768406 26.536217 1.4323903 0.5640816688537598 
Car -1 -1 0 341.4565027932764 151.24805128631647 415.355592002556 181.51988600031993 1.5851204 1.6195937 3.9293532 -12.207204 0.00040209293 39.731705 2.0453057 0.5750443454258013 
Car -1 -1 0 380.919102235036 183.10626296968437 432.14934499598064 210.49753208841219 1.518991 1.609825 3.8183517 -11.284333 1.6167201 42.05336 1.6818928 0.8420080951137084 
Car -1 -1 0 492.8066236753854 172.28014945252545 570.5542398023753 240.05902069469954 1.5328729 1.6166945 3.8528163 -1.6340731 1.3240826 18.176025 1.5659438 0.335693895816803 
Car -1 -1 0 51.26335318262547 182.1245978291249 199.3183466487498 275.2303850462555 1.4809736 1.6200103 3.9321566 -8.762815 1.4943639 13.580452 1.1767778 0.3255453109741211 
Car -1 -1 0 583.5185811889274 167.47161150081766 817.6387018649385 263.4844333476185 1.5750014 1.6365927 3.9892895 1.842906 1.3446784 13.265534 -0.36852938 0.2957417666912079 
Car -1 -1 0 375.32592856581573 179.32564909888066 438.8167287085282 233.12615475039198 1.4880058 1.6103892 3.8836606 -5.8103 1.4275303 21.928486 1.376179 0.28994449973106384 

