Car -1 -1 0 9.054614038173074 185.00515859342184 251.08606509187186 293.40037850334875 1.5304902 1.619719 3.7781563 -7.682109 1.5275174 12.0582695 1.546289 90.80521337544783 
Car -1 -1 0 584.1965485402193 177.79599469491131 619.4657216542054 210.79744505878415 1.5025709 1.6061085 3.5295212 -0.25883716 1.1647484 34.501286 1.5623912 22.07625607568136 
Car -1 -1 0 83.53196763925122 181.81437240287366 240.55598024073697 247.62499184171074 1.5103737 1.6135255 3.9136286 -11.215106 1.4323123 18.456297 1.5689096 13.603260154381758 
Car -1 -1 0 413.6822533748886 169.09090622367464 531.6431681825276 275.14972804937526 1.661176 1.6309577 3.9035666 -2.316358 1.4086169 13.250232 1.5196127 2.5929562144016614 
Car -1 -1 0 621.7858947221899 179.4739926454511 675.2203498256233 222.49885140799427 1.4828519 1.6202133 3.8904483 1.4661672 1.284964 26.750307 1.5323391 0.6327921152114868 
Car -1 -1 0 258.36806134034816 175.97364503733309 451.9132813709278 303.63544347119966 1.5651455 1.6250563 3.8516555 -3.5102458 1.4518371 10.757895 1.5469502 3.684908085140663 
Car -1 -1 0 478.0932309107531 176.27937717007507 540.0440949095602 222.6803568770578 1.5446149 1.6195712 3.8896494 -3.4512453 1.247139 25.891884 1.5929801 1.108444301222841 
Car -1 -1 0 518.6703498943635 182.1003592334065 565.7078821469645 218.59407985753805 1.5225799 1.6203011 3.9492407 -2.8290288 1.3926027 31.99046 1.6015093 0.5783287286758423 
Car -1 -1 0 173.39215278424422 148.3142879747155 216.4670285810251 167.0125448025759 1.6060034 1.6329023 3.969777 -38.771156 -1.7657151 67.70599 1.6210637 0.3130878508090973 
Car -1 -1 0 621.3157456953596 178.05145356339784 690.4808758251811 233.84799348794797 1.521754 1.6271188 3.9048622 1.371352 1.3263617 21.595991 1.5210959 0.5025881886669128 
Car -1 -1 0 804.2274885972314 149.69881270412566 1242.0 344.0846864619114 1.543659 1.6221112 3.9175217 4.075794 1.2616119 6.863854 -0.18373057 0.30079570412635803 

