Car -1 -1 0 69.2828529494812 179.9630346576271 246.29796898433827 264.5977912348857 1.6068139 1.6358544 3.8754785 -9.778097 1.7839353 16.003613 1.524537 46.6272738465093 
Car -1 -1 0 515.5206242075429 176.13777258403826 556.8736559071463 212.5422421756068 1.589613 1.6431558 4.1068783 -3.3930764 1.7536032 33.957047 1.5419319 14.005629000668131 
Car -1 -1 0 404.2596782845004 182.45370274794388 442.68272906232875 211.42152807638448 1.5423131 1.6250635 3.9041014 -10.724532 2.1253645 41.792927 1.4586856 5.230837777531303 
Car -1 -1 0 575.019425114608 175.247730260103 608.2237596108797 200.00158577964726 1.5202665 1.6261612 3.9304702 -1.119485 1.6821544 46.75326 1.6837994 3.630278037075085 
Car -1 -1 0 614.748814272086 179.70638798635878 646.5164960604478 206.11870590878377 1.5223224 1.6147771 3.8536506 1.2609388 1.9644868 44.585003 1.5079517 0.8045589375365388 
Car -1 -1 0 791.2636430806905 151.97490368435638 883.6587649832597 190.42665245863486 1.5473596 1.6238539 3.9156682 9.746669 0.70715135 31.15484 1.1559525 1.1912353480773212 
Car -1 -1 0 324.3307771937242 177.00512623964627 421.877270143979 233.94259789079535 1.5295072 1.6194489 3.9611754 -6.9627447 1.6654983 21.654694 1.5737108 0.7317384248061768 
Car -1 -1 0 615.5178444048881 193.58694876607868 676.9700637819184 236.7434429974208 1.5108438 1.6232667 3.9584498 1.416476 2.4148326 29.366087 1.3873179 0.5951907644947277 
Car -1 -1 0 666.1319845360048 183.14626140917218 712.1337079637907 219.286104489427 1.5001554 1.6148419 3.9093478 3.5817726 1.9995017 33.03907 1.5545268 0.3674145042896271 
Car -1 -1 0 361.2917179310793 184.63755932548636 390.533074758158 207.50162250588437 1.4923773 1.6021037 3.9151905 -16.578321 2.3646271 51.32678 1.3560171 0.28651610016822815 
Car -1 -1 0 311.3453799655215 173.63450705765393 413.6085714769638 243.41522500367583 1.5049076 1.6061894 3.842864 -5.888628 1.5261273 17.61117 1.4477865 0.2673838436603546 
Car -1 -1 0 132.69045364114595 173.0008513141352 315.72673372041083 265.2006535893393 1.5547738 1.6330976 3.8894992 -7.305954 1.5580554 14.148912 1.531587 0.252539724111557 

