Car -1 -1 0 781.7241979836514 137.40795259951832 853.2906654607383 204.4621150582255 1.5904942 1.6250325 3.8695848 5.860325 0.54436135 19.134237 1.9165338 2.0656145690540617 
Car -1 -1 0 0.0 197.1878005230729 275.14985368612207 375.0 1.5297525 1.6216376 3.9023612 -4.757355 1.7423773 7.659087 1.3413465 3.6928223409731955 
Car -1 -1 0 503.2393523435007 171.67927599858558 682.9867840277115 244.95718107433788 1.5306685 1.608564 3.8082328 -0.21342266 1.3252729 16.18354 -0.20706677 0.4105011522769928 
Car -1 -1 0 148.70406363371507 218.5223702652523 299.63822298214683 347.8062694010948 1.6069882 1.6320205 3.894464 -6.187637 2.3457947 12.236322 1.2612127 0.6083073548107506 
Car -1 -1 0 582.3629516401451 172.59621044356504 703.9909320255201 237.05385308169915 1.5328072 1.6230934 3.8809247 1.0213333 1.3207842 19.184542 1.146286 1.9340394382047357 
Car -1 -1 0 0.0 195.34835345071318 300.4651183290775 344.7650403084559 1.5275939 1.6152996 3.841454 -5.868705 1.7198975 8.775835 0.22041512 0.3951867481680819 
Car -1 -1 0 543.8379825873308 168.61276981444024 661.5542902080065 217.88999338710747 1.6347395 1.6534806 3.9045925 0.12667418 1.2068092 24.900173 0.1283768 0.5395616888999939 
Car -1 -1 0 683.6420397759221 159.28375118923518 1034.1864652347479 350.98821981002055 1.5635066 1.6196008 3.893142 2.4720736 1.3822154 7.9592323 1.26191 0.6075797150975558 
Car -1 -1 0 951.10243038273 143.77285665294906 1242.0 289.77055187351857 1.5709558 1.6545242 4.054328 6.6660624 1.164875 8.717117 -0.080570154 0.26973503828048706 

