Car -1 -1 0 444.970869682333 174.99283936591814 537.2034898377913 245.96323347058933 1.510114 1.6244006 3.9340596 -2.7385418 1.5676906 17.447777 1.5599154 98.22242181335497 
Car -1 -1 0 654.517128673651 169.21164209641054 706.6232533072767 212.95758543418967 1.5241897 1.6151896 3.7401073 2.5911171 1.3972831 27.016941 1.579776 31.546381402014823 
Car -1 -1 0 53.10764231662795 187.45035884519032 438.92262348957263 375.0 1.4997673 1.6119249 3.7819219 -2.7022727 1.6676483 6.3809595 1.5359964 80.83894930184441 
Car -1 -1 0 744.0631346722275 162.31211594931358 1011.2839403204564 337.34364132110886 1.5988691 1.6273602 3.732848 2.8159795 1.5025716 8.490316 1.5283772 66.1079194954803 
Car -1 -1 0 628.4341034702519 168.71407966235094 669.4030175390783 197.56310426671004 1.5138547 1.6198193 3.9139047 2.1240318 1.2966119 39.900574 1.454298 2.3510657684775746 
Car -1 -1 0 179.96006768296803 188.1930847203771 355.5118752933651 284.6362682544633 1.517035 1.6077589 3.931657 -6.374135 1.8560665 13.964195 1.5481008 0.7333944905880512 
Car -1 -1 0 547.4976215171446 170.52795268350516 581.4336242770784 196.98342297360068 1.5326123 1.6247807 3.9557662 -2.7853978 1.39786 43.889236 1.3954479 0.8952438831329346 
Car -1 -1 0 718.9008408086435 162.15908181573965 793.8987619244798 216.4371220339913 1.7028869 1.6376777 3.8454864 4.906227 1.3673508 24.590433 1.5316211 0.28829434514045715 
Car -1 -1 0 362.2627578227631 153.95130852239612 440.2812987999897 198.04392833915787 1.5030496 1.6142483 3.861462 -7.564588 0.8586858 26.559635 1.6136328 0.26590439677238464 

