Car -1 -1 0 0.0 196.46358405269004 347.50778511258943 375.0 1.4982175 1.619489 3.9381292 -3.9547086 1.6841867 6.965598 1.5705721 98.21568305281863 
Car -1 -1 0 361.4259565050857 175.66640594910626 430.9501431376895 218.9937586894986 1.5391338 1.6198434 3.811518 -7.7061143 1.3314712 27.434801 1.5565357 1.0278612225756385 
Car -1 -1 0 504.1965263539086 175.78829958829022 524.014468127561 192.16127029984963 1.5757668 1.6314962 3.8677127 -8.512726 1.0248867 71.09616 1.5345008 2.1433064275742444 
Car -1 -1 0 774.9876159515255 142.63913684041992 929.8424283562988 273.10127285452216 1.6818076 1.6545297 3.9157667 4.1299405 1.1806889 11.372027 2.0838566 0.3811374604701996 
Car -1 -1 0 637.1694903262646 184.42115663310602 800.5431013599807 340.4794023448572 1.5341771 1.6209371 3.8536458 1.3087647 1.5790834 9.112335 1.6379006 0.9756258788119822 
Car -1 -1 0 423.3485119712274 180.95602457526232 475.57486832633367 212.0616016688816 1.5193448 1.6265475 4.011685 -7.875698 1.4921782 37.24151 1.0901667 0.5420690365144394 
Car -1 -1 0 561.0688065974124 151.86878414064435 647.1946480235464 203.66593205591215 1.5424292 1.6282814 3.917458 0.026993543 0.6596995 23.507282 1.243312 0.48483472083671597 
Car -1 -1 0 284.3378208674623 183.20859066238575 378.6309106108228 240.10883616445636 1.5455192 1.6242318 3.851525 -7.9584045 1.601212 21.606195 1.502102 0.33321499824523926 
Car -1 -1 0 0.0 220.2390857977042 87.71979366707419 317.54866624617244 1.5203604 1.6139058 3.9087117 -11.852684 2.4403317 14.975195 1.0244374 0.5270906368642039 
Car -1 -1 0 647.7986189549225 167.77164019117544 701.1780325257513 210.35724388222482 1.5298027 1.6209779 3.8514977 2.7902894 1.0362003 27.739874 1.5590677 0.4908088329918129 
Car -1 -1 0 918.6192488297263 134.21672455022977 1242.0 317.854499629564 1.570197 1.6290134 3.9552495 5.3939757 1.1657964 8.162075 1.5150394 0.2895415723323822 
Car -1 -1 0 464.5553234354538 180.56846361435657 493.25171899598104 201.30243364591448 1.4931027 1.6211002 3.99566 -9.145084 1.4251415 53.876534 1.2741251 0.28816545009613037 
Car -1 -1 0 513.5800055963996 170.30254053858687 757.8181704173004 281.3262271446068 1.5072602 1.6153121 3.86277 0.44347644 1.3550775 11.677839 0.7716714 0.41040149331092834 

