Car -1 -1 0 326.57891981073396 177.87666245555394 393.24338025125905 207.87439844674884 1.5067693 1.6294727 3.9848728 -12.70085 1.324158 38.18965 1.7552927 10.00697410959422 
Car -1 -1 0 353.6636085569573 177.04540790562766 470.4001751666627 224.02545960795214 1.501591 1.6117527 3.8671832 -6.464191 1.3588217 25.023134 2.1388226 36.54154296124078 
Car -1 -1 0 557.7800505057197 172.49369480293953 592.9058549100527 198.58460048306245 1.5155203 1.6226002 3.8080316 -1.4795802 0.99166965 43.703568 1.6752806 5.581128900316222 
Car -1 -1 0 4.39452537071032 172.37863941661243 76.62722868736584 210.60349728796305 1.5960524 1.6467509 4.006603 -24.955729 1.2146866 32.158348 1.1483312 1.4600146713495505 
Car -1 -1 0 586.3541949291805 168.94931208867698 614.5234224058213 189.62156370980406 1.4809458 1.6308593 4.06964 0.04143092 0.5809487 53.578094 1.6894947 0.7789413550943095 
Car -1 -1 0 214.84230048598292 158.04529132599282 299.18572460523154 184.61220198400994 1.4798453 1.6264534 4.17758 -20.020348 0.1726777 41.968067 -0.6883235 0.7309509994112078 
Car -1 -1 0 892.5558085010832 133.39660187193545 988.683787318982 190.35120619999165 1.6030937 1.6230263 3.9603577 10.422027 0.24879014 22.29791 1.7204278 1.2317960969427404 
Car -1 -1 0 651.5371277015882 157.38379025128177 692.4418604434338 183.1561239603393 1.5714159 1.6383258 4.0259676 4.52358 0.10023451 45.91478 1.4149166 0.5071927309036255 
Car -1 -1 0 916.8680542533692 131.5495373628118 1037.0941332257123 180.3260707595701 1.6246022 1.6414434 3.9659622 13.567799 -0.046694994 26.153944 1.3188434 0.3825942277908325 
Car -1 -1 0 611.3700909310791 169.28307453192318 631.5562532258845 183.93205880562576 1.5105897 1.6144723 3.9935405 2.2606251 0.24953288 76.176285 1.7357829 0.3190508782863617 

