Car -1 -1 0 784.643266959978 187.46177891611006 1152.5814923058676 375.0 1.4917699 1.6069907 3.6790233 2.8726354 1.6650698 6.717016 1.5751277 67.77892539551301 
Car -1 -1 0 149.99094470610117 174.2887294036369 403.50640564515254 257.9114659885898 1.5177627 1.6445864 4.148367 -6.296587 1.5472393 13.974621 -0.013139822 27.338671733340142 
Car -1 -1 0 0.0 180.37251766155006 322.5318239992854 315.58322202698156 1.5054188 1.6311349 4.070224 -5.98402 1.6108823 9.132307 0.0867517 48.853066658843694 
Car -1 -1 0 23.335340035751976 172.2759335582519 327.48011525906924 273.37671453777625 1.5195956 1.6262007 3.971383 -6.878203 1.5109069 11.700923 0.02162522 23.591773019188274 
Car -1 -1 0 709.3012597430916 176.79647424578883 836.107185180379 222.14664115426757 1.511847 1.6251504 4.019763 5.6069045 1.6537285 25.086842 -0.03369757 19.13685191821765 
Car -1 -1 0 732.876333205045 176.69081933325128 881.6362301655954 227.88032312612856 1.5023952 1.6344695 4.112094 5.987249 1.6246659 22.148685 -0.013591702 13.208007413572897 
Car -1 -1 0 851.1241543675482 174.13048571706457 1153.0688183715367 276.28283720839744 1.544068 1.6496973 4.0386505 6.2512054 1.5666311 11.841499 0.043764576 49.071161121424424 
Car -1 -1 0 307.33155043256534 170.043644311589 459.3696036564944 225.10171965419852 1.5465629 1.6356258 3.9379802 -6.5281467 1.4676208 21.10377 -0.009262957 26.39332941810425 
Car -1 -1 0 330.59475952978124 161.58479938913553 466.700029183988 209.8013195167747 1.5266988 1.6355331 3.989795 -6.841974 1.1698775 23.673565 -0.0047482173 17.438280617826123 
Car -1 -1 0 635.0676666647238 172.37955807067493 675.4214021209986 202.07396205715526 1.5822655 1.6336706 3.9423864 2.5112553 1.5569847 40.49127 1.4687474 7.460129181085614 
Car -1 -1 0 763.1540849629919 177.3638524637983 946.999648761918 247.56361261060687 1.5201037 1.6232935 3.9329138 5.6363726 1.6339717 16.999325 0.2184916 14.023335236698921 
Car -1 -1 0 228.67756096679673 172.72100614609658 428.6435843856793 244.527436447899 1.5478402 1.6331741 3.9556737 -6.3480883 1.5449734 16.535688 0.08545305 11.098995936000632 
Car -1 -1 0 704.3027717754624 164.43392574398482 766.1301332789395 205.7954501333712 1.5105817 1.611815 3.7674327 4.8441353 1.2030685 28.269627 1.5258251 2.24021053073435 
Car -1 -1 0 455.2286379537312 170.72276497764702 537.5534284382529 200.26932675876287 1.4934707 1.613034 3.931757 -5.8603616 1.3857443 37.551933 0.14430663 2.9718945328023625 
Car -1 -1 0 767.9609674311881 171.91837451823818 919.3717603667656 230.94000258348402 1.5099845 1.6143005 3.8504238 6.4677315 1.4860477 19.93856 -0.39037955 0.517947896989991 
Car -1 -1 0 439.55761991566425 173.1720536790338 526.2146704464451 205.56424304586847 1.5265527 1.6276999 3.9212215 -6.0710263 1.5422994 34.872124 -0.019211672 0.7043075525635402 
Car -1 -1 0 449.63267915582514 165.651193775732 516.3612396316807 188.9772530000706 1.5378848 1.6553512 4.167882 -8.463253 1.0630043 48.453064 0.026281148 0.42874518036842346 
Car -1 -1 0 682.339878726362 150.99784221641457 701.1459118629184 167.96299554357563 1.4845265 1.6004406 3.7797248 7.516137 -0.4620378 66.21165 1.6537933 0.3366076946258545 
Car -1 -1 0 487.807398176115 167.91634104559841 552.8298042757518 191.28095218595251 1.5370864 1.6436808 4.104703 -5.9533944 1.2122526 48.395115 0.05197486 0.2566425969708005 

