Car -1 -1 0 438.7122022471773 182.24962820439654 581.2870331410921 257.8298411567189 1.5074053 1.6133813 3.8860521 -2.1998172 1.7563943 17.017418 1.9536917 88.3369878988004 
Car -1 -1 0 721.3819846603308 182.26158916623467 767.7933453463768 214.1422459556249 1.5060625 1.6257303 3.975294 7.0674467 2.023003 37.50063 1.9524119 20.330458943208058 
Car -1 -1 0 853.9609874915003 182.7846154429469 916.294256590587 241.65880414433204 1.5685164 1.6365795 4.0961742 8.499534 1.9040346 22.172585 1.9560106 29.461904514921997 
Car -1 -1 0 655.0777582684016 181.3356673734191 717.4761795455745 223.17183665540963 1.5269804 1.6176726 3.8566647 3.178373 1.895628 29.271757 1.9254322 38.20641052586649 
Car -1 -1 0 723.4402843254975 179.15903233627301 779.1729721517747 218.73618335850043 1.5249364 1.6206088 3.884862 6.0647383 1.8105123 30.576382 1.952595 1.0401712721306935 
Car -1 -1 0 1101.8433266183538 161.44637645220737 1221.1644111642659 221.38891246014228 1.5079776 1.5983593 3.6876593 15.253376 1.2209953 20.156946 1.9136547 0.36665454506874084 
Car -1 -1 0 517.5062917330546 174.14637876170735 647.8995759671907 249.58213668333386 1.513674 1.5995036 3.8292694 -0.48435616 1.5471654 16.623814 1.9466543 0.8867405287699038 
Car -1 -1 0 632.5700462273772 176.04956524163703 720.4131289766499 233.011892505148 1.5276649 1.6240802 3.86194 2.1025875 1.6329554 21.67986 1.9432997 0.36609214544296265 
Car -1 -1 0 351.3450908380216 166.77913602242853 567.3988075373095 283.23630478415384 1.6066618 1.6294285 3.8911402 -2.2885487 1.522852 12.063698 1.963211 0.2843492329120636 

