Car -1 -1 0 237.25492316945824 194.12521489811425 438.5682304439894 321.78620748596245 1.4972711 1.6171782 3.8417158 -3.8843594 1.8791053 11.027961 1.5749314 89.31630566839884 
Car -1 -1 0 656.8196307201267 181.75435748467555 712.671438870588 227.57934648708135 1.4865931 1.6040895 3.5676222 2.6293607 1.8280778 25.89315 1.5624075 38.80746338353164 
Car -1 -1 0 754.9502403120081 171.49296596111134 870.657621583532 211.0844296239057 1.5091184 1.6454598 4.0756207 7.9383574 1.4572394 28.39588 -0.034650475 20.082986922891784 
Car -1 -1 0 832.7879897466621 169.61936964361595 1016.208177284147 230.17152250635223 1.5319824 1.6602967 4.1296597 8.22925 1.4501455 19.099434 0.0068997173 48.602175836487156 
Car -1 -1 0 796.2914521649129 163.75529503210115 943.5606031731083 215.82623482761966 1.542427 1.629251 3.9590063 7.9373302 1.2729082 22.241922 0.027520714 24.55883134580129 
Car -1 -1 0 317.66341120924136 190.6485399806781 420.7037772135401 256.3114389110857 1.4895693 1.609872 3.9312737 -6.336279 2.0184407 19.447704 1.529602 9.193172948453702 
Car -1 -1 0 1013.9366978494852 154.96071577344668 1117.4497244198908 188.4533986983998 1.5682837 1.6370174 3.9106123 21.862259 0.73043644 34.684956 0.041639246 3.5011815900959546 
Car -1 -1 0 408.0200550967994 189.0411935252527 473.61676835752905 235.28565787116358 1.5269172 1.6231527 3.9708016 -6.2765465 2.1826677 27.227722 1.5496683 13.327355162413651 
Car -1 -1 0 1066.0232410907042 150.46515256615507 1180.7749797224997 185.78275154283642 1.4967527 1.6158413 3.9835851 22.414877 0.5479177 31.546848 -0.08193484 1.7165647307112817 
Car -1 -1 0 982.1448880436526 157.8440158999163 1075.8009061557093 188.1790874403622 1.5540336 1.6318675 3.9384289 21.995443 0.7850878 37.949966 0.08826895 2.570467835817578 
Car -1 -1 0 727.395034360164 177.12320662857107 804.5791350836683 223.93680981315686 1.5002921 1.6049979 3.809906 5.4197903 1.6625177 25.450289 1.4838371 0.6991951323377784 
Car -1 -1 0 423.1427767533252 188.01993504177725 490.2738604924214 228.85488686900425 1.5453082 1.6272393 4.0197663 -6.4669886 2.239668 30.945892 1.6843286 0.5144203022515175 
Car -1 -1 0 610.8017130336765 184.41893139146964 663.1661835863642 230.67306401760558 1.5233059 1.6010013 3.7430437 1.0784831 1.9826877 26.701668 1.7003198 0.40593659962628287 
Car -1 -1 0 475.71565994920206 185.18714373954413 515.5794446018308 213.6433515016899 1.4977257 1.6085551 3.8579254 -6.516455 2.2422457 41.61064 1.5935156 0.6103534001862104 
Car -1 -1 0 455.86924401988955 174.9790762257869 489.52177000066604 193.53022679119988 1.5906818 1.6168878 3.862655 -12.17359 1.7863735 64.39167 1.7688215 0.2856530249118805 

