Car -1 -1 0 561.7490999384681 175.32059234177586 627.0979609341623 237.68958997186533 1.5407312 1.6153277 3.5253403 -0.3447824 1.2962877 19.534279 1.5539383 45.5884618591423 
Car -1 -1 0 484.3748247833427 177.77694024352212 541.5284333199877 223.65522615970355 1.5375669 1.6195761 3.915535 -3.3384209 1.288264 26.062504 1.554464 7.794452505761821 
Car -1 -1 0 505.3371675235258 175.23865945469825 551.046741574668 210.68434626574182 1.5211046 1.614705 3.8423185 -3.5417411 1.0929532 32.78023 1.5837809 2.1970609787893394 
Car -1 -1 0 0.0 187.66763691139298 422.432147115537 375.0 1.5241997 1.6163526 3.8925276 -2.766104 1.5512598 5.9554224 1.5294574 5.379346146320545 
Car -1 -1 0 410.3232549408614 181.20388047875068 513.8435138598782 260.1997725993468 1.5575517 1.6264207 3.9526172 -3.120418 1.4784513 16.170496 1.5446341 2.0296378929163352 
Car -1 -1 0 620.5210771654135 190.59035825886136 674.1029037540515 241.10065427023306 1.5015473 1.6235607 3.8761103 1.2531387 1.6936376 23.7387 1.5898929 0.45621819866917274 
Car -1 -1 0 539.072147274788 157.08721253181173 560.4230406688846 174.35875222130755 1.5164058 1.6230857 3.9942358 -5.376863 -1.052145 67.65326 1.5882394 0.6584955438365253 
Car -1 -1 0 297.6923846015426 179.54291858636634 485.78243020252825 316.3557602039982 1.5628471 1.6332821 3.9213398 -2.797575 1.4980456 10.203302 1.5309688 1.2860017406848196 
Car -1 -1 0 353.4071685317806 186.00735925042986 550.8800036294984 358.91668631957253 1.533022 1.6098673 3.9054058 -1.5340691 1.5444324 8.376294 1.528891 0.5859793543089423 
Car -1 -1 0 572.7910344465455 176.09907823855167 660.0452626291718 218.63197694925023 1.5165929 1.6153842 3.905501 0.27697623 1.1915221 27.72919 1.0546677 0.26204702258110046 

