Car -1 -1 0 326.8121684375089 179.68385834384688 396.57483789473986 208.91397331855532 1.4654374 1.6090219 3.9712846 -12.589526 1.373774 38.13807 1.8269769 6.77577950519908 
Car -1 -1 0 520.2757260263694 172.49032512270313 568.7718553045323 205.6708359870659 1.5274384 1.6321445 4.0925207 -2.6712682 1.1121233 35.19176 1.6813039 7.4862712044964645 
Car -1 -1 0 0.0 173.05432605789002 103.73419867277023 209.86621449541715 1.5470054 1.6213056 3.9445224 -24.510132 1.1915662 31.895487 -0.53875977 1.6161617513886997 
Car -1 -1 0 562.4141801239375 168.51303414644852 590.8037755243769 188.13687610548635 1.5584328 1.6287426 3.8484035 -1.9206734 0.5260999 59.075645 1.7297896 1.179892597852008 
Car -1 -1 0 651.9890196164365 152.10599389305423 690.9584912845299 178.13593560744752 1.5691025 1.621564 3.6742904 4.480339 -0.22408962 45.740692 1.4228563 0.8383734100822243 
Car -1 -1 0 906.416310619028 133.6123443758067 998.403240193356 184.13380800344507 1.6090491 1.6343923 3.8137157 12.054657 0.0834949 24.857393 1.6713628 0.309447318315506 
Car -1 -1 0 616.7268145773132 170.37730276472672 643.2256772381947 195.10742177935987 1.5099807 1.6177566 3.9441597 1.8829036 0.8301016 45.862026 1.6091688 0.29575151205062866 
Car -1 -1 0 198.3770334470227 181.46659902310418 270.2934907385905 212.66802443277695 1.4783231 1.5967189 3.900545 -18.281399 1.4761622 35.82598 0.6274596 0.27258825302124023 
Car -1 -1 0 845.7893650953291 127.53506489505556 936.5623615228303 182.48454406566177 1.6546444 1.6453706 3.9895449 9.45741 0.029279113 23.683157 1.6484433 0.2549856901168823 

