Car -1 -1 0 325.1833492945935 176.25321821048465 616.8078102104661 369.13227723920926 1.5505761 1.5924914 3.6883268 -1.2002993 1.5970361 7.866372 1.8636656 130.95458399005136 
Car -1 -1 0 601.8996110977455 177.88301709351455 719.4582172361204 263.50514145462193 1.4474711 1.5613837 3.6564972 1.1445065 1.5616605 14.40668 1.8676354 140.66085394920117 
Car -1 -1 0 942.5002905842717 197.2832620185187 1242.0 375.0 1.4623796 1.4852028 3.0774255 3.8956137 1.7289364 6.1847625 1.8660264 75.57809330842554 
Car -1 -1 0 886.1286693692889 178.8296775324344 955.5327416665164 244.20832838963634 1.6429846 1.6322868 3.1332603 8.632649 1.8248503 20.206242 1.9287997 56.2516715902754 
Car -1 -1 0 740.9665525146407 168.38123216677775 786.4650991237238 208.1086430119795 1.7109256 1.6974444 4.0584726 7.159983 1.5182984 33.263493 1.8702238 29.835149962328984 
Car -1 -1 0 860.8448884693074 173.21976948396315 887.3626563248819 195.2412826316371 1.6160502 1.6608992 4.1134653 20.20967 1.6451683 55.23201 1.8619065 9.565081378507125 
Car -1 -1 0 879.5631451275965 181.76522716394993 933.3831735086176 230.63019591940062 1.481108 1.5771459 3.5310936 10.034268 1.8076105 24.50555 1.9406601 5.046199820118063 
Car -1 -1 0 771.142366155989 174.16454308087177 800.2738021396453 202.24817314551885 1.4982513 1.524907 3.7232137 9.958082 1.5757499 40.673958 1.8270801 6.329874820863406 
Car -1 -1 0 591.4350008251981 168.3435909827497 702.7548098178662 208.8236902262516 1.5207713 1.6169448 4.11645 1.4941263 1.3513224 28.498428 0.3062817 10.565225571743017 

