Car -1 -1 0 675.3873660835858 181.75440418280223 740.9858692936552 228.3241001147262 1.4283806 1.5652008 3.4984412 3.2866511 1.7540656 24.609488 1.5105778 65.20631350047034 
Car -1 -1 0 744.3403365156794 175.92940212779348 924.7199587689526 302.4246721257983 1.6049154 1.627445 3.7225132 3.2307775 1.6602107 11.1091795 1.5741754 122.8280967457238 
Car -1 -1 0 829.7716506429086 186.35207443576428 1242.0 375.0 1.5218515 1.5889364 3.5410986 3.1803808 1.6688356 6.0811152 1.5775852 89.2080093707099 
Car -1 -1 0 0.0 185.58914514002007 304.4815312237744 308.04425230588953 1.4152985 1.638035 4.3369064 -6.5315123 1.5998552 9.497611 -0.06534205 126.4838182654612 
Car -1 -1 0 173.33295888091178 179.62538688268205 400.6361227760061 257.5728978459608 1.5131128 1.662789 4.0038686 -6.595688 1.6631061 15.073621 -0.039195895 69.24839420785368 
Car -1 -1 0 729.0226595441467 180.76067922323338 825.6752977385028 214.45968230655265 1.4296944 1.5951817 3.9326 7.3590755 1.7888317 31.898075 0.04002785 20.755058629242164 
Car -1 -1 0 307.3213671406865 174.988453940682 463.9993579936327 237.5343859157963 1.6263826 1.6264282 3.7585254 -6.0218296 1.6871169 19.675684 0.022433013 24.661170075800126 
Car -1 -1 0 377.5722849459947 171.59860331593802 505.0887557438688 225.05775452926252 1.749684 1.6353619 3.924179 -5.652586 1.7085955 24.520325 0.04486336 26.442804589129533 
Car -1 -1 0 400.1129683276489 171.46082395578654 510.1118024079379 215.01859314797954 1.7095847 1.6840719 4.2095323 -6.2048135 1.6549042 29.356754 -0.09473395 7.310166131688744 
Car -1 -1 0 719.1041739478885 174.71985688672495 807.5434577282127 210.20920590543926 1.6409487 1.6571606 3.957046 7.2832317 1.7326427 34.462845 0.08619501 6.151265204458072 
Car -1 -1 0 257.76793590220683 181.13580013213317 456.234162706615 247.33321677353146 1.4684526 1.6200331 4.177722 -5.884349 1.6764274 17.180153 -0.062697135 8.26528461467066 
Car -1 -1 0 484.53301452444026 175.0456049822582 551.6325140765961 200.01758734176292 1.6338187 1.6786821 4.2697144 -6.0711303 1.7827604 48.195374 -0.0005290848 4.82179799321726 
Car -1 -1 0 343.6529663310263 181.66188813248482 492.8746717304987 232.20248292630993 1.4708498 1.6018271 4.1463056 -5.8023176 1.7521033 22.170805 0.033232782 8.050841471777 

