Car -1 -1 0 363.40926677889536 191.8801169030839 448.77375286502354 246.66950149026377 1.4700496 1.5331 3.5318727 -6.2143793 2.1080756 22.4012 1.6105561 78.88369232336132 
Car -1 -1 0 659.1198194088953 175.3435913844491 721.5247348314599 224.08764805521105 1.6054671 1.6394272 3.8762314 2.8215597 1.7017859 25.941032 1.5240461 71.53716853845471 
Car -1 -1 0 463.7898053711845 182.92506118985824 509.35983798653814 217.72345364054704 1.5854391 1.6444882 4.204621 -6.106185 2.1204958 36.216644 1.5520875 32.40807733346742 
Car -1 -1 0 413.96023719998516 189.6817111935344 481.46885993229864 232.74368113561536 1.4534249 1.5964721 3.8776507 -6.160532 2.1491623 27.862217 1.611331 48.45103083670218 
Car -1 -1 0 0.0 204.7507085889882 96.1555082343907 246.72222542913616 1.4626786 1.6058726 3.7658195 -23.41188 2.8710365 29.95129 1.5392748 21.077727738161848 
Car -1 -1 0 40.47702531053817 201.61535305192513 145.23469052781485 246.1665318530351 1.5390577 1.5959232 3.6761632 -20.733463 2.7738671 29.13899 1.5716326 30.775321927835492 
Car -1 -1 0 532.0892579353816 182.04362578857047 556.6579524339702 198.76613239712123 1.4860559 1.5958954 4.0251637 -6.154709 2.384849 68.488815 1.6693985 2.095361670936347 
Car -1 -1 0 627.5716948435927 175.14805072725366 645.5483986739921 189.58615090158403 1.4515134 1.6220133 3.7165914 2.784426 1.6960077 75.018265 1.5410525 2.4061599662156934 
Car -1 -1 0 109.19315132548921 201.67715214156476 203.706790275605 244.3396328290075 1.4522448 1.6225497 3.8562202 -18.220467 2.6987104 29.221228 1.4981823 2.043084728940084 
Car -1 -1 0 513.2599503001995 181.31363284661745 535.4986226856475 203.30984260154798 1.4859226 1.5440238 4.2945147 -6.182612 2.1293 52.660362 1.4691293 0.5757714017104055 

