Car -1 -1 0 698.0032687196652 181.0375792306072 846.1685633463827 279.56703495959016 1.4736049 1.6339049 4.2666445 2.782578 1.6490972 13.311657 1.5348234 92.85730001770895 
Car -1 -1 0 673.0689008536414 177.92490681270084 738.9660062586636 224.80618620173252 1.4068565 1.5562917 4.0169954 3.1340845 1.5906523 24.122019 1.5417513 50.01601152110027 
Car -1 -1 0 259.6212310779916 185.9160681882508 460.42333257483426 250.86636908138402 1.429165 1.6202393 4.2162056 -5.8412786 1.7566909 17.169962 0.053794652 97.4919884307439 
Car -1 -1 0 46.46182725628093 180.3542428097653 341.8727064346879 291.4989185598594 1.6034911 1.6155387 3.8946948 -6.5304937 1.7341058 11.555671 0.10624722 55.38202533600397 
Car -1 -1 0 0.0 189.91393372815097 278.1935058929899 322.7441767454193 1.4871134 1.6042132 3.859167 -6.484052 1.7222582 9.117926 0.013123849 56.27067213497914 
Car -1 -1 0 293.27997201923796 179.77427658309304 456.46852369870425 238.62159217615363 1.5340173 1.6210439 3.9554677 -6.353181 1.7319 19.81641 -0.002617383 15.463067764636744 
Car -1 -1 0 646.9900366213541 172.35109802493187 682.4356176279618 200.46115801341574 1.6143687 1.6383262 3.8772638 3.2723377 1.5854867 43.417843 1.5172045 8.787721435904974 
Car -1 -1 0 330.9524582798248 167.71386877033333 469.68507566238617 228.29592990761574 1.7881851 1.6553191 3.7694776 -6.3629556 1.6364651 22.193224 0.036443163 4.239265758714603 
Car -1 -1 0 454.9886258237498 175.8181350317949 532.4567174026827 204.76946318501527 1.49785 1.5742538 3.8183184 -6.134138 1.6594682 38.429245 0.06655343 1.905948423850003 

