Car -1 -1 0 3.5815425074104765 187.12687569991823 244.22598746529212 292.0549694513729 1.5749649 1.6621833 3.9901729 -8.315882 1.6145096 12.868547 1.55807 128.48168393459864 
Car -1 -1 0 266.46981049411977 193.9117703891866 436.61678968787567 296.49029005286616 1.4148021 1.5906795 3.9140327 -4.1143866 1.5866324 12.227109 1.5446397 109.44094976899154 
Car -1 -1 0 263.78910529786737 187.85145980768058 361.94155841038827 240.48275163578856 1.3895712 1.557447 3.5553055 -8.464203 1.4731312 20.975208 1.5209302 22.47580936724714 
Car -1 -1 0 431.72140764634344 186.20827856212136 505.7450869363226 234.13021900217123 1.4285837 1.5857038 3.5300126 -4.398917 1.463238 23.300816 1.6129136 68.56382566022297 
Car -1 -1 0 381.98747207611393 183.3090139796678 437.4499470803827 220.4253916619585 1.5444378 1.5985755 3.531692 -8.641033 1.4650993 31.707722 1.5318437 33.3752390905297 
Car -1 -1 0 578.2458995206395 180.0639124703912 609.2655431880848 208.45652459578767 1.4858685 1.6237099 3.6941159 -0.73715365 1.2162604 39.481525 1.5523906 17.270186838634864 
Car -1 -1 0 479.642074024039 183.3702711210685 521.7868130243118 216.44442814226798 1.4449846 1.543185 3.9250479 -4.888965 1.3643593 33.40114 1.5263482 19.79831833068382 
Car -1 -1 0 506.5579550363284 181.99747934272355 540.9060488800558 207.49458729688328 1.4508423 1.5851465 3.7700586 -4.9236035 1.2677184 42.794357 1.5769207 10.244029492408108 
Car -1 -1 0 361.90992231584437 181.00168163327078 416.58953148942896 207.93694216429975 1.4791684 1.5789831 3.8067086 -12.5047035 1.2477528 41.468433 1.7051603 6.58520332126835 
Car -1 -1 0 248.13473033833495 172.46739050324072 340.7642619982035 225.75288920561218 1.9714869 1.8614252 4.4738545 -12.408211 1.4998178 28.85539 1.5466454 4.38868713018816 

