Car -1 -1 0 425.0719498466752 183.20602316833808 507.49629324502354 241.00301470273317 1.4586986 1.5844228 3.5731447 -3.804091 1.4079778 19.929356 1.5708838 85.14817644244188 
Car -1 -1 0 308.69418600036533 176.79364818069052 400.0916780607428 233.22402804486478 1.6690041 1.6156684 3.8717895 -8.036506 1.4199107 23.20356 1.5626262 79.25429640661656 
Car -1 -1 0 0.0 171.07589352271032 406.8772933188872 375.0 1.6079383 1.6673645 4.2936034 -3.1181 1.5275395 6.258098 1.5409952 69.54106005998541 
Car -1 -1 0 570.2722992549802 178.79335412772122 611.9697818566353 218.3634433262823 1.5725949 1.657262 3.3375726 -0.65055215 1.317358 30.24342 1.5636852 20.108586506779314 
Car -1 -1 0 386.68545155325086 185.1784848834827 437.92280140119175 222.3629406019915 1.4508414 1.5832341 3.6496089 -8.054211 1.4493895 29.959635 1.4413385 20.783071758474552 
Car -1 -1 0 498.0913039212191 179.7909625512834 544.9589629439372 216.9151649904852 1.5603193 1.6440638 4.0174103 -3.774889 1.3323193 32.226646 1.5651193 36.78442546730482 
Car -1 -1 0 12.084456202293689 179.13644262442094 183.95833405515222 242.15595211320735 1.3801517 1.5844984 3.7365518 -12.254357 1.2470137 17.61717 1.5635802 9.348430845460893 
Car -1 -1 0 0.0 188.57312555482693 198.6645776563785 303.7533340261769 1.435594 1.5349483 3.5534804 -7.9175925 1.4946793 10.857504 1.5487648 10.773684174882792 
Car -1 -1 0 139.38606639860333 187.74767489237036 293.392018574034 258.1528166631247 1.3943611 1.5235497 3.5980346 -8.5974655 1.457666 16.169735 1.5652393 8.25424037834345 
Car -1 -1 0 192.06580417681246 185.4701560810717 294.73095264874456 230.43944776288518 1.4247022 1.58396 4.016223 -12.41741 1.4342055 24.822475 1.5488589 0.580083025144053 

