Car -1 -1 0 960.5168024141544 151.74445463124584 1133.6216384726486 256.87317513560765 1.674083 1.6150788 4.0286536 8.009856 1.3379319 13.633955 1.7969146 141.12444804201021 
Car -1 -1 0 928.3987886634991 160.48633357589483 1021.8591664568091 228.47841514796872 1.636929 1.6208581 4.0248117 9.756933 1.3391738 19.534077 1.875523 68.27711614344587 
Car -1 -1 0 0.0 215.090053545214 315.43962333148164 375.0 1.4987688 1.6039767 3.5353243 -5.6017413 2.1006646 8.8883 0.3753395 128.92338335411077 
Car -1 -1 0 708.5091666677807 172.52219406233172 792.6732356261646 250.1630003854952 1.5442121 1.6514096 3.958109 3.319613 1.5376127 16.473545 1.8238474 78.07856380420093 
Car -1 -1 0 772.3661902788847 172.4757905815191 813.1900268804088 212.18107291903988 1.5283617 1.5348992 3.3734689 7.554432 1.5138032 29.605152 1.8440115 20.465429896695746 
Car -1 -1 0 902.871757518177 155.05477190389854 961.0835207088452 208.0550527209025 2.0175736 1.5731218 3.955948 13.132958 1.3400062 29.581001 1.8322315 41.36779493343921 
Car -1 -1 0 894.393891127492 158.69387864985876 928.816202427988 197.25791306240882 2.007464 1.6667761 4.2025204 16.637106 1.2703538 39.820312 1.9563785 9.1508051093429 
Car -1 -1 0 731.1608850833542 167.1324270441879 794.3794954251373 230.76764010696516 1.6737168 1.6426669 3.7923617 4.4890084 1.5232294 21.010342 1.7985016 4.164121084936472 
Car -1 -1 0 545.1876471276696 179.0032069582025 584.6057305087455 198.28046997300729 1.4738137 1.6925522 4.0361342 -3.5929947 1.9931091 58.746307 1.9329884 0.8197561214505958 
Car -1 -1 0 774.6323662960493 172.7439919017125 817.0953204426929 206.6748112980538 1.4888641 1.5469041 3.4762836 8.705153 1.4840368 33.5599 1.9313918 0.30161571502685547 

