Car -1 -1 0 558.4264539462503 179.57649218473998 611.3000032610396 228.0688917920359 1.5281315 1.6672509 3.2336566 -0.75259185 1.3504243 24.294552 1.540443 34.3929018108615 
Car -1 -1 0 456.31855092868284 182.33520829957658 533.3772644512535 236.40850385003648 1.4650586 1.6755601 4.0143776 -3.249976 1.3870147 21.48384 1.5708096 58.9470456573909 
Car -1 -1 0 394.3003752022604 182.39764084240025 449.9511440316015 216.1571635762299 1.4394537 1.6116359 3.801599 -8.310234 1.3192961 32.56763 1.550549 52.934938190028376 
Car -1 -1 0 33.73033323006433 176.86365265627143 423.14654939987395 375.0 1.6150047 1.65105 4.05212 -3.1372654 1.5572783 6.9954453 1.5718962 114.84832656771461 
Car -1 -1 0 0.0 188.0071056283424 172.2159686646953 254.4952738488321 1.374226 1.6009717 3.7794812 -12.122486 1.4475363 16.949547 1.5175333 34.00044642784689 
Car -1 -1 0 357.9479650758889 180.4579282122693 409.36452970532656 207.69829113368226 1.4798527 1.661436 4.1420927 -12.714237 1.2213833 41.125244 1.5686021 16.191552838390777 
Car -1 -1 0 228.26750990089627 181.14114461086712 317.9975110512839 222.38673803759562 1.4375644 1.5568419 3.7930624 -12.412357 1.2955508 26.962938 1.5859339 8.599438925097616 
Car -1 -1 0 264.1186584802124 182.95828330531674 382.72201226647434 255.16542370059955 1.8022339 1.6661006 3.9680662 -7.709138 1.7458906 19.940392 1.5882949 9.850291827520117 
Car -1 -1 0 450.53975959451503 180.0568736600358 481.6428162592954 205.24403777677006 1.5235853 1.5953705 3.7658677 -8.876781 1.2115252 45.43915 1.4674838 3.090188612650086 
Car -1 -1 0 501.02482880214245 181.314550640558 542.5608914820591 212.7687585993882 1.444505 1.5659987 3.6058965 -4.084606 1.2653484 34.819733 1.5759308 4.670831168099862 

