Car -1 -1 0 129.31991615852397 193.05844394511308 381.8021915376071 322.58188766741466 1.4259689 1.674818 4.323514 -4.912935 1.7886885 10.786532 1.5646614 139.11238659252274 
Car -1 -1 0 449.26144555784833 178.07747912882465 512.9645358804116 223.3597276371254 1.5376031 1.5860491 3.4344287 -4.6720943 1.7433138 26.660496 1.6213135 46.29117251896705 
Car -1 -1 0 726.9905064302596 179.61933992970341 833.262224524716 256.601542130206 1.5049291 1.6313536 3.7538977 3.7231417 1.6760006 16.342474 1.6035777 59.572939500368435 
Car -1 -1 0 760.450566970889 182.2535075001003 959.3724027142359 308.89276112493957 1.5099342 1.6562767 3.8798454 3.4915712 1.6764063 10.835237 1.5754112 69.07959426140445 
Car -1 -1 0 698.6468367216871 179.32503530629916 780.5837255219583 232.9626869873843 1.4380946 1.625426 4.048957 3.8327951 1.6528349 21.892284 1.5355713 49.89126557856745 
Car -1 -1 0 478.8598939214729 178.5146769614659 532.1771846392384 215.2687238069547 1.4665369 1.5509746 3.7559009 -4.4467497 1.7272354 31.306398 1.634554 25.29406652372364 
Car -1 -1 0 693.3353806501136 178.96578512499056 748.9969817190398 221.06992708130235 1.4666891 1.5395356 3.5787747 4.1772594 1.7144151 27.450745 1.5634346 15.026341045716737 
Car -1 -1 0 0.0 178.94246218349622 153.98228596750718 227.09728884158147 1.4312427 1.570452 4.1962967 -16.861883 1.6315546 22.720764 0.113608465 7.67952251215754 
Car -1 -1 0 1080.4752073631662 162.5533106859557 1242.0 233.54842507872226 1.478891 1.6453333 4.01742 13.581759 1.2643185 17.161455 1.3730465 13.999488624368887 

