Car -1 -1 0 420.8827361995231 183.76464577910224 507.95970096811465 244.5737634569879 1.5878289 1.6494296 3.820647 -4.21025 1.9422811 21.490414 1.6220489 90.29697761502345 
Car -1 -1 0 774.9820959448587 184.71692402011053 959.0829818215507 306.0542672651453 1.4983687 1.6132654 4.1820917 3.8159914 1.7216948 11.454833 1.6204677 126.23119898045266 
Car -1 -1 0 470.7544654471551 180.43460606780374 534.4505207739078 229.86882447053335 1.6459246 1.6293929 3.987442 -3.8661194 1.9473195 26.665627 1.6068343 41.23273450163307 
Car -1 -1 0 693.7990863346268 176.43329396302224 731.2489204358851 205.90255106765343 1.5182637 1.7030413 4.226675 5.6317644 1.7266982 39.85803 1.6294413 36.818708463211536 
Car -1 -1 0 522.1860416529853 182.16970748558506 565.0269663596102 214.7154512983766 1.4871325 1.6211154 3.99537 -3.247186 1.9802278 36.16201 1.6130627 14.121122955434565 
Car -1 -1 0 130.43494507546845 185.6547023708585 270.48615146826745 229.24721608136142 1.4912908 1.6143565 4.1287584 -14.749678 1.9723327 26.175222 -0.065065324 15.102025032726027 
Car -1 -1 0 593.5554569346845 181.1677490779233 614.1082378491807 198.74674389422063 1.4338096 1.6133848 4.257387 -0.47056043 2.1850855 63.04631 1.6060722 1.7594451811246916 
Car -1 -1 0 501.04237024949833 184.61852092758758 550.695775767833 222.21746461301325 1.4862678 1.5426395 3.82838 -3.6122122 2.0349326 31.69741 1.6249447 2.396699066811049 
Car -1 -1 0 582.4075276382987 173.99331039740244 602.9211718169083 187.98726275911935 1.5153898 1.5933427 4.1438837 -1.8611915 1.6461705 80.656395 1.7229058 0.8340561401124009 

