Car -1 -1 0 31.807452200695078 194.01454611468276 391.2558764638961 375.0 1.4599559 1.6046108 3.8027525 -3.5679224 1.573256 7.34888 1.5629532 99.56556270576857 
Car -1 -1 0 698.0161275610442 192.075096955349 798.511220866615 263.89711224591446 1.3776983 1.5204347 3.3864405 2.9853516 1.5448073 15.813305 1.5624568 85.50773174253244 
Car -1 -1 0 408.2770977997627 184.60556359470152 503.6343584968085 255.55815277181597 1.5732538 1.5804284 3.2703547 -3.5938206 1.559725 17.591854 1.5931569 99.27211492465221 
Car -1 -1 0 467.801120792804 184.33849342437935 528.2787290168376 228.20155520682118 1.4680734 1.5821154 4.03348 -3.8746982 1.4387138 26.076622 1.5706029 35.25635520793622 
Car -1 -1 0 648.1475252598052 184.87663014858 690.3667846914226 217.45080497876336 1.4443197 1.5515859 4.0270605 2.868713 1.4292856 33.905056 1.5470219 35.54075722716155 
Car -1 -1 0 361.43125112798464 186.7839547308055 429.44861897578846 225.98720632137207 1.4215715 1.617518 3.6183372 -8.17061 1.4866844 28.029322 1.560887 34.07668738979423 
Car -1 -1 0 209.1047569463038 188.95662268643196 347.8821852191142 256.0088554538134 1.4425157 1.5703248 3.8910112 -7.8808804 1.5445256 17.64291 1.5887799 30.889538729410223 
Car -1 -1 0 588.3245615327986 183.66367017682262 611.8203653749011 204.77005829128456 1.4916341 1.5937052 3.8287835 -0.5531827 1.381949 52.750847 1.5265896 12.381113529771874 
Car -1 -1 0 499.092045763094 184.70796343199103 538.7865261908637 215.32950547858317 1.4944291 1.5706222 3.677684 -4.4826074 1.46965 36.92509 1.5756342 18.3627601504787 
Car -1 -1 0 619.6042193379052 184.45237723222735 640.8119020094313 200.8635629408025 1.4672365 1.7327535 4.0566816 2.093637 1.3989921 66.31729 1.5472072 3.0913955584833275 
Car -1 -1 0 527.5458272761963 184.2346293465829 554.1253271055947 205.62607372792166 1.3973913 1.5151103 3.5751095 -4.539493 1.3333032 48.8503 1.397989 0.956305964975571 

