Car -1 -1 0 536.9202155181287 188.74718096669176 679.1549127892814 276.32928265261717 1.3741405 1.5637518 3.6911602 -0.17216355 1.7277538 14.050734 1.2066312 118.68078408575667 
Car -1 -1 0 436.4140054619021 180.65259981425675 493.66829826475447 221.34704919305722 1.4363899 1.5888739 4.0234337 -5.7638693 1.7673628 28.459526 1.2118531 60.59140678709455 
Car -1 -1 0 252.9285767306233 182.71445036619252 295.4898562995983 214.76509185083466 1.6483014 1.6234297 3.8414063 -18.741169 2.2294755 40.454926 1.2814436 30.694943403478632 
Car -1 -1 0 0.0 200.88414297231395 178.96288529163147 315.787722121026 1.4526763 1.6137352 3.6465464 -8.475064 1.999622 12.086704 1.1907533 70.21226742271635 
Car -1 -1 0 421.5368092622003 178.28833095064329 468.2756107457119 214.47666443356636 1.561084 1.6206048 4.1257076 -7.8137875 1.8339 34.006966 1.2149231 16.826545343068254 
Car -1 -1 0 621.1900416750386 166.6822822539841 711.9942939624913 205.50282290439335 1.5512214 1.5944903 3.485459 2.3948896 1.3046069 30.181147 0.35212326 37.508185088995866 
Car -1 -1 0 565.2952024539375 172.91101841689772 653.9740678623814 207.0157352062963 1.6412971 1.6249082 4.1562395 0.02088058 1.6442462 36.02529 0.24749742 2.699891986231229 
Car -1 -1 0 409.6804253490085 177.56910284110046 430.5389462125751 197.26713883120212 1.5796247 1.6350822 3.6074297 -15.974374 1.9894502 60.756607 1.2962942 1.0681603701762892 
Car -1 -1 0 1112.9316260851535 158.14907046247865 1242.0 254.32811354564583 1.4198897 1.5531704 3.5264091 10.125351 1.202801 12.57869 1.9826202 1.263588662467687 
Car -1 -1 0 173.17476586631759 180.29567160880939 208.54359078787698 202.86245823617844 1.4713292 1.5927241 3.6732042 -29.176212 2.0113893 50.363285 1.1983929 1.3922417863185734 

