Car -1 -1 0 561.2977957702128 178.90228475354644 615.7701698356984 228.68344057399145 1.5369921 1.6819885 3.217319 -0.58591753 1.3420656 23.808462 1.5646493 40.555841100185795 
Car -1 -1 0 466.36018839718315 180.3125566059398 539.880859934469 231.10637252063356 1.4758679 1.7120348 4.064159 -3.2161646 1.3334019 22.929108 1.5825356 53.17674271456247 
Car -1 -1 0 408.4241977082692 181.54872391025125 457.92262517135924 213.87899789297714 1.463537 1.6019478 3.854967 -8.284917 1.2975392 34.503128 1.5255656 49.43117778571426 
Car -1 -1 0 374.55673818005585 180.47704658194567 418.4257132200815 205.37895069116874 1.4326916 1.5864773 3.9227824 -12.642705 1.1600608 43.339718 1.544626 13.74999175187351 
Car -1 -1 0 38.14054201283896 189.14505306489295 198.81818738557575 250.960364920581 1.3768611 1.604919 3.6879044 -12.104739 1.4860418 18.111267 1.5466363 22.58011627583578 
Car -1 -1 0 457.10571404166876 178.06757196752395 489.30772369962295 201.76440122348228 1.5031099 1.5437592 3.6762366 -8.803958 1.0496982 47.458168 1.540687 6.805433454548837 
Car -1 -1 0 190.94325697657234 172.03104213933088 458.13021942022823 346.2572397703538 1.6730208 1.6908547 4.1685867 -3.1480284 1.5464141 8.989922 1.57407 76.61314876340721 
Car -1 -1 0 294.03147663103636 178.69213250507204 390.9172242705867 238.57030314784822 1.6337645 1.6076527 3.6451802 -7.775655 1.4557703 21.45145 1.5517085 2.0868427691633795 
Car -1 -1 0 254.10960449082307 185.93561991872897 328.4161951578167 226.45212763206692 1.4981116 1.5375344 3.4782455 -12.396445 1.5283431 28.41482 1.5258526 3.3336169778327096 
Car -1 -1 0 530.4199036127211 179.70203312727932 558.0744791075196 202.87830769395518 1.5102198 1.6061215 4.0395813 -4.323283 1.1509366 48.961983 1.4155803 0.26119473576545715 

