Car -1 -1 0 622.418514539435 175.3422178401998 667.691449147613 206.387362665426 1.4465057 1.5445133 3.6068199 1.7102492 1.5766042 35.825043 1.4153469 61.57498388602119 
Car -1 -1 0 742.2485641953704 175.83441064365337 857.7414339881616 223.34505191551665 1.4037377 1.536237 3.6048737 6.110428 1.5088606 23.505917 1.0416733 74.1826052232415 
Car -1 -1 0 611.016188575471 173.281746692245 637.8204485104286 197.91126040937058 1.4751801 1.5358535 3.7240467 0.89560837 1.5030618 45.156803 1.55313 7.1283096746532335 
Car -1 -1 0 151.84226277460942 174.684104423801 358.95675949847515 257.1551343944573 1.5769947 1.62661 3.4115453 -7.079758 1.6163106 14.6674185 -0.011774501 77.69003533044535 
Car -1 -1 0 423.61437284876314 176.56735910589708 500.60604306470503 205.49058206179913 1.4881561 1.5737834 3.7441988 -7.7477975 1.6883974 38.118088 0.0019661854 7.0400716024501655 
Car -1 -1 0 463.6616162388837 174.8780427729365 527.2774443828544 197.91451379158278 1.524555 1.6541853 4.0007 -7.689205 1.6641207 48.83301 0.046890575 5.268872806672272 
Car -1 -1 0 392.0033733887708 174.09976002437952 488.1665682870293 211.09457136896526 1.554063 1.6427579 3.7927394 -7.277631 1.6094663 31.228731 -0.020831626 10.660616406304063 
Car -1 -1 0 207.41268479582362 177.9714594246414 401.5194668928503 246.5870689358854 1.4906144 1.5981108 3.7936273 -6.91482 1.6142331 16.613125 -0.00923972 8.408885449765 
Car -1 -1 0 436.0064351987659 175.7411496529446 507.3618119940326 201.8289681886661 1.5197787 1.6029377 3.917879 -8.212338 1.6961241 43.154106 0.059762474 0.5204107761383057 

