Car -1 -1 0 586.3152105721213 173.57891708363658 649.8161681556804 222.26380603160177 1.5656673 1.6317942 3.5465503 0.22504699 1.5928144 25.14042 1.4113064 93.17172532382618 
Car -1 -1 0 785.9768785799522 178.59184788557337 1199.2901074588276 375.0 1.4994321 1.5644114 3.2982273 2.778796 1.5613992 6.0900726 1.4969405 101.94160354709062 
Car -1 -1 0 225.64480960435702 185.36746585328942 374.1765483208291 278.5310326019123 1.485796 1.6350482 4.208927 -5.907379 1.7717171 14.291669 1.4368231 69.5635796684756 
Car -1 -1 0 55.23367662709704 195.70631154648666 314.99284578240935 346.95903824446594 1.4025161 1.5586829 3.586156 -5.036997 1.7514416 9.137699 1.4402763 59.83049260829108 
Car -1 -1 0 404.98087860589806 181.2266779878737 452.5104320014104 219.90910938853776 1.4853595 1.5735962 3.606485 -7.5612364 1.8603731 30.42228 1.430542 35.04051567121295 
Car -1 -1 0 564.3358801232846 175.29872381633044 602.3017250322164 207.54501916979189 1.4863533 1.5363958 3.327257 -1.3235486 1.611809 35.275574 1.4363407 41.11508869856776 
Car -1 -1 0 658.2139276777532 163.4892379588116 810.0559574760568 268.8445988039918 1.6329894 1.6156442 3.6045237 2.0877752 1.4878372 13.09449 1.4051714 99.20107156122447 
Car -1 -1 0 425.7601841292182 175.59869950011057 464.6409675473134 207.64723026799587 1.6413207 1.6363244 3.9489586 -8.909954 1.798847 39.357735 1.4589431 11.584245731371748 
Car -1 -1 0 545.8983617846163 175.14508438563612 572.7744939135522 197.94341292606487 1.5337026 1.5908474 3.817558 -3.5792735 1.7018509 50.949226 1.4206617 4.710002293068297 

