Car -1 -1 0 641.5329869602496 175.8336880201399 724.9534856984144 233.08489021558552 1.4260346 1.6232997 4.392162 1.965471 1.5197856 20.454184 1.5001954 74.92541025665253 
Car -1 -1 0 229.3506651208397 183.84274071796835 423.8455355314924 247.55258277598364 1.4193057 1.5855124 4.020906 -6.6529675 1.6944633 17.217323 0.028616054 50.57435464483409 
Car -1 -1 0 626.7854754792592 172.90379106783243 661.2789932420105 204.39228754593992 1.4701384 1.5202208 3.4407504 1.650944 1.472701 35.41495 1.5682942 18.344139168286077 
Car -1 -1 0 307.60290944208856 176.84999007420177 441.57182608787275 228.42189471160427 1.5218339 1.5728209 3.620782 -7.220443 1.6507518 22.356411 0.076078914 36.13283212135411 
Car -1 -1 0 148.82664355565433 183.45989875127248 383.5166318461122 259.64846877191695 1.4399831 1.5936198 4.012278 -6.851455 1.6675841 14.673507 -0.0068763355 82.90042440465025 
Car -1 -1 0 386.3179239331835 174.26473643449756 485.47578820902123 210.9930194275589 1.5512582 1.6373148 3.9184434 -7.6153994 1.6156821 31.758472 0.20023483 8.733410268089605 
Car -1 -1 0 620.7175067858657 171.76056983963213 654.5554407091267 199.5414643470397 1.4879744 1.6023635 3.777732 1.5351062 1.4294089 40.566902 1.5291697 1.7669788228138967 
Car -1 -1 0 493.4320427277145 172.25601070472672 519.9579148633609 195.37682466310648 1.5250343 1.5982963 3.6935203 -7.0958047 1.485591 49.560028 1.3728497 1.8376009457082516 
Car -1 -1 0 414.8154991040036 170.96695085589553 498.27090640711344 201.43642401528277 1.5772216 1.6821969 4.219376 -8.089098 1.4795402 38.441315 -0.12202494 1.277586111742966 

