Car -1 -1 0 703.4586120432108 185.27359545000846 802.3680949247746 222.98483553614844 1.515608 1.6846068 3.8114684 6.0208035 2.057828 30.55986 -0.05260937 52.29063103551062 
Car -1 -1 0 792.5900666439269 191.02797638781655 954.978780669563 251.07854877856263 1.4237174 1.5649041 3.591716 6.7133274 1.9131255 18.538437 -0.061816894 83.11615057450598 
Car -1 -1 0 855.7421211453467 192.30073273939269 1207.0895371811728 298.59345968100064 1.4574522 1.6891347 4.393745 6.257373 1.7784327 11.057358 0.003421157 109.53560584808156 
Car -1 -1 0 125.92910985362037 187.8964208449148 391.9684250663583 273.13827478070147 1.4296126 1.623447 4.117075 -6.313571 1.7268325 13.340569 -0.05126395 117.65734281978756 
Car -1 -1 0 224.7114250943522 186.7907060469006 444.84471562344595 259.70744582727974 1.4581422 1.6295676 4.1870003 -5.845136 1.7799461 15.723774 -0.05900219 54.2407143363973 
Car -1 -1 0 770.5372248220718 186.60037786466842 913.515480397484 242.03372112924882 1.50178 1.5871801 3.599568 6.6182995 1.9132793 20.777315 -0.015840203 37.10944882199804 
Car -1 -1 0 330.0732974740673 184.33207590645029 487.27248289389007 242.4059502528998 1.5428922 1.6173043 3.9805355 -5.607501 1.8820355 20.421856 0.0450495 52.20586161922219 
Car -1 -1 0 365.6799626379259 177.99139203586483 495.27048963218334 227.02569263652347 1.6471548 1.6647965 4.1940427 -6.217226 1.8347921 25.395899 -0.060396213 30.992165508619962 
Car -1 -1 0 455.994512719134 184.3916950094674 541.2543091642812 214.28568126913635 1.5311234 1.6445284 4.251977 -5.9454722 2.1701903 38.87987 0.12741129 11.339418741540777 
Car -1 -1 0 645.2123393058262 183.47077065212028 672.2010221267273 209.8581416716914 1.5142143 1.6084138 3.9586518 3.0798185 2.2073455 45.07366 1.6442201 5.009172895799438 
Car -1 -1 0 350.81547018923004 187.10480056030866 494.28369869942037 236.20846789380525 1.4556246 1.5989165 4.1067324 -5.8610144 1.9257232 22.86681 0.06690067 8.115505135881781 
Car -1 -1 0 407.0493069784539 182.4526991920224 512.557709095457 219.219152342958 1.473568 1.6076984 4.120387 -6.2151814 1.887722 30.254494 -0.036074303 1.266089646243504 
Car -1 -1 0 575.2079268525595 182.9852770256688 595.3037442004254 199.45825352524415 1.4834199 1.5854275 3.808225 -2.3628821 2.4859664 69.41124 1.4441613 0.9676753730884007 

