Car -1 -1 0 24.88527051038003 206.299092661041 299.50395178956484 347.90418325089496 1.4481063 1.5463341 3.870654 -5.9820395 2.0132928 10.245897 1.554965 129.66246740124936 
Car -1 -1 0 240.6123259267292 197.83272563228473 384.17082246308786 283.9110698624566 1.4564053 1.5274144 3.5395067 -6.003834 2.0371304 15.005057 1.5708864 84.4476457968847 
Car -1 -1 0 673.990951827085 176.0557369495231 745.6190124872383 226.5167508549779 1.4429865 1.6114272 4.1425266 3.092104 1.5542718 22.988749 1.5463424 46.72071690703984 
Car -1 -1 0 345.7481098082741 191.42634508880695 445.446814908548 250.63222467973756 1.4441191 1.669121 4.1922026 -6.08637 2.0390146 21.013708 1.5684497 68.91357375917305 
Car -1 -1 0 424.0326624573195 189.24142659547752 491.2766249741179 230.90856940331986 1.4302278 1.6666782 4.271219 -5.926834 2.1292157 28.619808 1.5968714 52.79072654992591 
Car -1 -1 0 892.272221222065 146.44713131246408 1108.1527601448586 213.30336976032666 1.4945393 1.6625724 4.175152 9.0684395 0.90422624 16.986082 0.012084008 96.50166346112727 
Car -1 -1 0 661.4898635013147 174.66524436753633 715.4223069830108 219.91440319859097 1.6430559 1.5849627 3.8660688 3.0244722 1.7190359 28.312206 1.5411606 36.41083175241898 
Car -1 -1 0 877.8483517609576 145.68369781252392 1045.810033111509 208.72762027744633 1.6294861 1.619327 3.7519624 9.427117 0.92721957 19.493809 -0.018559786 39.18933947218278 
Car -1 -1 0 782.0414701310037 162.7720322891749 921.1167182344255 207.47012409303525 1.4728789 1.6617906 4.2037873 8.229285 1.1406606 24.735077 -0.061822325 28.412901395881494 
Car -1 -1 0 833.343592339399 155.8401605098941 986.8601631808123 208.22556852667913 1.5247407 1.6417669 4.023012 9.100494 1.0295322 22.008495 -0.09462542 18.077739025328654 
Car -1 -1 0 491.3176857856737 181.9005621805738 532.2681689481827 210.35907304946235 1.5825512 1.5337069 3.97779 -5.8395734 2.1537054 43.494057 1.6792233 9.773692158742115 
Car -1 -1 0 646.3513763936447 177.0439700320755 693.5783785467399 209.1112450091877 1.5844669 1.5780214 3.7870007 3.1394577 1.8177781 38.176163 1.3969302 4.829386966102045 
Car -1 -1 0 458.65754974870316 185.713642219691 508.79040045807506 220.81564163835802 1.5209465 1.5820417 3.7408323 -5.965066 2.1710234 34.56799 1.6198958 1.0494593274915596 
Car -1 -1 0 594.2531118812308 175.93917516739182 618.4494969618387 190.5002098878327 1.5172337 1.589479 3.7136884 -0.37269154 1.8595314 78.04436 1.2659626 1.1265195806003672 

