Car -1 -1 0 621.0479788885496 191.62179614047216 710.6579285068203 259.26881870167745 1.4945314 1.5540711 3.1512225 1.3606503 2.021337 18.56544 1.3936524 99.3301350806556 
Car -1 -1 0 690.6287977718271 183.82034119350368 785.5243329070848 223.09879993156102 1.4870391 1.6178257 3.9418955 5.4010286 1.9726222 30.138504 -0.6264005 51.21741371485689 
Car -1 -1 0 552.0466239397703 188.0371183220806 639.531903517512 222.93889024917624 1.4757004 1.6292657 3.9559903 -0.6122654 2.2309992 34.017017 -0.6794108 95.53077833335097 
Car -1 -1 0 827.3198472600183 183.07075421141886 893.1382212569346 214.34168839487208 1.4431146 1.5279722 3.3808804 12.5355 1.9765372 36.02354 -0.66976845 57.16698006824118 
Car -1 -1 0 761.4787365861315 182.43859924025315 843.5859403188856 217.847907896629 1.4832168 1.6154242 4.0387 8.910645 1.9493133 33.17403 -0.6956228 49.85099163739562 
Car -1 -1 0 875.1790869921225 175.98747456739173 943.7085506860016 209.95561570809983 1.7222897 1.6593617 4.0007167 16.162146 1.8990762 38.82038 -0.66561794 18.074671186546304 
Car -1 -1 0 968.210413941072 177.937740598513 1003.6900906300658 204.44559106250657 1.5697227 1.6397606 3.7212384 23.764904 1.9044758 45.504543 2.1461942 5.518867654467738 
Car -1 -1 0 121.82047025126977 184.98431563190124 217.60036598591773 221.75954696554243 1.4727048 1.543268 3.3846874 -19.406384 2.0414963 31.9763 1.9391649 7.8029053451984325 
Car -1 -1 0 272.65666343557564 188.5481263272452 320.22342435773095 218.85087956166186 1.4867783 1.6447244 4.141746 -17.322998 2.4002402 39.824104 0.96841866 4.060029731114995 
Car -1 -1 0 1013.8460654244271 175.05866460895538 1055.3429811569454 204.53725004339304 1.5792048 1.5993922 3.765675 24.095997 1.7107459 41.0051 1.9850409 6.30412391765215 

