Car -1 -1 0 0.0 195.51230976592004 229.04372974947063 325.44491823246824 1.3989862 1.5745876 3.8601742 -6.8556743 1.5725558 10.089554 1.4164581 99.70523489826311 
Car -1 -1 0 430.18833539792416 182.0025563796698 489.95631928537426 233.41741178469314 1.4929844 1.7074158 3.4039543 -4.5682964 1.3996812 22.690416 1.4107474 63.61221309142502 
Car -1 -1 0 528.4103401144428 179.05379565607024 598.709162323379 239.38232138423646 1.586124 1.6561885 3.6746354 -1.3473713 1.4241186 20.848894 1.4043316 100.37051900504363 
Car -1 -1 0 208.93480499009982 188.30561663247548 326.94199841914946 251.64344533985172 1.4377235 1.6207001 4.4561195 -8.715462 1.5288489 18.872272 1.4131598 95.97987716647272 
Car -1 -1 0 99.82149352814189 187.2511794810487 224.5303653206898 246.9135168266862 1.4901011 1.6099663 3.647836 -12.215853 1.5521636 20.001394 1.4337976 50.479646772770785 
Car -1 -1 0 327.12458841532373 185.0226480677044 388.87124761830336 221.8047700738936 1.4433275 1.7072331 4.181771 -10.443946 1.4357523 30.399302 1.4273326 23.844160245651047 
Car -1 -1 0 369.1739389401345 182.57887748722814 411.1762655416045 210.4597233828054 1.4477553 1.5319214 3.8200684 -11.809723 1.3108344 39.31079 1.4598472 5.6556466249749935 
Car -1 -1 0 199.790559833044 169.86052671522833 281.9736006839775 220.25675367611572 1.8972076 1.7521784 4.358898 -14.827456 1.3191495 29.35494 1.4072471 10.718277866535894 
Car -1 -1 0 500.2869190337586 184.30373120406395 524.7114797098379 203.18572592271465 1.4944208 1.6306074 3.7928805 -7.790389 1.4222429 58.925156 1.3442934 1.8087263987916107 

