Car -1 -1 0 408.5662970833028 183.79983320473954 498.2414314833634 244.3601280880123 1.5163531 1.6906664 3.782339 -4.354789 1.8586843 20.660652 1.5880393 90.3411766883164 
Car -1 -1 0 745.1090672233869 181.83261134316146 856.9687697506627 260.3189132662221 1.4513086 1.6174757 3.8378286 4.0281534 1.671721 15.751768 1.6265271 69.6515335994183 
Car -1 -1 0 791.8211110770959 179.83484350544387 1003.4337741158618 310.57806213228616 1.5610428 1.5911398 3.5239427 3.9774816 1.6809103 10.597893 1.5318848 115.37978575298415 
Car -1 -1 0 717.009217606973 178.97217593359062 791.7347061918088 234.14989855344302 1.4518858 1.5682639 3.772294 4.180151 1.6488814 21.321007 1.6043414 42.909341681581246 
Car -1 -1 0 464.1966089739344 181.97685841784863 527.149356458688 226.7723561146094 1.4742959 1.543244 3.7501633 -4.0926647 1.8327117 26.436487 1.6204371 32.11849499343126 
Car -1 -1 0 494.14276962508416 180.84694608862182 544.0281503329193 217.2176862095513 1.4430411 1.5734385 3.9823422 -3.8849027 1.8145607 31.525026 1.5992322 19.40088628978686 
Car -1 -1 0 695.3711019316517 178.16905012861977 757.2745442571111 222.20537054116656 1.4659727 1.5957377 3.8833609 4.1962075 1.6751292 26.442442 1.5584933 22.776272094804497 
Car -1 -1 0 547.111246950908 177.56618302695279 579.1765366994075 202.13829755804468 1.5400668 1.6006345 3.754489 -3.0411959 1.8655301 47.900238 1.6509748 12.718317901197919 
Car -1 -1 0 683.1808823080248 177.54007094364923 724.403853756301 207.9374778834083 1.4704497 1.5660975 3.534133 4.8145323 1.7239699 37.245758 1.5403948 6.753775116608994 
Car -1 -1 0 957.0976496163939 174.08834718584578 1027.7852180856146 204.73084224214657 1.465965 1.5927855 3.8751333 19.341578 1.5319681 36.629295 1.5905687 0.29277294874191284 

