Car -1 -1 0 157.94755296549707 206.38927302092702 393.33049926917397 358.197940011953 1.463853 1.5545578 3.5037649 -4.112956 1.9882617 9.511651 1.5449089 78.34823403684081 
Car -1 -1 0 703.8983575787545 183.52277751663826 820.5316025813141 279.0556237960076 1.5132475 1.5582031 3.2571728 2.7113514 1.736406 13.444797 1.595847 102.53942341492532 
Car -1 -1 0 476.9455190361924 186.36337889055784 525.9080954136061 224.97567254811713 1.5729464 1.6267589 3.7092576 -4.816284 2.217337 32.556164 1.5784833 57.277685187611546 
Car -1 -1 0 653.1778605182761 180.06389620975352 705.1090925318326 221.53820108542112 1.5332129 1.5848196 3.661336 2.7504153 1.8435189 29.188293 1.5237505 61.8605688543132 
Car -1 -1 0 381.34875849728195 182.4550766919038 484.82111744779723 261.7909006268423 1.7657609 1.6462728 4.14147 -4.409403 2.041313 18.634615 1.574306 109.20820167332266 
Car -1 -1 0 520.4951691791053 186.19017370408022 546.2687803524824 211.02111379951157 1.5262387 1.581848 3.9269235 -5.087149 2.4603367 48.525097 1.5020217 12.388200723108852 
Car -1 -1 0 548.2966875372177 186.62001333102074 569.4210022295634 203.96982502283683 1.4935014 1.5906513 3.8518043 -4.690541 2.811779 67.14925 1.5989673 4.197262013713535 
Car -1 -1 0 632.8957529997795 180.09628027157547 654.2673135454455 197.10748800508784 1.5477095 1.5992768 3.6398177 3.2884696 2.2618918 69.22197 1.7450987 5.819423680379627 
Car -1 -1 0 564.7383482044814 181.9039120684518 586.3241991028947 203.73955989084618 1.6702226 1.6327895 3.7404075 -2.7961564 2.4309158 58.71966 1.4908276 0.2859647572040558 

