Car -1 -1 0 218.77968880351563 181.217427774324 302.038117143605 214.19015477181176 1.5537641 1.6729972 3.929523 -17.902403 2.009445 37.19428 1.8479998 38.51434386328902 
Car -1 -1 0 504.318134297637 172.91848457073846 559.3779102119186 192.42954986198401 1.4972632 1.6680022 4.2173285 -6.0604 1.5023973 56.41382 -0.09821488 6.071583883554489 
Car -1 -1 0 393.0504676138917 176.22515195179486 427.12662957635297 199.71519851445342 1.4633133 1.5300813 3.660345 -13.054552 1.6935363 47.383324 1.4799402 5.91068467105557 
Car -1 -1 0 824.8301889649961 164.30129161591702 855.4492648623246 180.42818377902535 1.5318055 1.6573514 3.88197 22.488432 0.71943 70.498604 1.542476 1.9179647421947916 
Car -1 -1 0 727.0102961553016 167.78478982511726 767.3105059808174 184.33658719977674 1.5730327 1.6515207 3.7509131 13.430105 1.09127 70.573074 0.9371705 6.341039193210978 
Car -1 -1 0 71.10241480019295 185.7900560331937 137.17348063088772 214.53618963686537 1.6725079 1.6370208 3.7654228 -31.86259 2.5245223 45.61184 1.534462 0.6577029466414662 
Car -1 -1 0 1031.496035285354 162.40238724968478 1071.858348687354 178.74863781320735 1.5132192 1.6372378 3.6782641 42.01239 0.54568315 68.64899 1.5895672 1.1474657973328752 
Car -1 -1 0 994.5280678820187 164.34835813480197 1032.1783373856274 180.1525594264502 1.4624987 1.6188915 3.8914602 38.431232 0.6753981 68.765656 1.6378083 0.3550397455692291 
Car -1 -1 0 873.2787020868057 164.66160301678408 914.1637773765157 188.0328737733853 1.6220502 1.6366439 3.5529635 20.38054 1.0534681 51.87947 1.6033306 1.2895833850614313 
Car -1 -1 0 338.4002222432987 177.18809658242583 401.688401130622 198.80832564341455 1.490974 1.6314025 4.0496387 -17.371922 1.8171983 52.414158 -0.6688597 0.4870814949767137 

