Car -1 -1 0 694.465307814392 176.41423137451824 779.7215313025217 242.61768805990224 1.5038853 1.5662291 3.7057805 3.1515927 1.6041236 18.452862 1.5826685 65.07273042494879 
Car -1 -1 0 720.0314020902546 179.9126225913072 875.8072365177733 284.1496292099077 1.4957061 1.6175487 4.4326477 3.1208155 1.6433077 12.87082 1.5697914 102.22414490308262 
Car -1 -1 0 40.17083646286293 195.98397466655513 408.91858863026704 375.0 1.4512854 1.6817584 4.20358 -3.5747232 1.765732 7.7041836 1.5745811 137.4281367535383 
Car -1 -1 0 408.9980119523569 181.93722524928694 506.8686342504656 254.62059777699292 1.5589256 1.5504944 3.7695618 -3.6251678 1.8076218 17.853308 1.5939242 86.65265209936481 
Car -1 -1 0 773.7996883036865 189.96653455942052 1211.019177068434 375.0 1.4260335 1.6377987 4.392621 2.879702 1.6367407 6.6711283 1.5495775 114.84079786444605 
Car -1 -1 0 325.00130560447417 185.5319140964183 458.9630272065057 288.3861309695991 1.5673385 1.5188708 3.4879081 -3.8171184 1.8304775 13.203993 1.5320923 82.73711708594014 
Car -1 -1 0 638.8580945462872 174.6561693764701 683.5342276086362 205.10854824566965 1.5957808 1.5338356 3.2856092 2.804231 1.6996199 39.797497 1.3341669 23.88720852986458 
Car -1 -1 0 594.2133073277264 174.40604635697943 627.6866342782968 195.60398418325386 1.5329964 1.6602428 4.136737 0.06287328 1.6553967 54.702934 1.3486989 3.3730290072697664 
Car -1 -1 0 557.9777685643568 175.48113036185947 600.7356497932489 192.41223477590486 1.5760429 1.579962 3.9802752 -2.8948328 1.836405 69.62822 -0.6938157 7.545115603712242 
Car -1 -1 0 934.7131810690676 150.90782425197582 1063.2201769209828 194.35404160640994 1.4707942 1.5766239 3.6723423 13.650642 0.72784543 25.464787 0.14093092 3.509650864289103 

