Car -1 -1 0 578.0332605316216 174.2401157871723 650.351492770355 242.4068022254962 1.5763543 1.6740618 3.25391 0.13812594 1.322544 18.262915 1.5557396 68.51710410976915 
Car -1 -1 0 357.72296550090414 179.7258593106178 471.17464364512875 258.6235032671525 1.5829313 1.6410803 3.4418004 -4.1934557 1.4727881 16.147575 1.5656556 112.03969180665533 
Car -1 -1 0 184.4329370632018 189.10657687332167 329.32639852152744 254.97921271718258 1.4037063 1.565975 4.1554356 -8.391061 1.5105257 17.65003 1.5609888 62.812887372416895 
Car -1 -1 0 456.2554934288773 181.56546670763993 512.010796286193 220.37288864910172 1.4152603 1.5501931 3.5252793 -4.7220564 1.2821407 27.982407 1.5759182 51.389377961719305 
Car -1 -1 0 498.46738639873126 178.91465297893166 532.2547322340415 209.3798046973736 1.4389031 1.5151699 3.7451744 -4.538499 1.1412977 35.88225 1.4862381 13.05084750531728 
Car -1 -1 0 98.39582289154963 182.55727821407126 168.2911851291748 209.41524807996558 1.557205 1.6716973 4.0414944 -28.721098 1.4030718 43.722233 1.5426116 6.960381033210516 
Car -1 -1 0 277.3373780425276 184.7381041967022 350.8375840725562 220.25042920829839 1.4758756 1.6055312 3.8909936 -12.882232 1.456027 31.836243 1.5904833 17.767592355707922 
Car -1 -1 0 177.98182046875363 181.0410532272961 286.764775985945 227.41420924535734 1.4383872 1.5447593 3.7897496 -12.492794 1.3088994 24.22857 1.6211276 3.506695306904726 
Car -1 -1 0 377.9796852998105 183.96394762484542 442.60192911508943 222.85484017731756 1.5792922 1.6597296 3.5441859 -8.414766 1.5284607 31.004238 1.6226633 1.5223959151429556 
Car -1 -1 0 630.2271760651422 178.91569594055903 649.6381487522693 193.4360689487054 1.4607592 1.5342875 3.978578 3.4135642 0.82697475 74.406746 1.7383165 0.8597891109651749 

