Car -1 -1 0 633.7227932500933 187.52569709859222 673.8142607566267 221.04366834249703 1.5696857 1.6704936 4.2168083 2.258935 2.3820055 37.807228 1.5285974 31.824290194178875 
Car -1 -1 0 870.9037937143808 195.5630004813401 1169.978396684899 300.95744373708175 1.4753518 1.5565257 3.7794006 6.258718 1.857087 11.294462 0.029943997 31.60162257490965 
Car -1 -1 0 754.6916681301823 194.6527127768186 920.9625993717561 253.76987185582337 1.4482486 1.5797477 3.9443028 6.0465527 2.0613575 19.33766 -0.08595046 55.81214852574837 
Car -1 -1 0 723.5988175456496 194.3706413897127 867.5787091229028 244.79182237644932 1.4234496 1.5892609 3.987876 5.667463 2.115354 22.209663 -0.10152253 42.65097713192037 
Car -1 -1 0 10.122202845106635 195.29514930908252 343.048571877881 302.24219794435527 1.4703009 1.6185539 4.1461573 -6.4798727 1.8427104 11.124907 -0.019219566 59.40750516345344 
Car -1 -1 0 815.2860392014455 195.9457910966933 1031.8663459741547 277.8268513130435 1.4709833 1.5513169 3.6153862 6.1090436 1.9550095 14.281007 -0.03763276 60.43781030129492 
Car -1 -1 0 128.8435814921346 189.98132369299242 377.9707793721653 278.5124977994303 1.5233012 1.621508 3.9066887 -6.584692 1.8666766 13.606568 0.024885098 48.06363446410332 
Car -1 -1 0 924.2712335175815 181.842078207016 1242.0 330.73462149832017 1.6397618 1.6137905 3.868516 6.1929574 1.7626293 8.959468 0.0507575 59.40400307121842 
Car -1 -1 0 240.4107226933847 187.28831566883463 427.6534253414822 256.41815397412466 1.6090268 1.6845373 4.089427 -6.8125415 1.9919398 18.170204 -0.06370324 58.01594889429456 
Car -1 -1 0 723.951753389864 182.03209850827236 853.2334086027856 237.82869962580017 1.8002703 1.6803744 3.9480715 6.028784 2.1248393 24.556095 -0.061517924 20.21676005051351 
Car -1 -1 0 796.338437779234 192.14710806874183 980.8828970378516 260.9026353804099 1.4617208 1.5744731 3.7408228 6.478817 1.9417086 16.931389 -0.12799455 12.927886223139115 
Car -1 -1 0 434.3016002759438 188.73025291070448 521.7169183081054 221.37611851233723 1.4879344 1.5836406 3.8752193 -6.253916 2.2666457 34.548122 0.026275674 13.631890878907491 
Car -1 -1 0 412.03369081018604 186.83984641023196 506.8030892568676 225.08737160516648 1.6191471 1.6074964 3.8560636 -6.6026163 2.2549927 31.976755 0.012033813 17.465411788346152 
Car -1 -1 0 283.6302069190886 177.02322501206567 451.8056425777214 244.70837683865915 1.8495035 1.6897804 4.285515 -6.849509 1.9748108 20.758224 -0.039017383 8.349624380846473 
Car -1 -1 0 619.3853348230651 186.30275985370133 641.5374367490257 208.32138965431326 1.4741522 1.5577769 3.9300969 1.532118 2.493962 52.725056 1.602359 0.28497400879859924 
Car -1 -1 0 417.238132334444 179.7091011865538 484.3425534461742 204.2427603224663 1.5028846 1.6123446 3.9931777 -10.021692 1.9470681 45.755173 -0.097994834 0.27640342712402344 

