Car -1 -1 0 283.044174627989 203.9690128154229 458.3483250623964 323.89142860578295 1.4757054 1.6736407 3.9443133 -3.6992605 2.0750475 11.905656 1.5454705 120.57605131524478 
Car -1 -1 0 712.4658444712974 193.36986162118146 881.7268089253303 327.1083403317777 1.5696089 1.5624983 3.6443386 2.610397 1.9305074 10.861412 1.5589448 87.17911095317017 
Car -1 -1 0 671.625743132193 194.67237146388956 777.8191377789655 274.00003941419396 1.465519 1.5676081 4.3984227 2.5217745 2.0409594 16.794682 1.5213761 74.65670718797504 
Car -1 -1 0 804.477095826504 197.84218640480807 1210.7963706845965 375.0 1.5503358 1.5754154 3.3195958 2.984986 1.8250388 6.2386823 1.525995 99.516248841134 
Car -1 -1 0 392.97223231962965 201.77671826354248 498.29993111932845 275.2304749533359 1.4171172 1.6363301 4.090425 -3.8438015 2.203641 17.576246 1.5708246 58.576720752689496 
Car -1 -1 0 470.08475853412136 196.77196240155183 525.8172428393453 241.96265030065373 1.4930749 1.5552335 4.082187 -4.259696 2.4906588 28.049175 1.5655674 14.831716206276269 
Car -1 -1 0 650.0966162309328 192.60240158215512 702.5988317251603 236.40224856989084 1.5246521 1.5803735 3.6016884 2.5843372 2.3580303 28.61111 1.5214512 19.585043012021444 
Car -1 -1 0 618.1016998246372 192.42666659860748 655.5911891058496 217.35983418130735 1.5533041 1.5965886 3.6430564 1.8506069 2.963009 50.00254 1.3104932 4.227987207484515 
Car -1 -1 0 659.8267143845903 192.7315448932133 731.7699481552191 248.78955810294985 1.5040572 1.6038822 3.9529774 2.6294813 2.1878746 22.805557 1.5174628 7.341406907313486 
Car -1 -1 0 439.6951909152134 198.86581423973612 505.1368640830865 253.55098974078658 1.4819574 1.522641 3.6354237 -4.3163204 2.3828933 23.148571 1.5370626 1.3208899496242563 
Car -1 -1 0 587.0187715303692 194.34053842383614 608.8298186424366 212.7240915301103 1.4736093 1.5789562 3.9103467 -1.070031 3.45845 64.62056 1.4568994 0.2949921786785126 
Car -1 -1 0 820.1732204453818 177.5818597136266 906.0523818959323 208.02356805649217 1.4667152 1.5564319 3.7918816 12.608048 1.7092906 36.044098 0.107054844 0.4870820410905219 

