Car -1 -1 0 713.3110913335261 173.47409043804637 883.2594095278389 294.6057017526833 1.6781178 1.6289592 3.9398093 2.9183156 1.6901777 12.024769 1.520642 127.4102121419164 
Car -1 -1 0 694.126541516356 175.49525548925038 761.2804457504922 205.55137074870217 1.4603288 1.5100765 3.5712981 6.056196 1.6039848 37.31968 1.0487463 35.59623268315948 
Car -1 -1 0 287.14085782091786 183.2171450188577 467.92575769232235 243.4858335992202 1.4720098 1.6226332 4.2134476 -6.004644 1.75775 18.925514 0.07616204 41.35096100162038 
Car -1 -1 0 619.1564855112327 174.29848295879384 650.0519584594516 197.37334838205587 1.5185063 1.5776926 3.741518 1.6865156 1.6218615 49.677174 1.4535456 21.928015591969114 
Car -1 -1 0 305.58578276435395 180.38737521311248 454.4426245448858 233.98172780561788 1.4872551 1.6009977 3.8836584 -6.734724 1.7209613 21.348976 0.12433819 8.848965363006167 
Car -1 -1 0 232.525349999922 172.0080871195101 412.97902688274087 251.22354408393247 1.685624 1.5607924 3.4250298 -6.346819 1.6676238 16.193537 0.03506358 10.226864159468516 
Car -1 -1 0 605.4952456811304 172.97879637086348 631.3869892220741 192.16698557332833 1.5152444 1.5897124 4.0385337 0.6933782 1.5258306 59.107063 1.4475644 1.3682903633112513 
Car -1 -1 0 133.86386362675617 175.98672648669526 364.08102379491027 264.4832677064076 1.5815262 1.5502143 3.6112258 -6.74494 1.6446061 13.739632 0.007776814 4.627969774891702 
Car -1 -1 0 366.4255677771008 175.49516458332906 478.50485141184845 215.84368742428506 1.5353913 1.6189032 3.9846525 -7.303781 1.6424146 28.401941 0.013209729 1.8692529720391133 

