Car -1 -1 0 679.8433839120156 172.672548967291 856.3612965395631 300.92623512700345 1.6716788 1.6464708 4.273202 2.2925553 1.6693137 11.590469 1.5053988 142.59990430904648 
Car -1 -1 0 173.72417240160252 191.32538036443287 450.32046482558206 375.0 1.4487818 1.5469248 3.5490499 -2.8688962 1.6936845 7.78516 1.5618908 130.45824567936486 
Car -1 -1 0 620.7723565359904 178.28952757803017 653.5468331930172 203.25212217553792 1.4659303 1.6278744 4.167626 1.6920882 1.8242958 45.43656 1.5023544 16.52731920982659 
Car -1 -1 0 144.2478749126318 184.4377876007016 364.25885601658086 262.5365394161818 1.4474607 1.5669408 3.6827164 -7.051629 1.6975386 14.617248 -0.09793401 72.56699153222591 
Car -1 -1 0 258.1426902153724 181.37256660013884 430.2667820942683 237.9729791243659 1.4377296 1.5733858 4.0469804 -7.0320177 1.6761703 19.384417 -0.012511625 11.84706035521457 
Car -1 -1 0 292.16171453290656 179.23607662645003 429.517207626369 232.26568764441492 1.5283204 1.5770566 3.610169 -7.4371777 1.7282892 21.79872 -0.011451033 5.843696665068168 
Car -1 -1 0 394.3456996273231 180.89753807966412 499.1873961269678 218.89849094234287 1.4869447 1.5799292 3.8996763 -6.603421 1.8255639 29.491463 0.04875846 5.884288957116349 
Car -1 -1 0 691.1117335471768 175.90799490402244 755.5734395515365 199.67877192191656 1.511528 1.6262965 3.8762507 7.4043317 1.71522 47.13035 -0.0953822 1.7056955320864124 
Car -1 -1 0 356.225351836092 179.83429479395303 464.40264320926 221.71267115440918 1.489711 1.5590785 3.6323876 -7.4937406 1.7644994 27.23108 0.23009098 1.105212021051186 

