Car -1 -1 0 732.8718233325746 187.99171463720782 902.642332444071 310.8005903465674 1.4349079 1.5383711 3.4405646 2.8514047 1.6933321 10.5874195 1.5840784 69.72702986256861 
Car -1 -1 0 251.53066568491184 182.55527608133312 444.3347434308103 245.8956916143085 1.4816254 1.6357498 4.2030296 -6.399354 1.7339853 17.949238 0.0010937771 33.32745070864783 
Car -1 -1 0 633.6418461608032 178.27132820892172 669.2710115148437 204.12691748740144 1.488231 1.6058738 4.1436667 2.5383267 1.8388286 44.56118 1.4814802 15.508904336482939 
Car -1 -1 0 802.0922019700938 173.201484119984 1020.8343076685121 255.17251575070543 1.6810608 1.6669943 4.073903 6.441162 1.6890802 15.728692 0.04464503 76.40646870076854 
Car -1 -1 0 295.2856723590208 179.44815747125924 455.6465904920093 237.07298849872737 1.5439701 1.6472614 3.997404 -6.5467854 1.7389314 20.435368 0.037232652 19.795564420894006 
Car -1 -1 0 721.4621429845996 180.29238808804084 844.1331063666547 223.9575987705331 1.5011408 1.6075494 4.012982 6.210388 1.780045 26.093458 -0.07960695 27.663360047218053 
Car -1 -1 0 133.34821880737147 183.95817072003265 401.3608379874023 274.4601736619018 1.4793532 1.6158813 4.1151476 -6.056446 1.6947671 13.016232 0.08572903 77.92962077138193 
Car -1 -1 0 35.10991170378274 178.64174441455296 342.6090276232077 300.44879857847667 1.616365 1.5891801 3.7054565 -6.089664 1.7098169 10.659603 0.1086078 56.540301847649246 
Car -1 -1 0 700.7399578281239 181.51277001421144 804.9850871720294 219.3165257680918 1.443084 1.5794605 3.810206 5.702818 1.8018348 28.938168 -0.089392304 22.701407778253255 
Car -1 -1 0 0.0 183.89854483538062 309.9394876435129 340.2354708456713 1.5702262 1.6032163 3.973131 -5.7460175 1.7102342 8.259533 0.043460317 70.81834465761195 
Car -1 -1 0 702.678889727677 175.15671401896964 799.515733264856 215.53460866632597 1.6868086 1.6548133 3.8279767 6.0542665 1.7889681 31.12719 -0.029635994 7.15010925442542 
Car -1 -1 0 187.07186804379202 180.48483627490535 394.96920316340635 254.46942000650196 1.4989614 1.5968924 3.8213375 -6.819699 1.6741121 15.680899 0.043388426 23.81017122253906 
Car -1 -1 0 354.4818636251499 177.27432136581112 479.78554379081595 226.13364310622256 1.6102532 1.6641309 3.9350555 -6.5615125 1.7688048 24.917343 -0.067754835 20.69433736654224 
Car -1 -1 0 757.7464213423159 181.49402447793065 904.36967709155 235.33345471227997 1.4985776 1.5667905 3.8123064 6.415927 1.7615283 21.151068 -0.013066288 6.700947618163865 
Car -1 -1 0 456.8425584014329 176.23099986594957 535.1986507840496 205.87316019740084 1.5513744 1.671409 3.9257107 -6.0740905 1.7374909 38.86697 0.032557037 3.519877070827668 
Car -1 -1 0 623.3640330132979 178.20798481365475 642.9201957284018 197.26577584483766 1.4901257 1.5241542 3.8828797 1.9170213 1.9458055 59.461258 1.5810677 1.19927666226631 
Car -1 -1 0 784.336902717835 176.2873623823367 965.4403913840499 241.7652432410579 1.5663757 1.6133409 3.967005 6.577009 1.6567042 18.164783 0.005819681 1.2753226653512904 
Car -1 -1 0 368.18445440147025 167.59137692609664 488.49552924394 217.2983945468475 1.8316796 1.6339823 4.1672163 -6.8178425 1.6377543 27.422699 -0.0083606 2.234736669115727 

