Car -1 -1 0 0.0 182.4615667064029 288.317694433788 340.6065505190352 1.6664646 1.7332937 4.334519 -6.2295947 1.8300477 10.078334 1.5220324 122.7042747383739 
Car -1 -1 0 244.35368907415483 184.3809162429797 389.77798732238625 266.1539510737586 1.5808486 1.6683043 4.107504 -6.5162005 1.878639 16.584486 1.5734756 78.11373732951297 
Car -1 -1 0 396.46777139211565 185.54769750627972 462.321765805834 228.46315752398996 1.4499276 1.6127586 3.802339 -6.76056 1.9660934 27.425196 1.5535191 53.10184035412931 
Car -1 -1 0 476.04200340581826 181.8840054687689 512.3628602475663 208.66938170531694 1.450567 1.5178894 3.5188704 -6.6762323 1.9987457 42.034367 1.5816567 7.927377751171334 
Car -1 -1 0 496.9472980210545 180.27186098962073 545.2639349916132 214.5429033711187 1.4301804 1.7798058 4.383138 -4.0055046 1.7950125 33.277416 1.5496067 37.77919794919888 
Car -1 -1 0 626.4804123929778 175.16474422605702 654.6785167345678 198.68277137609945 1.5237002 1.598577 3.665233 2.070674 1.6865382 48.980484 1.5263588 18.006251652957644 
Car -1 -1 0 1077.4844265273168 153.98597171315035 1194.0259972320346 201.86093285141794 1.5271593 1.5959737 3.981711 18.136557 0.9252896 25.100243 1.7132313 4.400449209394782 
Car -1 -1 0 699.8528893375122 169.2051704301808 777.9291148271811 196.3275293405339 1.5550064 1.7322631 4.3008175 7.5320616 1.3458078 42.303577 0.032547306 11.204764767358991 
Car -1 -1 0 1161.3458760955125 140.05759466626324 1242.0 172.60745404422732 1.4642036 1.5667144 3.4703932 28.26904 -0.012294576 34.232132 1.5880051 4.183297467509331 
Car -1 -1 0 698.2306344974406 163.59225379476567 770.42064699058 192.54396152016352 1.7725807 1.6605544 4.181599 7.76713 1.2055261 45.123764 -0.0566409 6.592156440670195 
Car -1 -1 0 866.3217230597232 150.88124437464094 910.56198303619 178.22346832924012 1.9117386 1.6258099 3.8212776 20.190466 0.37542713 52.386913 1.5359784 7.406493564519453 
Car -1 -1 0 1025.140192645172 145.30037584323844 1098.9354370458436 175.73772433268593 1.658269 1.7166903 4.0575175 25.825397 0.1571091 41.348244 1.5815432 5.303137500890128 
Car -1 -1 0 841.1069548494661 159.3404062629761 876.5613781610067 178.95598855323186 1.5495926 1.5579193 3.7248213 20.294205 0.48204485 58.874115 1.5555805 0.2503434419631958 

