Car -1 -1 0 125.06297166438885 186.67845405269415 339.7875642238589 308.09022429934555 1.4809326 1.5204642 3.4013186 -5.4456835 1.7227762 10.907095 1.5509441 123.47932339719068 
Car -1 -1 0 743.9562817531136 180.56231791992585 907.4784251938098 286.6596203543647 1.4434423 1.5607057 3.5566802 3.3568425 1.5894365 11.871487 1.5498183 84.6213008821108 
Car -1 -1 0 276.37185606933065 181.34496473170586 417.85858023267633 264.53888685813394 1.5164219 1.6141473 3.8509395 -5.4408727 1.721261 15.476275 1.5769126 89.92831821108626 
Car -1 -1 0 809.7956702078549 183.9388303922963 1242.0 375.0 1.4826959 1.6152613 3.9379187 3.2246156 1.6114829 6.3688073 1.5102223 110.41151882717466 
Car -1 -1 0 477.3709107436553 178.0374447714482 529.3777019614463 202.01823476113336 1.4188392 1.5679706 3.6250489 -6.713161 1.7585815 45.40025 0.87204367 26.143760643553076 
Car -1 -1 0 278.1782146117671 178.62104798983947 323.06923299826764 213.7710912753757 1.4669529 1.5258155 3.764197 -13.981693 1.7453172 32.802216 1.2612736 1.5732563283986036 
Car -1 -1 0 683.4486960546765 172.12386137086978 733.8989090452907 189.1088938291978 1.4207004 1.6062585 3.9549031 8.435397 1.3596282 61.514168 -0.18974599 2.8295322876636155 
Car -1 -1 0 581.4464146324901 175.04046383638817 636.5251627528725 194.46025626307195 1.5141001 1.6227089 4.2330594 -0.03107524 1.696647 58.45014 -0.54485375 1.3683303180389608 
Car -1 -1 0 634.277114734183 170.02094721245172 674.8690481370462 186.78351761459123 1.5590246 1.5906013 3.7760017 4.2497168 1.2955325 68.03935 0.07350309 0.2768440544605255 

