Car -1 -1 0 706.874751567564 177.4244375953116 840.6250126183113 268.01845840585344 1.4285542 1.5699736 3.5430841 2.8770394 1.5245169 13.354306 1.5392698 50.41208229478673 
Car -1 -1 0 677.655203592476 172.8387243445585 768.5798837852991 237.30666311221958 1.5069013 1.6649525 3.9353607 2.8446085 1.5065441 18.853495 1.545685 67.84676852944392 
Car -1 -1 0 654.0069243805087 171.77097982511467 698.5083180501254 207.65664035226956 1.4401641 1.5803025 3.7695804 2.7931914 1.3967001 30.847218 1.5780222 46.06276273888123 
Car -1 -1 0 750.7039955896005 151.80408711597434 1083.8681915985328 375.0 1.7557852 1.7253227 4.2828956 2.8423772 1.5906343 7.816121 1.554564 88.41176752588602 
Car -1 -1 0 0.0 180.53952213724733 302.27295795145284 296.57521042669765 1.4738178 1.5951368 3.865665 -6.5628242 1.5896747 10.073946 -0.0028217 43.721576887241966 
Car -1 -1 0 83.07809625798554 170.96768617071842 357.9055109081826 274.20728233569434 1.6219695 1.6138525 3.7723956 -6.4229198 1.592334 12.225815 -0.04444303 49.44767504766499 
Car -1 -1 0 325.74486257797133 167.73193491887102 468.30852079182523 223.83029410024244 1.608984 1.6545227 3.764234 -6.261346 1.4620755 21.5313 0.0049297353 29.819306770946906 
Car -1 -1 0 383.8723501334133 171.95020302174706 501.4282495717362 210.05485092487902 1.487018 1.6508832 4.3390017 -6.7201114 1.4517475 29.24475 0.12380865 15.582677281047 
Car -1 -1 0 167.1818149317987 163.5511650990229 417.5356843275871 254.67090711587198 1.7389365 1.6740054 4.3327894 -6.276808 1.5614004 14.609043 -0.000995428 33.75584186607577 
Car -1 -1 0 276.7738087765929 173.48142822240965 452.81993688042076 232.20851531800795 1.4700847 1.6164372 4.0967484 -6.3844185 1.487494 19.051651 0.07986684 5.899273310146537 
Car -1 -1 0 425.8193549889082 161.174907830087 521.1938515111345 199.5779812523529 1.7727796 1.7114854 4.1909304 -6.387159 1.233644 34.170876 0.003434089 3.3263281807392953 

