Car -1 -1 0 566.0029125494266 182.2490561891383 612.1415464280236 214.23451346966525 1.5029988 1.5412811 3.3180814 -1.0880253 2.0054703 36.77919 1.2794175 44.46942884801316 
Car -1 -1 0 846.5025633843 182.0084904748182 1066.120537565672 261.4247526917318 1.4538155 1.5945319 3.728737 6.849586 1.653738 14.614794 0.19457093 126.60237631359759 
Car -1 -1 0 633.9588719927896 178.99338665967858 723.5167260229365 236.2957316153824 1.5884492 1.652215 3.4674287 2.046576 1.7942001 22.293476 1.3113749 56.63655749078687 
Car -1 -1 0 606.5648945832156 178.45396325299967 662.0323804237764 202.15002774668324 1.5096338 1.5858803 3.6112812 1.6878347 1.9004985 48.584747 -0.70844305 5.273140406536979 
Car -1 -1 0 515.2511394133684 179.77202449019643 573.0114318582774 202.64655149536577 1.5453475 1.638689 3.9615502 -4.67381 2.0613902 51.873314 -0.74930465 30.287190835070746 
Car -1 -1 0 649.5305208602887 174.1108125913749 704.7463046389713 195.85633193139017 1.4960382 1.6146286 3.9963837 4.874927 1.5895429 51.771072 -0.70548886 1.465889850477398 
Car -1 -1 0 694.8120782425381 174.78471900634543 738.6475401266654 195.38709532184274 1.5177938 1.5460434 3.378192 8.215782 1.670077 55.194252 -0.74906707 2.4422058093952796 
Car -1 -1 0 796.3406427460928 172.02541266847962 837.1546793679394 189.28813104258657 1.5218984 1.6134633 3.8716073 18.80989 1.448849 65.4491 -0.67313206 0.5490580880519792 
Car -1 -1 0 792.873295653179 171.6912963564814 820.1674035908446 193.1390428060445 1.4807096 1.6158953 3.9303615 14.207022 1.4004385 51.935505 1.90949 0.2594650089740753 

