Car -1 -1 0 708.9672593148382 188.83955794994324 836.2916407806066 273.16503661822037 1.3903153 1.5808465 4.1912637 3.1638777 1.7652433 14.810238 1.5483632 108.42048908742674 
Car -1 -1 0 655.3825951797028 175.64711385094816 703.7744857425702 216.69558783810967 1.8092041 1.7283094 4.261561 3.2542 1.9501908 34.258347 1.5323502 49.3453300741446 
Car -1 -1 0 0.0 190.73839971574452 302.0100128075628 347.90605511051825 1.4563295 1.6255463 4.188982 -5.7736826 1.6740375 7.8417273 0.062301323 93.4849003009025 
Car -1 -1 0 0.0 183.8516637775804 329.39555153313376 298.9255427490126 1.5125349 1.628248 3.896325 -6.340914 1.6856786 10.503605 -0.021625886 59.353913517833476 
Car -1 -1 0 103.18696407189546 166.67221661104193 367.91954763498194 274.26965428123117 1.7778627 1.6628673 3.8294642 -6.4757547 1.6757193 12.805871 -0.027464531 35.491330529291396 
Car -1 -1 0 402.66145034315605 177.79426907469235 506.0913550813569 219.31367685491045 1.6131465 1.6134378 3.8176725 -6.1872396 1.8175278 29.038662 -0.002617453 11.447807087468673 
Car -1 -1 0 486.4057309192104 181.38868312153733 531.9873058974664 216.43512310751078 1.4424727 1.5989056 3.8511481 -4.4711366 1.8508749 32.58527 1.5499566 4.15792441841119 
Car -1 -1 0 381.10650265031 183.66141520463935 508.12035467495565 231.0299702551983 1.4673663 1.5793618 3.8095412 -5.3154826 1.8330787 23.575613 -0.026848007 0.5808755780531363 
Car -1 -1 0 457.81658354194695 171.13134089618652 531.5310067912133 202.01233241583657 1.7119112 1.6418355 4.0036564 -6.472466 1.6164141 40.957912 -0.07000026 0.5571405729480388 

