Car -1 -1 0 693.6868556872922 187.09633529963446 822.6405455917003 271.4738520617224 1.425463 1.5642319 3.5250196 2.8669872 1.7507674 14.644819 1.4644256 122.0773070758043 
Car -1 -1 0 650.6026894788713 182.02335138453705 715.9582960432471 230.9262431443373 1.4494424 1.5996351 4.185273 2.3905811 1.7853725 24.308678 1.5268877 65.3345284998394 
Car -1 -1 0 0.0 195.67139109684075 337.0723231055126 304.48724771563303 1.4094943 1.5998795 4.0681167 -6.2996507 1.7669725 10.494902 0.004642717 136.22230231530827 
Car -1 -1 0 381.8564375524149 184.81899310045887 503.0787269737938 224.11033176513283 1.4485109 1.6335233 4.311235 -6.412589 1.9265447 27.973724 0.017176429 28.01041440442317 
Car -1 -1 0 107.10771165966091 192.10946844802723 365.54118298042397 281.0932680303447 1.4422977 1.5432827 3.8096359 -6.5114145 1.8064787 12.844384 0.016069634 40.94668600662672 
Car -1 -1 0 238.96002207483858 187.50459329196835 425.8479578982741 251.90899006578567 1.4512124 1.5910418 3.9176712 -6.620778 1.8234515 17.487694 0.025385773 38.59206781600684 
Car -1 -1 0 642.0869128295053 180.40304401564615 684.2157387249068 212.77801333943492 1.4442074 1.543789 4.1642604 2.5619674 1.8356495 35.29467 1.5188718 8.494215623717835 
Car -1 -1 0 283.65272074103814 184.59867311317842 442.0145850118576 242.49053895973992 1.5045457 1.6147981 3.8405929 -6.732396 1.8435857 19.96566 -0.029337032 21.48809745742302 
Car -1 -1 0 176.2156602303646 192.20483264575319 392.1351193994521 266.33596817299286 1.4271895 1.5521429 3.82973 -6.7071743 1.8555353 15.146849 -0.025665125 23.87867051753691 
Car -1 -1 0 320.82797214877957 183.33319999041765 455.8848465014478 236.1937904716809 1.5429292 1.5309372 3.697085 -6.7992973 1.8811834 22.359917 0.09103051 11.151085726854955 
Car -1 -1 0 742.3976951939004 179.9887736069484 808.2758940770635 221.83780703158047 1.4535973 1.5618715 3.8477035 6.269326 1.7463585 27.665482 1.5476698 6.379825642069569 
Car -1 -1 0 489.73667053834106 179.81607131850575 547.8419050833028 201.53241001310127 1.4987063 1.5988655 3.822425 -6.5103493 2.0110335 51.84681 0.25154477 0.5955850481987 
Car -1 -1 0 628.5283886778094 175.0183037053349 654.887080968089 198.81379145733712 1.7210699 1.6823417 4.0306215 2.3965108 1.8909769 54.60125 1.5369673 0.5904690953637612 
Car -1 -1 0 514.4152054646876 181.51602041799262 541.0890519949124 206.924836683761 1.4666462 1.5000954 3.5605636 -5.037174 2.025548 44.726093 1.4983658 0.5540618183622331 

