Car -1 -1 0 674.2120554343685 183.97680207496796 743.2708763940545 237.60281076176176 1.4091133 1.553083 3.4230149 2.8585064 1.7653062 21.38912 1.5634394 69.57459938229441 
Car -1 -1 0 757.8698953365332 178.48206967876982 1051.847843461365 375.0 1.6146023 1.5852258 3.432051 2.782917 1.6878078 7.635538 1.5261942 138.58471398588028 
Car -1 -1 0 723.7357327541016 176.2561455844543 838.8510610440768 223.65459429177676 1.6727258 1.6995125 3.8828382 6.2447996 1.8024647 26.558239 0.056076605 51.1962690176937 
Car -1 -1 0 249.6634111170295 186.84618254121852 439.2277517403312 253.55874220969397 1.444979 1.5649171 3.8336897 -6.070571 1.7864056 16.788857 0.018384106 76.59297007910155 
Car -1 -1 0 0.0 186.81855130218298 304.2697714680661 321.3189345860231 1.4816034 1.6129907 4.011781 -6.1568074 1.6730535 9.011552 0.037196595 77.92475490128716 
Car -1 -1 0 304.69211463249985 181.6021290140982 473.0388182413973 242.9036811731108 1.5192332 1.5628462 3.9403067 -5.7234254 1.7597435 18.981543 0.037909232 67.46606019470045 
Car -1 -1 0 350.69534143474476 182.0084607991313 494.3904473701869 229.88930958357108 1.4888246 1.6239333 4.313874 -6.142199 1.8056636 23.90781 0.12025704 18.088682310992088 
Car -1 -1 0 118.87189297812168 185.13069535253527 361.6786774920077 266.13812684304924 1.4616152 1.5833986 3.9290485 -7.0805097 1.7159331 14.109743 -0.023311518 13.26541974669003 
Car -1 -1 0 328.65327421961587 180.28610179705848 471.170356189467 236.29971739755047 1.5725634 1.5660224 3.7522645 -6.160432 1.8026733 21.420465 0.073972054 11.279254155836496 
Car -1 -1 0 632.6411638014662 179.4872370009864 657.4851423218979 200.8626784510796 1.54192 1.6914842 3.9396439 2.6846023 2.067955 55.246567 1.5664062 5.675639918014433 
Car -1 -1 0 363.3042153531865 179.56364290244403 478.5249148820817 224.4590181815141 1.5815492 1.6258006 3.8070133 -6.8587904 1.8354688 26.484636 -0.004385161 7.260732572746056 
Car -1 -1 0 412.6134268985769 179.87972041507783 509.1035754861112 216.4680633020408 1.5231278 1.608657 3.8219564 -6.3858604 1.8355857 31.228325 0.029823108 4.935027260897797 
Car -1 -1 0 391.0000404631988 181.94656592051123 502.6535671255327 221.2810317259858 1.4987152 1.6092439 4.0695066 -6.420388 1.8714087 28.729008 0.020411585 2.7108759685635593 
Car -1 -1 0 428.34022736896674 171.75381866896345 511.2392445212248 206.2610112575208 1.7869589 1.6232698 4.0793657 -7.3505363 1.7299857 38.190895 -0.0070435996 1.6052948849628248 
Car -1 -1 0 678.1802676835188 177.8309947301476 713.1576518214458 208.42141301729313 1.6116409 1.6685987 3.9923887 4.808737 1.9064366 40.7064 1.6155279 0.5834559999719191 
Car -1 -1 0 0.0 164.6803417631073 308.61079242081917 285.831053500797 1.7334875 1.645894 3.8325963 -6.9377813 1.6165345 11.22286 -0.039895102 0.6403993592189745 

