Car -1 -1 0 218.74178112869618 188.02332435292158 381.6118419843961 285.22304584640057 1.5583694 1.5816925 3.715298 -5.797144 1.8920281 14.009829 1.5667356 139.1253664667577 
Car -1 -1 0 771.260841740216 179.5161349862544 1072.606381141808 361.90385883757955 1.4854605 1.5767634 3.7549973 3.042487 1.5761616 7.9194927 1.535943 98.95136001700342 
Car -1 -1 0 717.1751522957434 177.53954053359385 862.192667374178 272.9032756035647 1.484232 1.5584679 3.4407039 3.1241884 1.5813582 13.180597 1.4923594 88.05443523991713 
Car -1 -1 0 338.4738833703022 186.99582339067857 433.8329678635687 250.48941038375213 1.4536748 1.523469 3.550657 -5.800706 1.8636254 19.118359 1.5399711 73.57361304424289 
Car -1 -1 0 699.6048536010195 177.92681783833746 790.7693529731707 238.61527155369086 1.400003 1.6426799 3.8552358 3.4312384 1.5464687 18.900354 1.5649587 26.59630754974234 
Car -1 -1 0 376.18759777003356 176.87002202601929 453.3266567802075 204.5472916249854 1.6182169 1.6310656 4.1779327 -11.685377 1.8651676 43.415646 0.066601075 11.359917447868424 
Car -1 -1 0 329.61271186373375 183.40345651473575 375.08841775105856 205.88121315158054 1.5301441 1.6543204 4.145556 -18.978199 2.3377426 53.15421 0.8228332 8.49122663264397 
Car -1 -1 0 730.0894313210184 170.2954743294262 766.1489837014498 193.7567158955052 1.4875689 1.6203909 4.171033 9.256225 1.3253443 47.986725 1.944249 0.6368982994213682 
Car -1 -1 0 757.3478267946796 149.0438137735067 881.6139310264571 210.49566182246366 1.8446143 1.6311882 3.8788567 6.8123336 1.1298983 23.33638 -0.5249972 0.27937352657318115 

