Car -1 -1 0 641.3815924008029 177.07480313931075 680.9777987017908 208.848975808321 1.4733407 1.5554256 3.6696768 2.5131364 1.6937847 35.818634 1.5288336 24.356165656666917 
Car -1 -1 0 696.3092411997903 167.6048724993463 858.2599282954945 289.1169704617015 1.7913449 1.7445202 4.451775 2.7486181 1.7139616 12.886603 1.5425755 108.62325071407939 
Car -1 -1 0 660.8338600149716 178.52243847028123 726.6282965511205 228.94409959737632 1.5028961 1.6372206 3.9145458 2.7029119 1.7063932 23.927067 1.5470159 38.46192650831751 
Car -1 -1 0 0.0 188.81150805848267 339.0480560612138 307.8966278742387 1.4730732 1.6271441 4.253957 -6.1786733 1.7127221 9.993573 0.01360625 63.66111977991635 
Car -1 -1 0 244.38969806058628 177.30824873314893 422.09217731615 249.84904508218392 1.6223052 1.5912213 3.6295757 -6.4540057 1.7336395 17.140617 -0.055070218 39.3254778832567 
Car -1 -1 0 97.45088201655209 187.6829677191035 370.2466799343793 280.47995471099915 1.4307177 1.5694035 3.8857906 -6.297174 1.702906 12.330224 0.06737818 48.3665888259904 
Car -1 -1 0 375.49769501149297 173.2616029604651 490.09612624231045 219.33916133671943 1.6306155 1.6571624 3.7608366 -6.4519567 1.6461759 26.548496 0.0913856 21.229569298535637 
Car -1 -1 0 677.6571703093991 182.85639125951823 763.6725710624811 247.1694830702441 1.4395611 1.5376725 3.320913 2.7322776 1.7177346 18.37208 1.5243059 23.748389936046305 
Car -1 -1 0 412.2073399848112 177.1399908732138 512.2831326890998 210.4174765697374 1.5228281 1.6792843 4.4075274 -6.906937 1.7308125 34.130043 -0.02008912 9.802330073177009 
Car -1 -1 0 440.4160883186633 170.87176067547728 523.4027897831606 203.9273842779875 1.7467957 1.684348 4.1823683 -6.8474207 1.6420457 38.976803 0.002677503 6.657149288560958 
Car -1 -1 0 633.3861439501901 175.45488867285232 661.4272646898534 201.81716676356004 1.6232679 1.629947 3.7168093 2.411184 1.7981586 46.6572 1.5740072 6.433399038448244 
Car -1 -1 0 172.41968342556945 182.9401710638549 394.3630296513551 258.45101584110444 1.46564 1.5875232 3.9013233 -6.6660037 1.6866782 15.015149 0.001835459 9.919865326143073 
Car -1 -1 0 279.6252272345827 174.21241258957428 461.6815734081043 238.29719270518055 1.6557852 1.6788684 4.369202 -6.3578415 1.6941214 19.52058 0.001268467 16.27268658788869 
Car -1 -1 0 537.0534998077012 174.85772287657664 562.3501312449142 196.695226188293 1.6551036 1.5917821 3.2647402 -4.734749 1.8176472 56.77083 1.3639677 8.445130433982904 
Car -1 -1 0 343.2658330584278 179.9373108948986 476.12879223863683 227.23722623715776 1.4833667 1.5873774 3.9258678 -6.544698 1.7266105 23.842993 0.07309556 1.64833272363144 

