Car -1 -1 0 631.320237496624 179.80739692236082 702.5592938037519 228.82281149708984 1.3938789 1.6112312 4.2183323 1.7533257 1.6394225 23.30729 1.4821439 84.46869896026742 
Car -1 -1 0 902.8355897869876 192.50145064273067 1242.0 351.4196697702306 1.4566689 1.608461 4.048362 5.503224 1.6934226 7.7686424 -0.06091185 81.68568803083195 
Car -1 -1 0 613.5272180035993 175.90692871451114 649.7623049190732 205.20529325973467 1.4657502 1.5231588 3.9362636 1.1318141 1.6373625 38.53891 1.494485 9.573151022173285 
Car -1 -1 0 860.8684583327607 163.70099611675695 1202.28970213681 302.2014336763956 1.7631303 1.6423731 3.868855 5.7483125 1.6466112 10.115165 -0.05691044 51.739759379922326 
Car -1 -1 0 289.12901130721696 183.80794247495928 445.02792406317013 238.99219337408283 1.4454002 1.5496101 3.809045 -6.668027 1.76282 20.07003 0.033660706 19.4365186231684 
Car -1 -1 0 338.64332959437337 180.0956967750963 453.40965123318733 225.14081392276577 1.5006362 1.5424459 3.5280225 -7.4018164 1.7622162 25.190422 0.05819793 22.74636236322611 
Car -1 -1 0 215.6788235210837 183.50295355466355 408.4111274822872 247.952677950566 1.4674098 1.6251451 4.013156 -7.118586 1.7384334 17.533144 -0.008958501 43.69705347022569 
Car -1 -1 0 406.8239333540169 177.82357168102445 499.2350912855905 209.99585627564878 1.4958402 1.6465834 4.0802484 -7.4600005 1.7400734 34.63207 -0.002534851 5.335984204202043 
Car -1 -1 0 610.2422935977977 175.1575493518296 643.5574018818004 203.41766379104345 1.6191039 1.6278796 3.7683566 1.0059688 1.7645023 43.59943 1.4902037 3.574857101984461 
Car -1 -1 0 471.0525202236638 173.90842407961665 501.08873178262996 200.5962311517807 1.4932563 1.5791458 3.98821 -7.337371 1.5586824 42.65509 1.3580177 0.295796662569046 

