Car -1 -1 0 399.4857965498762 185.4312256090019 477.3174089832112 234.25512234122547 1.4325032 1.5857733 3.8065119 -5.6135592 1.8860497 24.091354 1.6032469 56.56417022543756 
Car -1 -1 0 325.74111095414787 188.8141158902906 442.57440687360406 256.81560010635087 1.4760213 1.6591344 4.008553 -5.6638494 1.9332843 18.643156 1.6019726 59.18000937245682 
Car -1 -1 0 438.20832157706457 183.01147720024125 498.1492171455184 223.69883051028953 1.4738287 1.5608437 3.6146758 -5.5872827 1.9064054 28.890957 1.6109405 20.268783457831134 
Car -1 -1 0 1108.0339540147618 135.04161606988177 1241.2644389576462 175.56660108623828 1.6039858 1.663198 4.061619 23.029799 0.10736506 29.518917 0.06427978 37.07013542088898 
Car -1 -1 0 498.8970654462514 179.76569796970693 541.7569869766069 208.16677381933007 1.545889 1.6002194 4.0830755 -5.188589 1.9725294 42.421417 1.681047 9.699342781784763 
Car -1 -1 0 1019.8836335186389 145.7780362675329 1112.5504126152696 175.02196972565145 1.4991813 1.5870528 3.8848975 23.903263 0.1111401 37.842518 -0.030873109 11.376911045505874 
Car -1 -1 0 469.3889157599977 182.6761557990085 518.6611610697056 214.94670601519002 1.4126525 1.6028612 4.0948877 -5.522554 1.9162334 34.920277 1.6039762 11.632913154838079 
Car -1 -1 0 1072.67929427632 139.69769687298506 1191.5756164065792 175.63507094916844 1.567651 1.6330763 4.1036344 23.369625 0.121315 32.369476 0.03841682 6.354279248836629 
Car -1 -1 0 725.4520840469902 168.17924133112658 768.2605351580135 195.9737239813763 1.4421937 1.6529578 3.9204757 7.4410615 1.1996307 39.412766 1.587516 14.046712407230725 
Car -1 -1 0 785.510291903114 156.96961730088444 844.6472968335701 194.56061463179162 1.5497253 1.6694107 4.1073995 8.985134 0.89487606 31.847315 1.6324434 3.6618606658423407 
Car -1 -1 0 757.229795452582 163.3722137864317 844.9348217031928 194.4182867110514 1.4844464 1.6502616 3.838244 9.400528 1.0310812 35.549927 -0.120643705 0.7489867248534663 
Car -1 -1 0 519.8035637394592 169.29907363520616 535.4472056174692 183.86311329402938 1.5829042 1.6240116 3.9115272 -9.112301 1.1965338 80.43859 1.4857175 0.7864886641771667 

