Car -1 -1 0 43.72135558743752 195.27549061953349 269.6117797347992 293.7130494448185 1.3986473 1.5715473 3.8753595 -7.5676517 1.6017796 12.564093 1.5529397 89.08904973334491 
Car -1 -1 0 427.5356077373652 186.16235947015326 497.17532650460987 230.3580741272615 1.4225256 1.632473 4.4695377 -5.025186 1.4590411 25.48121 1.5552924 74.9429616202124 
Car -1 -1 0 286.2920912642378 184.83031813068476 387.6847308823134 236.90243031609972 1.4062583 1.5917442 3.6918979 -7.8630815 1.3958508 21.264439 1.5772266 18.975584253095352 
Car -1 -1 0 48.28297365486883 190.99651295713613 196.8884109278022 254.08198496826327 1.4673178 1.5891069 3.7346065 -12.601213 1.6353972 18.985996 1.5057292 17.594657866078283 
Car -1 -1 0 572.6445997418317 182.18322338441882 605.1091283124583 211.04887402941196 1.4711628 1.6547681 3.8355408 -0.96832716 1.3166101 38.569584 1.5526515 19.031835677155186 
Car -1 -1 0 215.52739723226398 189.77714551314597 451.9347401288614 331.9014105098291 1.4890056 1.6285596 4.1609 -3.3654687 1.5640631 9.746767 1.569093 86.86418857591316 
Car -1 -1 0 358.5071583397169 186.604630985341 418.4160791934213 223.68983186704602 1.4142642 1.5395641 3.3876185 -8.83405 1.4741517 29.269321 1.5267419 25.134993550718477 
Car -1 -1 0 387.67914715587153 180.3646972162512 425.1350212162507 204.742389062891 1.5663562 1.6225991 3.8882878 -13.404419 1.2546616 48.17602 1.5142562 4.434378587581622 
Car -1 -1 0 138.85401783566553 185.64102836213365 274.95023250594886 230.85870627984474 1.5161172 1.6136324 3.8198905 -13.805435 1.5313486 24.930382 -0.002903401 3.286046734778198 

