Car -1 -1 0 628.8175171259253 179.43235603309162 683.6950840556069 218.83442202337608 1.4320712 1.6382965 4.261291 1.8073709 1.7176642 29.13948 1.4967483 53.54366472884591 
Car -1 -1 0 855.3521763042457 185.38764580466602 1166.903806673748 296.7316249887659 1.4707339 1.5666847 3.7826853 5.793438 1.6718735 10.6586075 -0.07377109 73.40421273324591 
Car -1 -1 0 784.1398625089273 188.1304436795079 1038.1076447766995 271.7030087813766 1.4236565 1.5897186 4.132474 5.556593 1.7307435 13.568866 -0.06903175 68.11046272053683 
Car -1 -1 0 974.8028959160479 188.59083713079923 1242.0 339.963197113248 1.476763 1.544632 3.5172954 6.276069 1.6767614 8.204916 -0.1126173 43.53204560727817 
Car -1 -1 0 0.0 177.75768756599604 266.9881265826813 317.6552792577086 1.631127 1.6819072 4.0787897 -6.9515486 1.7026167 9.5015955 -0.08830884 75.73559201251722 
Car -1 -1 0 359.0738754804671 180.12536454770833 480.99811714506296 222.88072724033236 1.4651804 1.5893246 3.9393787 -6.724242 1.7340139 25.843067 0.019698292 23.42367055353413 
Car -1 -1 0 770.6768780948534 171.85509132739142 967.8179128325961 256.1309365926748 1.7488009 1.6322315 3.7478485 5.6271486 1.7280725 15.900936 -0.06074305 20.407621113846627 
Car -1 -1 0 20.92255211549093 159.3016761436502 341.67063831404073 280.9233541307755 1.8831632 1.688124 4.3461018 -6.9750667 1.673322 12.09851 -0.038173094 41.477719307002886 
Car -1 -1 0 323.768045616115 178.41296250420942 458.9603949422582 228.34013130912766 1.5434572 1.6015193 3.8817859 -6.968376 1.7291441 23.293665 -0.0037312605 13.524406384073304 

