Car -1 -1 0 730.9539778100007 187.79311480610076 919.5905530834897 314.58740350889076 1.5122942 1.6298407 4.412428 3.10096 1.7927359 11.335707 1.5670768 114.01216307390017 
Car -1 -1 0 385.3026815524191 193.0200647085515 495.89681678452604 274.718612883408 1.5243366 1.5757425 3.807697 -3.6757355 2.0338187 16.317661 1.5806384 95.02468554741615 
Car -1 -1 0 700.7015598148856 185.218855208599 794.5312570578099 260.2850075308785 1.5094371 1.5630819 3.619179 3.1210537 1.8308017 16.930931 1.5869267 66.05328398765407 
Car -1 -1 0 276.7472447468035 195.2308703627718 437.17787562024427 316.90663062887637 1.5502911 1.5497808 3.5199122 -3.881824 1.9679035 11.661381 1.5090008 92.11698837878959 
Car -1 -1 0 638.3110023318812 185.1367191858517 685.5258059715961 216.94543143675148 1.5448339 1.5969553 3.3375669 2.7273066 2.226471 38.238728 1.3492216 20.483440708447894 
Car -1 -1 0 554.0392246431172 185.59938072015106 595.7678209326006 202.19818160532498 1.4566612 1.5502782 3.7834778 -3.2449718 2.689466 67.96095 -0.72012067 24.354694868656114 
Car -1 -1 0 601.7551347444771 185.13594528534998 628.6053782236364 207.63419845218147 1.5251144 1.6150529 3.7534654 0.4459771 2.460366 52.992958 1.6758562 4.038269110877915 
Car -1 -1 0 757.1563046785833 183.66338142662062 856.3120622907309 222.1024557559447 1.523335 1.6411904 3.8742297 8.216717 1.9948602 30.35073 0.16300991 3.849811374453722 
Car -1 -1 0 619.6725961688062 183.15821359408253 662.6991105717441 201.20220177131733 1.5081162 1.6680304 4.1641793 2.8746557 2.4648786 64.86685 2.2717621 1.572439953332515 
Car -1 -1 0 940.2033420217066 158.85000376175802 1084.4163501045641 205.24109237861413 1.4816272 1.6155982 3.8951845 13.366862 1.0343709 24.143948 0.15548259 1.2627791569688478 

