Car -1 -1 0 0.0 195.19320219986813 323.0063766939848 375.0 1.5131102 1.6331908 3.9792132 -4.763766 1.8235245 8.022658 1.5534538 114.80153340883825 
Car -1 -1 0 736.8646037553743 179.356253193667 883.1161749209149 271.79034069606513 1.4664552 1.6302209 4.17231 3.6307068 1.6099163 13.830273 1.5670004 90.42572727412085 
Car -1 -1 0 271.9508949168644 186.9746728378345 431.80699245639335 283.82589021437917 1.4997814 1.6338569 3.8500185 -4.6676702 1.8049871 13.665699 1.5765742 100.60291349548277 
Car -1 -1 0 374.18749501802546 186.25546292729643 480.7957108691995 249.88754887652303 1.4049475 1.637672 4.288427 -4.638426 1.7980864 19.004269 1.5937234 67.00391796547038 
Car -1 -1 0 500.8895529074204 177.8589382325938 544.4975624841717 210.72982418143192 1.4892797 1.5193732 3.3611727 -4.156943 1.7435842 34.93865 1.6309485 36.06793777808124 
Car -1 -1 0 812.9242054178775 183.5031584815298 1083.8705528468154 343.22399470762366 1.4656614 1.6206634 3.6090822 3.73612 1.6206752 8.68339 1.589824 93.41804661192121 
Car -1 -1 0 699.5312353389892 176.6326024576115 763.4880627771945 225.6962319334706 1.526761 1.5939455 3.66942 4.0726213 1.6651318 24.579536 1.581176 27.801142722133903 
Car -1 -1 0 708.574655445832 177.64996511821604 801.7522451671008 241.14824593738655 1.4780287 1.6415502 3.9014797 3.7184517 1.6176552 19.048561 1.5620799 43.78703432205038 
Car -1 -1 0 686.3942574813326 175.44396053393513 738.6775529588033 216.9551389353074 1.5916276 1.6101965 4.08788 4.2029634 1.7065557 29.969412 1.5764894 4.641492590994056 
Car -1 -1 0 1080.572499854359 169.9221824549516 1223.688959498271 217.34477677093864 1.469337 1.6460975 3.8747344 18.148415 1.3784977 24.375834 1.4545045 3.203429482324165 
Car -1 -1 0 516.0753995348396 176.0860199747638 554.9775740259639 205.74602305297597 1.5229447 1.5973368 3.858238 -3.994694 1.7083392 39.431923 1.6071038 4.435688125263568 
Car -1 -1 0 583.714119878102 175.62944867875422 629.3848212066696 190.12015501694103 1.4556029 1.6346906 4.5837255 -0.2857672 1.7429942 73.775955 0.053047225 0.936484750557008 

