Car -1 -1 0 716.8488095327909 183.49154811346693 905.760098755995 311.0232871737796 1.5039643 1.6147467 4.3896317 2.813482 1.6999115 11.084063 1.5555022 120.24769729464167 
Car -1 -1 0 297.11622039365403 194.97001067880026 467.4954471717848 310.1727416163345 1.4785279 1.5876535 4.065481 -3.5637674 1.9111602 12.078415 1.5663203 117.01575658215354 
Car -1 -1 0 691.3669142873101 179.59100665587533 797.040461743088 253.7085471092765 1.5094266 1.6442757 4.400127 3.0702472 1.6917269 17.310646 1.553636 92.74508190205745 
Car -1 -1 0 452.0301594495854 186.8881434926955 524.3742877081776 242.86500628664322 1.5081573 1.528307 3.78919 -3.6577234 1.979184 22.307255 1.5910217 58.130555456662584 
Car -1 -1 0 678.101887921416 178.95591104395348 743.2150243785189 232.00618967258063 1.513947 1.5682256 3.7394352 3.1237671 1.7234514 22.898046 1.5781139 43.33260876300277 
Car -1 -1 0 400.621587610298 188.38777002562568 490.7207032580514 261.3462862082038 1.5329232 1.4665986 3.3356395 -3.881504 1.946815 17.549414 1.5599043 48.67005522257943 
Car -1 -1 0 633.6464070235356 178.36532339009224 675.2087927900553 205.28537135081237 1.5567194 1.5962449 3.5461912 2.717482 1.9105556 44.41514 1.3395445 14.414600738318079 
Car -1 -1 0 597.9014783787298 181.60918744784425 623.0841150796275 201.2200048595078 1.5012078 1.5583615 3.898714 0.04450579 2.2428465 59.085514 1.4389365 6.127611978698125 
Car -1 -1 0 880.0637198376289 153.4786298559756 988.9988604833701 190.9109163202335 1.4938078 1.5881809 3.8364923 13.380284 0.720596 29.892384 0.16479765 5.2989435864418715 
Car -1 -1 0 560.1774773616509 179.3685082737748 600.0485986022773 195.29714196896293 1.5598538 1.5629444 4.000116 -3.0048544 2.2463338 74.12616 -0.7211361 1.8899654644852828 

