Car -1 -1 0 646.5604309468979 176.9731031403411 685.8822141131213 210.41081006797114 1.4598147 1.5735762 3.736624 2.6060424 1.6636684 33.835526 1.5771711 39.13802110850115 
Car -1 -1 0 687.0541466116897 181.7125499599231 790.4360054519599 254.27935266867655 1.4220045 1.5737109 3.6232169 2.8142953 1.6463346 16.430328 1.530836 40.08916283728073 
Car -1 -1 0 713.1978009138987 166.4432378782107 916.4505400728168 316.3804931971234 1.8000365 1.7029852 4.316238 2.7860126 1.7230736 10.847269 1.5378231 114.39511632084938 
Car -1 -1 0 666.8938608523947 177.84303301117558 740.3345454020682 233.45696036656622 1.5052311 1.6524475 4.048109 2.7561145 1.6709306 21.929169 1.5572028 49.09348276027088 
Car -1 -1 0 2.1577592937226373 189.48315579559713 332.47597823380954 301.0834035478742 1.4299147 1.5622041 3.8683465 -6.2306504 1.690603 10.412075 0.061855912 53.88268197171808 
Car -1 -1 0 96.74170068850515 183.14159883716076 360.4551468697529 272.200944286527 1.4783459 1.6018353 3.8959765 -6.7059107 1.6751318 12.9840355 -0.008721041 28.95229579272699 
Car -1 -1 0 193.5110725192299 176.38530141634456 401.33507777898217 257.9728446496915 1.6097628 1.6019249 3.6836958 -6.442645 1.6883337 15.182922 -0.038470194 41.59932356265207 
Car -1 -1 0 399.5763239401025 175.583157931474 507.52322700970217 210.88120155651455 1.5112071 1.694289 4.51309 -6.8603888 1.6364949 32.087517 -0.08526897 10.573698785779257 
Car -1 -1 0 359.71034464664103 173.01778316067313 483.05995257684765 221.79309680828524 1.5982525 1.6497314 3.742928 -6.3374577 1.604028 24.546583 0.03913696 22.187766983458804 
Car -1 -1 0 239.9026691796606 169.3688597671435 444.5386931676847 244.19153566380845 1.7277429 1.6802577 4.352848 -6.373431 1.6472669 17.53681 -0.016378842 34.02093263723273 
Car -1 -1 0 638.5896538170718 174.38259274634493 666.4895764582936 200.93353019257074 1.5672095 1.6541865 3.7612965 2.6513515 1.666048 44.732887 1.6236932 2.6895395699677738 
Car -1 -1 0 511.1502874321622 174.58638136194844 537.8559247862383 198.9518575702365 1.4735669 1.5783226 4.004785 -5.3837905 1.5889564 45.995193 1.4816706 0.30361998081207275 
Car -1 -1 0 441.5034866006635 173.31923867375275 520.6029395836089 204.60460014179014 1.5686485 1.6143279 3.7888458 -6.5510163 1.5930717 37.04055 -0.016188066 0.29052865505218506 
Car -1 -1 0 532.5376570575463 175.5689730689151 556.5107690176558 197.81464612802287 1.6361248 1.6683875 3.546409 -4.9559 1.8510715 55.316883 1.5271316 0.257964164018631 

