Car -1 -1 0 724.509050785446 183.41446750126406 812.9440202546607 245.81457790047511 1.5169303 1.577672 3.521344 4.288966 1.8346438 19.92558 1.5428636 57.47376441345502 
Car -1 -1 0 759.1426491028933 190.18651426615287 900.3093557742704 280.42009590539914 1.4262881 1.6596882 4.092946 4.1525135 1.8189206 14.273006 1.6027641 75.85552471344816 
Car -1 -1 0 490.17038089679 186.05687317643083 549.2123519501566 226.89542678631014 1.5210092 1.6532925 3.776696 -3.6755126 2.1076717 30.100935 1.668865 34.829183356849434 
Car -1 -1 0 712.4325915880198 183.3173970547771 771.935332485172 231.15729025791236 1.4769363 1.6146845 3.8315055 4.533003 1.8694861 25.10278 1.6396843 24.25016221447622 
Car -1 -1 0 700.4350940547484 184.11777294174962 747.7801793388436 222.16385851404743 1.4606764 1.5861218 3.508678 4.790631 1.9653943 30.54522 1.6128631 9.168323872833415 
Car -1 -1 0 524.528854962444 185.27643395269567 573.3539300157325 219.03089196950316 1.5188962 1.5516193 3.942824 -2.9671392 2.1752212 36.05529 1.7231898 4.3993225930659 
Car -1 -1 0 680.6868501601514 182.2767251726795 726.4624627477089 216.2511160123912 1.521904 1.6797957 4.1835318 4.5704727 2.0140157 35.584454 1.5625454 2.4657595616643198 
Car -1 -1 0 574.353741664594 184.13673678634174 602.8814949359348 205.20978160340402 1.5534809 1.6188645 3.6968417 -1.6273428 2.47888 57.22958 1.7239348 2.5954969058410176 
Car -1 -1 0 824.0846480104123 156.19148791933205 1242.0 375.0 1.8207841 1.8150864 4.6278925 3.921938 1.6937847 7.8147235 1.5693423 17.41127575577107 

