Car -1 -1 0 628.6069201278217 180.3004527949936 682.2334602656554 218.00655848892416 1.4127736 1.5794945 4.255398 1.8368515 1.7459849 30.093987 1.4755678 47.823749735706365 
Car -1 -1 0 773.9347259152977 187.4450965365355 1010.3808726259334 265.07582310423635 1.4288162 1.602725 4.1488886 5.586446 1.741625 14.547466 -0.058413357 64.06414608413561 
Car -1 -1 0 836.1909103586786 187.6847949281351 1114.4738336695968 287.7799904754656 1.4529072 1.5475631 3.7269735 5.76443 1.7099946 11.621735 -0.060979314 88.48217112392707 
Car -1 -1 0 0.0 177.94946180167156 297.0396266547225 302.29879812527287 1.6132023 1.6897488 4.0727286 -6.9296465 1.6943403 10.466946 -0.089001045 101.58176240939083 
Car -1 -1 0 367.1198245287232 179.07240049776937 486.9438836125121 220.2750653838285 1.4697161 1.6042717 4.039647 -6.7475443 1.7093179 26.904942 0.047290783 30.313267281443675 
Car -1 -1 0 937.1233222084215 187.32059647768227 1242.0 320.3717527843943 1.4717274 1.5833603 3.8066268 6.4091434 1.6753607 9.175477 -0.101778455 37.49994944244549 
Car -1 -1 0 766.9524508252179 172.65870730476612 952.0600422413564 251.04419845816844 1.7337216 1.6390578 3.7519078 5.7586613 1.7294021 16.88636 -0.058314294 27.968324924701346 
Car -1 -1 0 340.0707641464658 180.47765563212258 469.24760081629455 226.15520398914714 1.4657676 1.5882797 3.884273 -6.8238516 1.7309881 24.267033 0.02095835 23.527311309503098 
Car -1 -1 0 61.21851172812054 160.2239604154456 355.415251841865 271.6591331738127 1.8732147 1.6939228 4.3567514 -7.0683694 1.6609049 13.047488 -0.03306223 72.60528895660609 
Car -1 -1 0 381.2754276247742 151.51839777233943 423.5106741351751 177.00768853688646 1.7844175 1.6981672 4.120235 -15.0484 0.29078516 52.616776 1.6267847 0.5989440679550171 

