Car -1 -1 0 703.5403477687543 177.3154553304358 862.5100513347637 282.3395406775865 1.4735382 1.6223218 4.3569994 2.7685113 1.5644397 12.505648 1.5490935 89.22398779280542 
Car -1 -1 0 74.18034101304964 195.79325546947163 405.0789398277187 375.0 1.4953375 1.6403998 3.8283591 -3.543126 1.8036023 7.771573 1.5578003 123.90926744207687 
Car -1 -1 0 331.91892889333366 188.90639523270735 477.06593529289466 288.0661575219081 1.486666 1.5788689 4.014975 -3.628375 1.8312161 13.477746 1.5683513 117.89445782168183 
Car -1 -1 0 776.8699063332261 177.4874831790385 1149.9346709393042 375.0 1.5274122 1.6262517 3.7172885 2.774823 1.5820183 6.6403837 1.5762117 80.8441394582847 
Car -1 -1 0 682.7351289003408 170.52909225871161 778.5989722289411 239.18993753844413 1.5783412 1.6776755 4.41611 3.0116906 1.5248973 18.810358 1.5512743 49.46848695941938 
Car -1 -1 0 455.526183936687 180.42585330169632 526.4833713021219 231.5619374454466 1.4987792 1.5492828 3.8998446 -3.8019311 1.7683911 23.712973 1.6102035 43.82291293594102 
Car -1 -1 0 669.5819351854179 170.4022238997252 730.2607235013165 219.95037647740133 1.5517154 1.5817782 3.57693 2.9795089 1.4749322 24.390072 1.5644556 33.93080172835641 
Car -1 -1 0 414.8830472367169 182.13949137222176 497.00439330043884 246.4803244154945 1.4956467 1.4955375 3.3773065 -3.940982 1.7616215 18.965855 1.5526141 32.20928903071319 
Car -1 -1 0 623.1933397378676 171.93710989912518 675.3636093121097 197.28030557097762 1.5369583 1.5941454 3.8313198 2.4741616 1.4813526 45.8266 1.097327 7.0232776241786565 
Car -1 -1 0 592.32685938744 173.50620831298986 621.2405247464635 192.66832550525518 1.5474297 1.5931486 4.0966587 -0.26968428 1.6041588 60.58755 1.3526638 1.069396297770761 

