Car -1 -1 0 355.99086200926473 188.48430775094928 451.17789968258296 248.1109127104412 1.463236 1.5829822 3.685553 -5.7440147 1.9485558 20.542894 1.5942106 77.80480089597214 
Car -1 -1 0 248.93545359580492 191.6340006104764 404.2788879347829 280.01804801692805 1.5076958 1.6384541 3.965138 -5.732586 1.9542578 15.157608 1.5920734 82.42966015878707 
Car -1 -1 0 407.4362086933883 186.23708502517124 479.0685289562355 233.60015753192636 1.4689701 1.5619508 3.7569904 -5.75069 1.9743717 25.349865 1.5971797 36.08863319167493 
Car -1 -1 0 796.1077636168783 155.5822501727617 923.5392906494045 196.79371294878865 1.502466 1.6887418 4.210793 9.3437195 0.8727814 27.155277 0.0025953688 58.38859899917655 
Car -1 -1 0 663.7258957545763 173.35669445963896 706.2081705814257 208.1442197286532 1.502968 1.5340242 3.903463 3.410676 1.5274485 33.184097 1.567636 12.08305423601145 
Car -1 -1 0 449.3165770969332 184.45048606757666 504.07116650188055 221.4530875245993 1.4386679 1.5996816 4.0273037 -5.6953096 1.9748856 31.34214 1.5807805 24.880777980466522 
Car -1 -1 0 1055.2649377016423 141.88711165912596 1155.3642596104412 174.3269728453898 1.512283 1.5682861 3.7273483 23.627455 0.068666935 34.463 -0.022742964 14.519539320470392 
Car -1 -1 0 485.228345052071 181.77893365504394 531.0844665914252 212.19066397330832 1.5001277 1.601507 4.14632 -5.412807 2.0084677 38.96871 1.6470498 11.033068068482992 
Car -1 -1 0 771.8485753033843 159.91247111318256 867.5178266533894 194.91512058710802 1.510037 1.6170738 3.7628863 9.331864 0.95173085 32.171753 -0.1291683 7.343191258239671 
Car -1 -1 0 732.2506109106581 166.45917827202487 783.1638556748719 196.77975426814453 1.4298126 1.6656021 4.36046 7.3570814 1.1282549 36.206688 1.5723089 9.120834387816958 
Car -1 -1 0 1131.9927719163065 134.15056037175168 1242.0 178.17024613235338 1.5491749 1.6158233 3.7808156 21.93417 0.18709332 27.284542 1.5692842 10.249986777387674 
Car -1 -1 0 657.4498694194375 174.77585126755523 692.8056260892131 204.9304035563893 1.5246181 1.5716813 3.7159455 3.46031 1.6323388 38.580494 1.576077 7.489772827825962 
Car -1 -1 0 509.1935983163013 169.33887987858395 525.2423211211902 184.30954368250087 1.5544487 1.6159494 4.114393 -9.885025 1.1894629 77.07322 1.4228933 0.5879378003345329 
Car -1 -1 0 797.8098468571485 154.79573230042956 911.9486117360362 193.44001460334772 1.5142032 1.638751 4.0480356 9.849402 0.80662394 29.146778 -0.027483305 0.2679157314604828 

