Car -1 -1 0 39.59095604758075 195.4254667503172 404.7962940639761 375.0 1.4244885 1.7314575 4.525948 -3.6979992 1.7454567 7.9685287 1.5359013 135.53129524804874 
Car -1 -1 0 359.3482344542444 189.50849866703564 473.5883365540819 270.5390038320218 1.4474472 1.5233532 3.4491317 -3.9653156 1.841189 15.32907 1.5644518 88.00019791632272 
Car -1 -1 0 646.4635569387193 179.3633236784954 695.4064969296526 218.00784354932736 1.4478438 1.6431326 3.9648743 2.4587522 1.7336652 29.692795 1.561963 58.364657401057904 
Car -1 -1 0 783.4839901119257 167.80570904024282 944.1322063548837 217.80169904743178 1.5061687 1.7154747 4.440283 7.900387 1.3540848 22.668129 -0.033325497 55.65928560742799 
Car -1 -1 0 356.45936448189025 189.27056342033796 442.76668261184966 239.22216492301513 1.3666143 1.4738836 3.852143 -6.574984 1.9341257 22.985239 1.6167911 18.108504496329953 
Car -1 -1 0 733.5899530935045 167.61751827871427 840.4640023636134 203.09586917205365 1.5221975 1.675323 4.288026 7.792245 1.2975262 31.901005 -0.04984848 22.244678527847444 
Car -1 -1 0 767.6938812541335 158.79556275365942 893.4770725819983 209.4194267293483 1.7398963 1.6661549 3.9611032 7.8336253 1.2567204 25.769453 -0.07067461 27.03215209895181 
Car -1 -1 0 443.25254599749104 183.12361492711975 491.68277759920215 220.73119605641617 1.6005061 1.6037 4.0122147 -6.5974436 2.1111703 33.8478 1.5381501 10.522098111051198 
Car -1 -1 0 1015.4884305978877 151.7059779834819 1122.1301424425399 183.56341805110594 1.5095246 1.6548493 4.1939216 22.299643 0.5074521 35.119358 -0.049517367 3.785304684778866 
Car -1 -1 0 947.4535022910519 155.86912690625067 1029.312858373941 182.9563038470264 1.5262218 1.6212358 3.8495893 21.756186 0.56921214 41.533466 0.03557382 3.334775577303513 
Car -1 -1 0 974.7980687495602 153.77262572435941 1063.6831502278364 182.69241306587932 1.5037333 1.5898341 3.8757663 21.776274 0.51156473 38.426327 -0.059503037 4.245899456357267 
Car -1 -1 0 481.8093161076257 181.96059420847843 515.6511785289592 207.97077842936636 1.506995 1.5592562 3.758151 -6.8692827 2.0988474 45.009277 1.5635738 0.9030123152055062 

