Car -1 -1 0 672.7442097881926 177.46971038933836 758.5707414648678 251.89547423510263 1.6824856 1.6754569 4.1623354 2.6201644 1.8152974 18.666279 1.5878627 97.43323453786223 
Car -1 -1 0 755.7993091059313 192.02924279398522 1054.9388044164039 375.0 1.4483315 1.6090646 3.676639 2.7472594 1.7001225 7.624444 1.5558956 125.31494046178437 
Car -1 -1 0 233.10199457819954 188.71355914717742 424.7602138478434 259.48570051939834 1.4635922 1.5577469 3.6664438 -6.1580048 1.8349732 16.089634 0.015128168 47.809464275939504 
Car -1 -1 0 658.0285808932713 182.87519288694176 720.8894096222913 232.55647217599608 1.4934795 1.6255397 4.259794 2.6422372 1.8661801 24.69436 1.5574802 29.5122909706238 
Car -1 -1 0 269.6449392167268 182.3018281593575 447.23612273195096 246.92225450809477 1.5620509 1.673701 4.0484743 -6.388008 1.819625 18.698528 -0.06807489 33.54854577821873 
Car -1 -1 0 632.9700044484931 179.98961784039534 659.6607676439138 204.2797624259609 1.5016706 1.5532892 3.746058 2.3895109 1.9908267 47.585964 1.5663853 6.218141103799094 
Car -1 -1 0 17.4551936262856 164.65759685177204 350.3694344860789 295.35544340177887 1.847575 1.7062665 4.0939 -6.325541 1.7317086 11.058622 -0.002769234 85.25495325327189 
Car -1 -1 0 643.2361094392455 178.88680237945863 688.9759624561543 217.23748260432328 1.6646606 1.6626999 3.5771337 2.588295 1.9620038 33.729546 1.5132127 14.532943843322867 
Car -1 -1 0 473.80531175021537 180.76410976137979 543.6676165385943 205.87837435159113 1.5128493 1.6277668 4.0831285 -6.242049 2.015167 44.92434 0.040398255 4.047623292865828 
Car -1 -1 0 131.91720250511406 186.93735054695273 385.9886372278263 273.65010596213506 1.4958425 1.5820566 4.008735 -6.4544363 1.7782071 13.597798 -0.039062325 2.410863564321837 
Car -1 -1 0 369.3731516588622 182.42050534499873 479.0399870576069 223.3183085743213 1.5028408 1.5955191 3.8988767 -7.099608 1.8857373 27.920792 -0.08402487 0.6357389688491821 

