Car -1 -1 0 846.2027285681826 175.1071477292131 1064.1553103202868 262.57451455131434 1.4604137 1.5833123 3.6164594 6.576271 1.5106473 14.117661 1.0870214 96.16802227637608 
Car -1 -1 0 646.0380324298485 183.4768080060608 708.9494232256623 225.94166256118797 1.3974891 1.5608668 3.532104 2.4252543 1.8152397 26.523396 1.4419793 73.79353244382513 
Car -1 -1 0 315.782823929459 193.12173292304524 462.2406318274399 243.77995975549678 1.4447939 1.6068201 4.0092506 -6.673485 2.090034 22.116453 -0.025520694 50.63659491531238 
Car -1 -1 0 488.55659163321826 186.92027790139554 528.625941972981 215.45138849134648 1.4576929 1.6745205 3.9005213 -5.649428 2.290453 40.756927 1.5825748 17.510481634804016 
Car -1 -1 0 214.92925305148583 192.7496932308475 403.2959910073073 259.6163021086744 1.4780697 1.6044935 3.8696773 -7.115156 1.9813972 17.365751 -0.044718996 21.07811397665135 
Car -1 -1 0 627.3614625506367 180.54587796352274 668.501149360149 212.9232195079551 1.4818789 1.5373166 4.1110287 1.8649135 1.8895627 36.134377 1.4939063 25.37584181413773 
Car -1 -1 0 155.57181755408283 193.9837094840224 375.9584388043757 274.08720297046324 1.5068574 1.6025907 3.811219 -7.000984 1.9730282 14.990767 -0.06752368 15.758949979224127 
Car -1 -1 0 337.8722851380095 191.4866859314203 461.0092245132229 237.77074049807345 1.476007 1.5513016 3.7167263 -7.0637445 2.1289365 24.473494 0.018964041 5.012485226655596 
Car -1 -1 0 366.1320890996617 191.33868456176563 475.47400157048344 232.94222607714045 1.4580771 1.5492889 3.6478233 -6.9618464 2.16615 26.825125 0.021708932 8.22157678668563 
Car -1 -1 0 382.04189140863343 189.41008034354712 487.29895721974503 226.99881672704586 1.4357679 1.5778663 3.8542113 -6.9850116 2.1206443 29.053883 0.0026419892 3.7788240956954957 
Car -1 -1 0 0.0 177.60306012354692 338.24376283305264 323.73513361071707 1.8320165 1.6637962 4.148992 -6.1411543 1.9034965 9.981496 0.022651356 0.28955134749412537 

