Car -1 -1 0 457.4579536734799 178.17328992603422 519.1616966330331 221.73611284267295 1.5390186 1.5932863 3.4340162 -4.581367 1.7561314 27.686125 1.6345398 49.27459151037001 
Car -1 -1 0 183.905832818464 191.91439111119993 400.7295809745172 307.3012714737275 1.4250269 1.6855664 4.3971004 -4.879154 1.7965522 11.852886 1.5553129 135.3693779200326 
Car -1 -1 0 827.4205614280579 188.53750913075189 1242.0 375.0 1.4360588 1.6283611 4.099974 3.4844997 1.626145 6.6798744 1.5515684 107.24078409977935 
Car -1 -1 0 749.2061734519178 181.4457074452427 927.652611642885 295.34566140105886 1.5197471 1.6778986 3.831851 3.5206714 1.6836836 11.8426285 1.5599873 83.7591401610372 
Car -1 -1 0 721.1024091970471 179.37236431477353 822.7126032868555 252.44680117966388 1.5296857 1.6489854 3.8211417 3.773344 1.7040205 17.372614 1.5887274 61.39315491561023 
Car -1 -1 0 698.38664405549 178.40237266527603 774.2786983980468 230.46978588010023 1.472282 1.6107917 4.0424876 3.9140134 1.6638715 22.87618 1.5480012 32.49083360742419 
Car -1 -1 0 485.1821618861429 178.4370089373804 535.6036784488443 214.03097058656334 1.4703345 1.5635214 3.8103337 -4.381764 1.7357132 32.355858 1.6198658 26.59056335923465 
Car -1 -1 0 692.505472841375 179.2361650570168 745.7548955632234 219.9360809323713 1.4716617 1.5137917 3.2937906 4.233922 1.7364975 28.276562 1.5468352 17.220714842090796 
Car -1 -1 0 636.9293545945033 174.50074636531818 687.7035782814002 190.47592019430218 1.4412596 1.6936641 4.591366 4.8159456 1.5946054 66.24099 0.044941396 13.804564119835259 
Car -1 -1 0 16.62922895545058 180.720466556364 172.42220605085768 228.54384332798514 1.4846617 1.588507 4.103277 -16.830132 1.7531936 23.67282 0.08107953 3.602486930724654 

