Car -1 -1 0 345.4874977336182 172.84470494815963 476.1552170047522 258.8758938528709 1.5098548 1.6827469 4.01439 -3.864217 1.5096916 14.698591 1.5356222 131.5606499735005 
Car -1 -1 0 684.9834212273829 163.97700615474199 810.0524659618628 258.3646750025237 1.5524211 1.5713319 3.680823 2.468191 1.4064186 13.731523 1.5393767 81.29035581293407 
Car -1 -1 0 657.8715687715542 164.02990147385688 745.7807644715223 225.85438681450992 1.4880636 1.5919278 4.382255 2.3758588 1.2756748 19.599905 1.5135243 58.62262437347867 
Car -1 -1 0 748.9485341911724 171.01190376706134 978.1079933484126 318.40296560160584 1.509254 1.5837227 3.2804673 2.9386473 1.4903913 9.068658 1.517254 93.5893382320564 
Car -1 -1 0 418.1842206381768 169.12346651501545 503.3716132215139 227.26386120063336 1.481132 1.5969546 3.9188795 -4.078701 1.3860962 20.341446 1.5698373 42.63866799595617 
Car -1 -1 0 648.973886081316 161.29550409975235 710.7687864882357 206.64482857453496 1.4828074 1.6284215 4.1338234 2.4167392 1.1048739 25.692472 1.5277612 7.181407159161854 
Car -1 -1 0 641.0279465780374 161.20476570300352 686.5601688943934 198.25666243208576 1.5211985 1.5899643 3.6653042 2.309462 1.0429287 31.482357 1.5362929 1.4427984979166932 
Car -1 -1 0 577.0679486946291 162.07156310969364 603.2730219667499 179.40051836784613 1.5696442 1.6265458 3.6489701 -1.8373587 0.59297854 67.33046 1.304832 1.4045065361522735 
Car -1 -1 0 479.3193492491516 165.83391196515922 524.5313726412024 203.01912086799348 1.4833583 1.50444 3.7438464 -4.51755 1.2033192 30.683035 1.5313765 0.3322218060493469 
Car -1 -1 0 0.0 113.28550317304602 145.4299573874009 181.18804452514985 1.5362453 1.5463874 3.827574 -13.464883 0.18855157 17.259443 0.086250454 0.25558963418006897 

