Car -1 -1 0 577.0361185649266 191.86131867457777 640.0137925185559 239.39822888651852 1.4678059 1.5456179 3.274079 -0.0988006 2.1849945 25.458544 1.3496358 75.40944604377763 
Car -1 -1 0 687.0593398538487 188.58569062818415 879.7182062349164 319.9722058242863 1.5671237 1.613634 3.4497585 2.4104023 1.844216 10.876911 1.4096262 82.85801501450203 
Car -1 -1 0 635.5050277201271 186.33905979821873 707.1523053758465 218.62228269918475 1.5154757 1.6001694 3.677236 3.2177696 2.2451758 37.219456 -0.7322744 23.40875048924311 
Car -1 -1 0 749.4456568258577 185.33578829089848 803.9341927843678 211.7889641422558 1.4759057 1.5123919 3.342949 10.092458 2.2569418 43.487457 -0.70884734 18.586422461311194 
Car -1 -1 0 272.02878871086364 183.81998501015292 321.0959047467742 210.94007102386905 1.5251956 1.6658195 4.3283873 -19.370195 2.2359529 44.56312 0.88608414 5.133107120147525 
Car -1 -1 0 690.7450393071485 186.04701915263453 761.6565710760528 218.08968883594451 1.6327565 1.6825393 4.182588 6.579624 2.4096956 40.46383 -0.7362054 18.002822587163116 
Car -1 -1 0 519.4340625959234 187.93960108343717 590.5053606506879 217.37390809152214 1.5057861 1.6284682 3.8141057 -3.0482512 2.3971434 40.74197 -0.7447767 17.61805744306986 
Car -1 -1 0 785.9779427726156 182.0271698796544 840.6012542047001 208.234017277352 1.5618975 1.6137595 3.71968 13.049206 2.1717582 46.130386 -0.72782624 3.276650560677875 
Car -1 -1 0 124.7760679973904 180.255524209695 207.3268581393759 211.02982269704012 1.4951892 1.5423113 3.7737134 -22.748205 1.8885663 37.02151 0.32085866 0.25824791193008423 

