Car -1 -1 0 303.4179373560055 187.98451457795727 389.0849654489613 233.21405454292724 1.3619407 1.5877948 3.712034 -8.5117035 1.4606916 23.757284 1.5381052 22.92861202314706 
Car -1 -1 0 449.4367330169585 185.3337155745833 511.9327472181978 227.87368505219527 1.4266622 1.5250885 3.55879 -4.4853888 1.4312136 25.920692 1.6021569 39.87599806821827 
Car -1 -1 0 333.4966765560577 191.2528442024489 461.9395496820882 272.01949706778953 1.4134221 1.5898813 3.792663 -4.13476 1.5535369 14.774607 1.5543302 89.80514305861827 
Car -1 -1 0 125.96335001347649 182.71407327414906 303.4271743658496 266.42833102871214 1.6003649 1.6597939 4.091059 -8.3685 1.5525414 15.789017 1.5721496 91.19639063049767 
Car -1 -1 0 398.16170137269523 179.64074094539725 450.5894007548265 213.70348826964812 1.5438919 1.6155976 3.7492318 -8.697401 1.2912073 34.469727 1.5543821 20.05855692041269 
Car -1 -1 0 93.4861591987853 188.93860500863897 215.53881784384492 244.08558471131923 1.4397776 1.6148852 3.8047123 -13.077127 1.5590692 21.035843 1.4275122 16.1548136512998 
Car -1 -1 0 485.6021889201135 181.20323360849335 527.7198120187167 212.38157245782057 1.4805865 1.548172 3.8005402 -4.9852734 1.290044 36.043945 1.5797849 19.226395332966955 
Car -1 -1 0 579.9809014807842 180.4093792334826 610.3337619038327 208.08984986701873 1.4637494 1.605153 3.6055412 -0.6339487 1.2095902 39.81716 1.5722013 8.354321262769734 
Car -1 -1 0 377.616525713251 179.30293991643777 422.2819190314554 204.46876863275628 1.4791703 1.570169 3.69986 -12.664957 1.1316365 44.12681 1.6035581 6.92953545839361 
Car -1 -1 0 514.2352365311564 180.69605783662192 543.7271248006057 205.08059726423295 1.4694284 1.5768749 3.879978 -4.9723587 1.1970719 45.368523 1.3908299 2.353847814067736 
Car -1 -1 0 238.84602786387194 175.83969303515497 350.2284889754573 217.59302674288813 1.7027776 1.70856 3.9439163 -13.0881195 1.3204069 30.23302 0.031906225 4.790007507418186 
Car -1 -1 0 438.5653026850105 182.09236867802983 481.7076958406364 207.85966877766094 1.46939 1.5634854 3.611462 -8.715521 1.291281 42.85836 1.6553874 1.5150017960879896 
Car -1 -1 0 614.9682457141644 181.44095614510493 634.0281089686925 198.76163953223937 1.4904001 1.5904139 4.130269 1.5665064 1.1655933 63.957718 1.6203864 0.2830837368965149 

