Car -1 -1 0 752.1481294291668 186.1964562223017 878.6513855583872 273.6909032732157 1.4426336 1.6017171 4.3039637 4.0192823 1.7562715 14.764002 1.6321142 101.1681023750992 
Car -1 -1 0 833.9467670928399 193.93313236987092 1158.4032905921836 373.91315221446456 1.4950714 1.693259 4.2641854 4.151432 1.8107159 8.651293 1.5965737 116.14968073765314 
Car -1 -1 0 729.9891024521694 180.93433482409105 811.3513968707101 241.1099080351447 1.4860423 1.559174 3.390204 4.3667355 1.7290442 19.988419 1.5910959 67.43317749390243 
Car -1 -1 0 543.6106776008895 169.2941918489001 590.5267736654966 204.29489360156416 1.4827578 1.6523151 4.132279 -1.8588132 1.3319511 32.677242 1.6283833 40.69430886562016 
Car -1 -1 0 704.1798375835041 175.51758715850497 763.9000455823654 220.90984943576711 1.5624851 1.5638822 3.3414795 4.5420017 1.6673694 26.723457 1.5473292 44.77670922145942 
Car -1 -1 0 688.1868778552969 174.70868731253043 736.8062669522786 212.01096061145952 1.5153489 1.5622435 3.634135 4.406741 1.6005347 31.316517 1.5621258 16.613983494407506 
Car -1 -1 0 451.2239818977962 171.33972183736265 549.9430350822737 248.71632594625044 1.5616617 1.5708197 3.643108 -2.356185 1.5310996 16.41184 1.6077493 19.720260092149022 
Car -1 -1 0 351.25392910614136 142.3503947802474 526.5662530345696 301.36566019164457 1.9357789 1.6841484 4.320429 -2.3269608 1.5644419 10.953291 1.5594594 43.532453157707714 
Car -1 -1 0 674.6664949596385 169.6449303204888 718.2137687749985 203.02517863210204 1.6069754 1.5734279 4.1739097 4.3752003 1.4524858 36.85092 1.5332589 1.4593710124979042 

