Car -1 -1 0 457.00245052982945 184.14896786917933 514.9674780997739 223.82787003425557 1.404142 1.5762246 3.7045856 -4.526904 1.366393 27.290956 1.5707226 48.944353099547854 
Car -1 -1 0 321.2388982268446 186.04492604317275 399.2163231490259 229.23514987431363 1.3879013 1.6317577 3.5995555 -8.49224 1.4188708 25.009077 1.52077 16.638812073198064 
Car -1 -1 0 359.3702964149223 189.13402561781697 473.07495148624196 262.0429085876735 1.4150937 1.574384 3.91754 -4.1308823 1.5138034 16.136806 1.5530012 88.96666336688918 
Car -1 -1 0 173.11229408308736 180.57909488289607 324.93326197851553 257.9755208089779 1.6333908 1.6481867 4.1344857 -8.376663 1.5355389 17.25357 1.5516022 77.9054379777701 
Car -1 -1 0 578.7483489036681 178.10410370206267 608.2838205705242 205.76696560556337 1.4735713 1.5735179 3.234139 -0.75162864 1.0947442 39.92084 1.5565101 17.375704981414714 
Car -1 -1 0 490.8970843581775 180.97129289199188 529.7271273495189 210.5452648708376 1.4543169 1.5750682 3.8307004 -4.9723263 1.2455958 37.281834 1.5495069 12.794329670098136 
Car -1 -1 0 405.67363896860775 179.47252483689917 454.8765748402348 212.86534191180309 1.578975 1.6144695 3.6857367 -8.759426 1.3074098 35.850002 1.550346 7.304028187816371 
Car -1 -1 0 384.07810908595246 178.5773941111272 422.9762794277817 203.03182229417806 1.4807906 1.6112342 3.8006783 -12.832157 1.078821 45.478413 1.5045862 5.189196747107994 
Car -1 -1 0 295.78282616625637 172.4662957510412 366.44200509653683 214.89497104821118 1.8064055 1.7124308 4.3276324 -12.489775 1.2635983 32.80186 1.5305864 6.2362070874912146 
Car -1 -1 0 124.70498066313294 190.14404425855932 231.92494841986164 243.83703364155681 1.4888537 1.5561472 3.5219965 -13.057879 1.6531389 22.117418 1.4436109 3.7725094487620305 
Car -1 -1 0 511.7959192429222 180.9698607475691 546.6373537399115 203.8285130139921 1.4223263 1.5898476 3.781765 -5.1114755 1.158139 46.768738 1.2791467 2.261825328328915 

