Car -1 -1 0 241.2981939044996 189.5589376910773 454.06538478755186 340.9180801646242 1.5500541 1.5954208 3.4987037 -3.2030582 1.8117747 9.541445 1.5532492 113.93331305628655 
Car -1 -1 0 864.4305690634122 192.71009776772817 1242.0 375.0 1.4172475 1.5704818 3.9322839 3.7994344 1.6599059 6.8144293 1.6214466 125.95165618490385 
Car -1 -1 0 682.710234114369 179.9322023157393 743.4463951813851 227.21771635916184 1.4485767 1.5966063 4.2439394 3.4805763 1.7137535 24.888624 1.5981073 29.139632333084347 
Car -1 -1 0 737.5167497622975 176.23412255699708 901.107851633314 288.15386448689486 1.5843389 1.6402235 3.786925 3.3416226 1.6505395 12.230239 1.5611459 105.7871502577033 
Car -1 -1 0 545.0245156562896 176.69388262509898 576.0873676383294 204.20469458357817 1.5298733 1.6245117 4.021222 -2.8572443 1.7679405 42.7118 1.5558071 21.001404056184676 
Car -1 -1 0 707.2535976814555 182.2932558444516 797.2483783735321 247.39918558393123 1.4761014 1.5486255 3.744531 3.599877 1.7465616 18.789669 1.5548832 13.240438415435419 
Car -1 -1 0 674.9724199990192 177.1182514079946 720.8153063679199 216.28286324678677 1.5243642 1.5554177 3.3862784 3.638287 1.7126962 30.161058 1.5875145 9.44410913016192 
Car -1 -1 0 467.86425190361336 168.7553696416092 547.0857991655859 240.94014559748098 1.8752742 1.7434499 4.494228 -2.8478527 1.7687966 21.006363 1.553715 31.99864483515652 
Car -1 -1 0 665.7621121771127 177.26549770103722 703.738357655432 209.3815609959246 1.5383854 1.4857187 3.4884148 3.790585 1.774224 36.81006 1.5441512 4.23176730754656 
Car -1 -1 0 654.7782184526008 175.59809122296133 689.9817720397363 205.0305221724542 1.5927162 1.6150897 3.8603444 3.5536227 1.7573786 41.352425 1.552866 0.9182466815829086 
Car -1 -1 0 506.98171355982066 178.76078512088804 561.6562091132232 225.30613741904736 1.5497999 1.5965483 3.8721128 -2.6851726 1.7822132 26.453289 1.5719229 0.3137352168560028 

