Car -1 -1 0 610.8877112074368 181.82719710285218 680.3757874777044 240.14443870161202 1.5626001 1.5807223 3.4931538 1.005539 1.8551936 21.710152 1.4697485 114.11001394915475 
Car -1 -1 0 114.01643419907239 195.74157947672145 345.7843927104037 327.48764160851164 1.4905856 1.6986723 4.26861 -5.5074425 1.9140992 11.141397 1.4683115 130.2606501871213 
Car -1 -1 0 583.7243881637679 182.94865265405787 623.3112736726312 218.88658740325408 1.453984 1.5341072 3.4195714 -0.31269902 1.9255219 31.94291 1.4975772 35.72752658342638 
Car -1 -1 0 402.8556223730384 190.08208122409962 458.5819047772853 234.1076308147669 1.459446 1.5351585 3.4834123 -6.6568713 2.1505613 27.138754 1.476577 37.41298401741482 
Car -1 -1 0 700.9106114582717 171.9981699761934 930.6050269049334 323.9070432647438 1.6195208 1.6208527 3.567315 2.4721675 1.6103966 9.57158 1.4310234 125.88067262645941 
Car -1 -1 0 429.6384159349051 183.1615250198842 471.7566799807088 219.4344386147039 1.6524673 1.6165377 4.0768595 -7.9047127 2.1995182 36.18251 1.466241 13.320466577087542 
Car -1 -1 0 566.4294351531834 180.82821244513244 593.8398246405517 206.98145572100154 1.6114722 1.629647 3.8965397 -1.9806502 2.1608503 47.69777 1.4831533 9.695076057436106 
Car -1 -1 0 734.6596243365659 177.25934678379346 876.8914186969619 232.77251318273466 1.5584221 1.5737379 3.757748 5.768429 1.6952871 21.415663 -0.11712763 7.59129761830234 
Car -1 -1 0 755.3286223278488 155.25491284025082 835.4441380225763 214.60575002821585 2.1775703 1.6857193 4.0812182 7.26027 1.5318632 28.603884 1.4440061 0.857426709272644 

