Car -1 -1 0 684.7241140523681 172.77618022251175 815.9708921994805 275.6382109317689 1.8006265 1.707741 4.3103967 2.6979823 1.7992642 14.816188 1.5335716 108.53724093390765 
Car -1 -1 0 0.0 185.06674682435965 292.69621643894686 310.5354104407907 1.490078 1.6091845 3.8386724 -6.4820895 1.6668435 9.589376 0.025917718 77.818069360852 
Car -1 -1 0 172.69554841850214 187.37929528993703 401.7175660881195 266.617258159193 1.4352915 1.5693837 3.8821967 -6.3122625 1.7430849 14.351546 0.08035013 47.461002564068586 
Car -1 -1 0 66.87980640756496 188.4432251305303 377.09169863102795 286.3173204417116 1.4737543 1.6386864 4.263695 -6.2489347 1.750013 11.957589 0.004476787 52.38951853768255 
Car -1 -1 0 655.731004316933 181.74434321477284 716.417284501027 227.9590009709333 1.4814068 1.6317204 3.9322898 2.6639123 1.8249518 25.888853 1.5362246 31.79136555508303 
Car -1 -1 0 636.7703838654434 180.41892142018298 676.4986730385374 210.3258705469368 1.4489841 1.6631738 3.948269 2.424951 1.8682985 37.984455 1.5258257 23.72550477991119 
Car -1 -1 0 277.2669537613634 179.55996514134662 437.5750303632018 245.968587015297 1.651478 1.6183994 3.7055757 -6.5603223 1.8374581 19.071959 -0.0711353 34.57531252984374 
Car -1 -1 0 227.5498043252634 185.71457778642036 415.52915103886806 252.30549166812082 1.4598284 1.5765939 3.7914398 -6.6768503 1.7771072 16.969795 0.022643784 10.856413585750893 
Car -1 -1 0 389.48835274108785 176.07048583827873 497.4984961834455 218.51697478922586 1.6160681 1.6440051 3.8707361 -6.4870777 1.7466419 28.445158 0.012336496 14.890478521377068 
Car -1 -1 0 669.7130371696892 184.84109603258574 748.8338889419854 242.5584475785447 1.4296144 1.5970595 3.6484752 2.7350779 1.8010483 20.500513 1.5273978 9.527319626028984 
Car -1 -1 0 458.1924407186508 173.66218728898716 526.6269542647847 204.57725665438716 1.715075 1.6401672 3.6310964 -6.603697 1.7618585 40.92041 -0.015078472 5.245545128546394 
Car -1 -1 0 422.5375851515567 179.23570578029327 514.144766803085 211.42458863676003 1.5378644 1.700998 4.37384 -6.9787493 1.8661798 36.015507 -0.11942209 3.9584087491602165 
Car -1 -1 0 303.9890283426575 170.35640807755266 459.8388890275006 234.4530354898759 1.8273457 1.6861005 4.116966 -6.676215 1.7561412 21.467926 -0.026569221 9.295258665713064 

