Car -1 -1 0 727.5535215173538 183.56032809778162 882.0305100473417 238.4068083997668 1.5252259 1.7279979 4.088185 5.699812 1.8563843 21.37556 -0.038678586 102.93277331530777 
Car -1 -1 0 947.4880963842467 195.83468153395484 1242.0 321.61518664294084 1.40679 1.5613412 3.6753104 6.5405197 1.7304876 9.27836 -0.057485096 103.14354481667824 
Car -1 -1 0 880.7891279385979 186.08734772945405 1152.192128333969 291.0408120971738 1.5222137 1.5737376 3.509788 6.412673 1.7513745 11.593531 -0.06622797 59.993536240636466 
Car -1 -1 0 67.51209360484135 184.40436953415207 379.8223006994734 295.6608832024606 1.5434034 1.593118 3.9335794 -5.734456 1.7333844 11.026094 0.02310941 97.75379359359934 
Car -1 -1 0 638.2422758089439 182.45756277699715 674.4950524303423 213.87986622415275 1.4187819 1.5678986 4.1254015 2.2778087 1.924301 35.91213 1.5785296 20.204902755399697 
Car -1 -1 0 209.49530917811373 174.8684734160323 419.96899906542933 255.8806355525979 1.6813366 1.66326 4.0026 -6.3954806 1.7287369 16.00059 -0.07389411 52.025622664111225 
Car -1 -1 0 393.1488584612196 179.4134630269494 506.00782369029343 220.40066774124776 1.6021392 1.6231986 4.2167015 -6.4360456 1.876142 29.30566 0.010899419 36.01093592063827 
Car -1 -1 0 0.0 193.65101661958684 273.73712806398225 328.27655551261586 1.4404376 1.5565505 3.9082694 -6.41086 1.718194 8.806577 0.026607303 35.194487095364686 
Car -1 -1 0 309.3625422987909 184.36569872479953 461.76640815171277 236.60672652447386 1.4409013 1.584913 3.9562125 -6.451373 1.7895525 21.053354 -0.0036328353 16.898264700959324 
Car -1 -1 0 144.4852354217994 188.08396241237062 404.22225263217007 274.73782939010465 1.4578953 1.5863955 4.0736804 -6.059795 1.7574744 13.319649 0.039631013 26.273576443081247 
Car -1 -1 0 620.9272585191517 176.9661553611006 642.3323769736035 194.89786201213394 1.4998052 1.6019235 3.8060923 1.9609683 1.8714275 63.231018 1.6742873 2.744732990904021 
Car -1 -1 0 260.233182589452 182.84704099278431 437.9812353370222 243.45096672804667 1.4710574 1.5833379 4.015356 -6.6157885 1.7401841 18.60881 -0.015766412 5.493624114915139 
Car -1 -1 0 558.6525933784625 179.48230323503728 579.4257303663045 197.97699294582432 1.443768 1.5573741 3.8887725 -3.3838212 2.011392 59.778778 1.4729464 0.9410202974262846 
Car -1 -1 0 418.1944385302679 176.25088570001247 503.5102585516082 209.80833064402228 1.656851 1.5911379 4.005663 -7.4951973 1.8329744 36.599865 -0.007624589 1.537914659417705 

