Car -1 -1 0 169.1779868676406 200.60666168296686 428.13370053776544 370.0971601844253 1.5313096 1.6706097 3.9616575 -3.5946922 1.9612403 9.176075 1.5451 125.46407587643083 
Car -1 -1 0 747.5132266381562 181.7100000809866 1019.6518127293147 369.04231935510694 1.5629843 1.6033432 3.6604888 2.7077365 1.6841701 8.033779 1.5587485 83.41481913282504 
Car -1 -1 0 354.76998370897746 195.38993023548448 485.0300448416206 285.94672363136135 1.4782767 1.5777851 4.0519753 -3.7142525 2.004769 14.823679 1.5799747 93.79280389188915 
Car -1 -1 0 690.83546792796 182.45399057431004 827.6971012410651 277.29011261080404 1.4869692 1.6217488 4.3407965 2.691532 1.7018034 13.952288 1.5394946 93.40624119119728 
Car -1 -1 0 464.73601478796274 187.0798159824954 525.2323716909615 236.3780032340256 1.5101581 1.5389023 3.8044996 -3.9080968 2.0429964 25.115559 1.5603658 35.16522752026124 
Car -1 -1 0 662.7814228965916 178.95449931907183 722.3064092867633 225.47744370504623 1.5049367 1.5766292 3.7121515 2.8821445 1.7382666 25.715557 1.5370756 25.173017837232106 
Car -1 -1 0 675.4377408905411 178.72205720862348 760.5693817466984 240.99342312095084 1.5170887 1.6361077 4.1871157 2.8975625 1.6976888 20.091858 1.5439053 39.82025985134751 
Car -1 -1 0 627.400752339473 178.9194272832412 664.9346503397636 204.16977296855666 1.54977 1.5941703 3.8013163 2.3537798 1.964103 47.271523 1.3803384 9.367355873891281 
Car -1 -1 0 421.0462399861116 188.27230442262788 500.63049806580636 249.90929208043863 1.5043194 1.5321252 3.5750546 -4.085638 1.9764923 20.302086 1.5617058 21.77479831150361 
Car -1 -1 0 851.292860936091 156.90906992142226 945.94791873388 191.73603349013976 1.5324057 1.5779308 3.7282698 13.070545 0.8308198 32.797825 0.14484125 3.5536969839881465 
Car -1 -1 0 592.5985588996917 181.72394837814258 613.9662672022597 199.88874786996263 1.460084 1.5562441 3.7552505 -0.5645728 2.2438788 61.82318 1.4877803 0.6870800229509217 

