Car -1 -1 0 483.5270188508414 191.32446273488057 548.6246083565702 246.29593120913873 1.4710613 1.6098061 3.9052112 -2.8393433 2.100005 22.600513 1.5501578 55.32636377519603 
Car -1 -1 0 728.311461289737 190.80513087061578 941.9587513738437 338.52949057301873 1.4800123 1.6086022 4.003016 2.7437725 1.7717912 9.722151 1.5654547 107.67267817795177 
Car -1 -1 0 246.5994350734272 198.71543675975988 471.50468662442717 350.51248903305526 1.4513462 1.5775255 4.333257 -3.0675201 1.8807998 9.8102255 1.5644478 109.06280627278635 
Car -1 -1 0 692.4838299552083 192.23469784046355 809.3765191045295 277.8583816949326 1.4454206 1.5818521 3.966283 2.7969928 1.9044256 15.087444 1.5472935 73.87361371952449 
Car -1 -1 0 663.5244329869405 189.46707164070085 745.0639711896002 250.0774210089388 1.4489983 1.5432415 3.7987108 2.5570018 1.9605136 20.267088 1.5002658 52.027884989120025 
Car -1 -1 0 633.9513745086924 185.36296376815653 664.8706058783406 213.37617726909107 1.5394778 1.5502764 3.7810407 2.3497005 2.3227077 43.268066 1.5449245 22.326686684140675 
Car -1 -1 0 656.3710178834978 176.6714645017865 720.3752836848702 236.14125763889714 1.8717425 1.600656 3.8059886 2.6377263 2.0137758 24.902376 1.5169268 41.855325659481736 
Car -1 -1 0 525.4950480033566 187.64759824292372 565.508881290827 223.82943330802755 1.4809023 1.5859572 4.3673716 -2.9164088 2.2137313 33.538635 1.5440452 24.827403556171138 
Car -1 -1 0 559.9341851744065 185.2678953291677 584.4760185164146 204.6526791361815 1.4908007 1.6617751 3.9436731 -3.0770488 2.55886 60.07093 1.6172878 5.916700489499863 

