Car -1 -1 0 745.7708415219738 183.5035202601784 908.1574399166112 297.29634208685536 1.5079361 1.6194714 3.7211344 3.3422008 1.7097892 11.794908 1.5971535 85.40560995840761 
Car -1 -1 0 714.8176869928831 178.53354145364088 818.3806813645083 256.6009284537673 1.5716434 1.6479702 3.9326096 3.5142539 1.7195358 16.801746 1.5964 83.37013247698928 
Car -1 -1 0 677.7379892928755 183.39222225793694 726.5319191471824 221.21022674255894 1.4427114 1.5407195 3.4459105 3.8210304 1.909621 30.231354 1.5517349 51.56267728567231 
Car -1 -1 0 194.64957031812474 184.08289887529335 427.20887727081146 256.1178068405738 1.4188398 1.6302658 4.2610784 -6.2039065 1.6703482 15.317969 -0.013236541 115.4047977020474 
Car -1 -1 0 0.0 186.09945780112116 338.1243143266061 333.3944798538708 1.4954156 1.6485164 4.199476 -5.5867815 1.6681026 8.452093 0.06305179 100.30676685559342 
Car -1 -1 0 314.6874271763643 180.8070135668768 470.82178235083705 237.2540284695259 1.5435616 1.6763059 4.000783 -6.1803217 1.7831166 20.855844 0.019909326 49.095244169842864 
Car -1 -1 0 387.52213979690055 179.59554587761303 505.3342816421208 227.0781878678206 1.5973587 1.6117489 3.7624445 -5.6673098 1.841994 25.346796 0.016165854 16.414775365132222 
Car -1 -1 0 361.68949698806375 181.49167423918306 506.3251602074823 230.84618683819053 1.4907331 1.6219661 4.1977077 -5.534062 1.7774819 23.034311 0.05196812 10.159483140245696 
Car -1 -1 0 429.63721720376867 175.65723941439504 534.5995988444386 218.21777161117038 1.7047774 1.6494548 4.006224 -5.3049526 1.8267322 30.222885 0.17868628 6.040801751992843 
Car -1 -1 0 500.926166796688 176.94827922595059 537.7271834758736 210.60407701727976 1.5777643 1.6225673 3.9698353 -4.4947104 1.79562 36.35678 1.501812 2.7139503818617525 
Car -1 -1 0 719.3445746052824 177.21441910333198 800.4632409039211 206.76956397265985 1.5856785 1.6856863 4.2583733 8.291263 1.8342317 40.075832 0.101087295 0.6980434083748761 
Car -1 -1 0 548.453879809662 178.89402133861955 574.7518324666496 201.1846686956322 1.61416 1.6553912 3.6242485 -3.628535 2.0906458 55.08313 1.6027617 0.5757180506865307 
Car -1 -1 0 485.31845114651367 170.26920309344214 556.2062257023588 200.05450119868368 1.8001969 1.6902356 4.1246004 -5.443027 1.6439738 44.53356 0.03879295 0.29321691393852234 

