Car -1 -1 0 796.9015158065514 179.97353817199217 964.2514329415767 249.17443916720376 1.4388762 1.5962455 3.5861356 6.3840575 1.6294514 17.3595 1.06113 104.68938627837707 
Car -1 -1 0 633.0441308658643 181.292829978789 690.5982786586857 219.31432056437484 1.4209262 1.5754155 3.4935663 2.0834613 1.7892733 29.641111 1.4039347 62.685478280580305 
Car -1 -1 0 336.7489795878524 185.76667220950455 470.40868541660257 230.4741560158028 1.4740987 1.6603178 4.208197 -7.1100044 1.940911 25.194687 -0.028599065 42.39772205516281 
Car -1 -1 0 615.4345894707155 179.81913168037715 652.9495600036447 209.74207529225876 1.5007257 1.5603817 4.1956716 1.290637 1.901361 39.346973 1.4866443 11.240973263640598 
Car -1 -1 0 258.98574757454287 184.7510762306828 423.5328662636285 240.28460437166441 1.4805554 1.62428 4.0541506 -7.5070558 1.8312031 20.430449 0.011676205 17.098674490886083 
Car -1 -1 0 0.0 191.2702625479561 304.93922407546023 302.8467568724614 1.472802 1.5992608 3.8679137 -6.752511 1.7646077 10.613698 -0.010071536 28.45380722645056 
Car -1 -1 0 490.21418662832895 182.63153182626542 520.7985052775621 209.3816630344299 1.49497 1.5926067 4.0147467 -6.286833 2.117816 43.89843 1.4904437 4.373878955825197 
Car -1 -1 0 386.45645785010515 184.71718307013418 488.3305721945599 218.79431150415607 1.4482498 1.6173904 4.15172 -7.595785 1.9894235 32.080456 -0.012511145 5.5084306233851805 
Car -1 -1 0 372.0915940611673 183.953116111694 477.16934197282495 222.05468762641448 1.4905989 1.5878831 3.8864312 -7.560687 1.9614601 29.687613 0.06708234 0.6568057061010841 

