Car -1 -1 0 676.0430707825944 183.140987876558 759.1921927807454 244.60568978732667 1.46794 1.6401652 3.601086 2.8422866 1.7742431 19.663109 1.5447996 105.05453062993818 
Car -1 -1 0 770.7014333250461 188.3327585118256 1090.662636338236 375.0 1.561976 1.6576722 3.7612257 2.9560757 1.7649865 7.575158 1.5616424 128.89461775767683 
Car -1 -1 0 259.1501976099425 177.78366176861772 444.6193124518466 243.22115333041864 1.5520481 1.6616869 4.0928836 -6.4263754 1.6833472 18.239347 0.073295385 98.56862727440743 
Car -1 -1 0 651.3199923798611 176.5072298231808 698.0159445470457 218.45798767310885 1.6440485 1.6433767 3.9193497 2.696108 1.8088329 30.582548 1.5755169 37.73200155484823 
Car -1 -1 0 0.0 172.77092077206115 341.71600123619396 298.79802822433396 1.6829488 1.6915075 4.0829306 -6.2727065 1.6818393 10.548335 0.03318349 86.93894553682686 
Car -1 -1 0 95.44594459829625 181.4120144188451 347.1398375512826 271.0756904008434 1.5006082 1.6112002 3.7787156 -6.984302 1.6682689 13.1954155 0.07247218 7.839051041016017 
Car -1 -1 0 415.27769028799315 178.81048251286782 515.0539016357238 216.7397665433174 1.5455992 1.665838 3.9921396 -6.075022 1.8071527 30.69758 -0.07788051 13.79267697739601 
Car -1 -1 0 341.0412597159985 168.1920099161288 481.95773681032324 227.93234969068573 1.8438637 1.7049165 4.044707 -6.2787895 1.699973 23.16265 0.01995978 26.16253788592535 
Car -1 -1 0 643.5812707807564 179.23150384451387 684.0576621297827 213.188514749871 1.5901144 1.5936337 3.9656959 2.6946056 1.9310528 36.5587 1.5290139 2.644980249804989 
Car -1 -1 0 510.34453383010583 178.8502849043647 564.209069390896 198.42413003407592 1.5077447 1.6337154 4.0555973 -5.681602 1.9887059 56.995888 0.030638417 3.5259035424511165 
Car -1 -1 0 627.8485510201261 177.1750487610231 665.2322246896946 203.84084118389038 1.6083202 1.609353 3.5351503 2.3170338 1.8951578 46.013046 1.3894154 2.7766185989752787 
Car -1 -1 0 316.73582307447674 164.3719491455538 362.8902174568443 189.79001134484636 1.6171391 1.5787387 4.0032353 -17.846834 1.0774968 47.909508 1.5676565 1.4597745147820416 
Car -1 -1 0 393.16673938267263 181.56739866513243 503.3914538398608 220.97067404731146 1.4713345 1.558239 3.9336493 -6.23754 1.821417 28.151403 0.030217089 1.5951627659460756 

