Car -1 -1 0 105.93164496563898 201.30767618401794 428.5442240186586 375.0 1.549369 1.5709362 3.427774 -3.0501685 1.9025463 7.231578 1.5843959 99.06056076885152 
Car -1 -1 0 701.5919696492837 195.83506201729486 768.9241771421509 251.64300665814545 1.4330939 1.5601072 4.221678 3.8098025 2.216337 22.444204 1.6210037 48.608484965177745 
Car -1 -1 0 783.5328680917253 190.59552049204945 1007.9296462656813 346.0833215100452 1.6045058 1.6405188 3.7323833 3.5790417 1.8910034 9.76407 1.5977628 95.70798813405828 
Car -1 -1 0 551.7590227488304 188.07444788609985 585.5885562105018 219.3472703530291 1.5747459 1.6774021 3.993771 -2.235564 2.4666252 40.280148 1.5669118 20.70965433270334 
Car -1 -1 0 693.8744645891736 191.59617800138236 746.8451505655908 236.00904837450008 1.5074816 1.5318575 3.4503038 4.187717 2.2715886 27.68462 1.5798721 18.906948111729015 
Car -1 -1 0 732.0282395647417 197.32937564373836 846.8307923925233 277.9987803928414 1.4686403 1.6204772 4.1037827 3.9352186 2.0961943 16.442577 1.5781691 38.74303046545778 
Car -1 -1 0 680.8206877667034 191.4354094193285 721.9549937701356 227.0597599727205 1.5269141 1.5071957 3.351502 4.3256207 2.4551382 34.362297 1.5627904 9.285829666936637 
Car -1 -1 0 670.0618930505368 191.33751128770908 707.0969688373408 222.63106615172225 1.5190537 1.5738227 3.6294353 4.22456 2.564731 38.99835 1.56198 12.42492863647024 
Car -1 -1 0 461.5869220722892 179.4826485050275 552.2307450907911 264.9351370568408 1.9009992 1.7185127 4.4523883 -2.5098531 2.0925865 18.625921 1.5679375 11.50762312645161 
Car -1 -1 0 663.9616446174126 188.25950762532128 694.1674914760059 217.23823935579458 1.6304837 1.5615219 3.9487324 4.264288 2.6273239 44.699886 1.5893029 0.3333269953727722 
Car -1 -1 0 504.2725474621399 191.51983332305156 568.8491889757147 247.41216173624977 1.612756 1.6125772 3.684594 -2.3423812 2.2809048 23.950571 1.616319 0.3050987422466278 

