Car -1 -1 0 674.1980988844318 185.19293745480397 760.3074360784987 252.47587670799615 1.4957886 1.604943 4.183036 2.6974816 1.854973 18.906857 1.5639141 76.1393268074297 
Car -1 -1 0 379.3935281019027 193.14118131580764 511.81175593980504 291.2300257192996 1.4517194 1.6316532 3.7878685 -2.8632517 1.8811185 13.3690405 1.5594698 97.86278672791903 
Car -1 -1 0 521.6112873373191 187.15534114723576 562.3440549552926 224.89303176752662 1.4778594 1.5876827 3.8253622 -2.9118948 2.144222 31.67498 1.5283303 25.388137484482098 
Car -1 -1 0 643.4944717083184 177.71066414465173 688.6935539004152 220.56909665339748 1.876615 1.5912504 3.873339 2.6071756 2.119002 34.02687 1.5065405 16.97495287235507 
Car -1 -1 0 630.8395279291531 183.67766667755748 653.4939200165028 205.90489043881396 1.498503 1.5415566 3.8667853 2.3414154 2.3150601 52.487244 1.5887227 6.1464826979707095 
Car -1 -1 0 649.1661043100024 186.3979936338989 699.5548078427001 226.567793335126 1.4620802 1.5148548 3.61939 2.5757723 2.048061 29.364471 1.509252 19.648936670445845 
Car -1 -1 0 437.3370838084653 188.7552762135895 528.933769427116 256.00540919363294 1.476021 1.6018538 4.1045666 -3.179225 1.9377213 18.882265 1.590795 20.981833531821707 
Car -1 -1 0 552.235127937978 184.5995137722667 581.7235642045783 212.39591442114215 1.4907014 1.5503267 4.165548 -2.4686933 2.2175565 42.558033 1.5568848 0.6020932197570801 
Car -1 -1 0 568.0615184608196 183.71507530465234 587.6784840310623 200.61953424880804 1.512183 1.5881698 4.0449367 -3.0717278 2.5876927 69.347824 1.4527221 3.026768398036809 
Car -1 -1 0 663.3457735246604 185.65761022425954 725.9935824992884 234.93957990092142 1.456763 1.5766621 3.8660452 2.7820184 1.9223766 24.290262 1.549935 3.3132169972648655 

