Car -1 -1 0 404.394371002504 189.7473403664712 472.4482777243715 234.15818999497867 1.4466445 1.563515 3.5720274 -6.2482457 2.1140172 26.69298 1.6046207 55.892485291892264 
Car -1 -1 0 19.05860569701838 203.98047915524603 111.9415544302546 241.56764752507695 1.5283065 1.5967367 3.6479628 -25.697443 3.084657 34.2342 1.5957127 33.5513492180989 
Car -1 -1 0 654.1438058143308 176.25264754093334 703.7865951637041 215.5468135522507 1.5222868 1.599393 3.7119632 2.838283 1.6732142 30.160305 1.5371413 48.70289752598289 
Car -1 -1 0 441.48820727650747 187.4829345818124 496.5038854531064 224.45370972675664 1.4646504 1.6270378 4.0352163 -6.199435 2.1589112 32.21582 1.5824713 35.93396375490057 
Car -1 -1 0 69.21582108415946 202.61446044037578 154.9031623754732 237.82735251159784 1.4275053 1.587987 3.6598763 -23.480095 2.914711 34.212666 1.5521683 24.848859327102083 
Car -1 -1 0 478.40063577930397 181.021545141827 516.7871793012353 211.47166368690088 1.5710846 1.5812198 4.0190206 -6.205108 2.050535 40.334064 1.5552154 15.790737690972074 
Car -1 -1 0 115.28101734423386 200.2036268221936 204.6335190104574 236.94892152820898 1.4553633 1.6633903 3.8792233 -20.723774 2.7974372 33.449135 1.5928211 28.389046128549804 
Car -1 -1 0 177.60093603329744 200.01601117730357 252.33652261882096 235.96961449570483 1.4265825 1.6129489 3.7638807 -18.209908 2.7597032 33.481125 1.5030818 3.992376813206012 
Car -1 -1 0 833.5485697854969 162.051878264894 868.2192659856829 182.019553371323 1.4751992 1.574404 3.7411058 18.421606 0.677145 55.21601 1.6232605 0.5581540330080569 
Car -1 -1 0 538.5167715635755 180.47083124333034 555.2830658353255 196.41350923728154 1.5249903 1.6047992 3.8605561 -6.306651 2.315301 72.88725 1.5056458 0.8093148334001613 

