Car -1 -1 0 475.53310080340646 185.36126360088574 534.1226136739224 226.26073743542426 1.4079661 1.7372062 4.097061 -4.0033727 1.931724 28.156693 1.5589921 72.43623202605453 
Car -1 -1 0 129.6823080175163 190.17478802791476 334.46748212374393 300.6933600357171 1.6012927 1.6486073 4.055729 -6.580959 1.9654753 13.132105 1.5573412 94.6052551657296 
Car -1 -1 0 628.7579205585546 178.0449475645967 657.447807824269 203.64907475526994 1.5265901 1.6064782 3.8627214 2.0883474 1.8696318 45.744297 1.5621092 29.86327404871897 
Car -1 -1 0 365.41905100285015 191.3877888669399 440.32511765109854 240.22844862971897 1.4144688 1.5557041 3.5468392 -6.795554 2.0781894 24.047682 1.5467806 52.91856461856764 
Car -1 -1 0 706.2406995117316 170.2123328690253 793.6663135011722 201.20375068716046 1.6280032 1.7191302 4.3533373 7.4987526 1.4892342 38.796005 -0.015439813 19.22627205232524 
Car -1 -1 0 1136.5353231420488 154.13504587873166 1242.0 209.3552622005613 1.4953251 1.6773992 4.272521 18.085152 0.9884287 21.762753 1.6955404 7.671966022188401 
Car -1 -1 0 703.9199236669953 167.5573464903382 782.5164263853179 197.59747771015043 1.7005246 1.6610775 4.224712 7.680749 1.4006891 41.70031 -0.011699365 9.098875800749202 
Car -1 -1 0 458.6671126871731 185.7679740902288 502.12717512275225 216.30328410150494 1.4928341 1.5445639 3.7259684 -6.883748 2.2204323 38.763153 1.606955 2.057191907560824 
Car -1 -1 0 834.0151835657567 161.53865260109956 872.3312751831374 180.77943182496037 1.5181282 1.5914532 3.7277849 19.825068 0.6253289 58.858406 1.4806969 0.7853874320893282 
Car -1 -1 0 880.7254691729653 151.29613032362946 930.2541771787521 180.92793413000408 1.9327143 1.6514337 3.7622142 20.028303 0.52661663 48.986298 1.5146377 0.7794655769689355 

