Car -1 -1 0 687.8770653749802 177.8750685374279 810.2400794830995 261.3520512510126 1.445765 1.6701711 4.521167 2.7142568 1.5660945 15.030104 1.569694 115.5602919346378 
Car -1 -1 0 772.6106433463013 174.26546037111285 922.4067231645411 231.09665614387058 1.4801079 1.6295651 3.6599026 6.443426 1.5209423 19.858376 0.11316606 55.540970283440174 
Car -1 -1 0 250.79145465870408 175.3777012857604 458.3298150004254 243.3885352039678 1.4380739 1.6135106 4.1211123 -5.6100965 1.4981499 16.250727 -0.058227874 76.81460288126048 
Car -1 -1 0 18.503723310731083 172.9610073768016 339.2553043520003 273.58718488510516 1.4885862 1.6255534 4.2022576 -6.735861 1.4904318 11.560427 0.03445377 60.7189152100725 
Car -1 -1 0 400.8285623119566 169.55883295361758 511.45101429081615 207.8058527176515 1.4694288 1.6219997 4.145083 -6.029965 1.3428302 28.71888 -0.09191717 26.286049553258522 
Car -1 -1 0 0.0 174.15368673429376 247.051442435851 303.78609316004105 1.5305514 1.5923995 3.7610774 -6.9938636 1.5489523 9.375731 -0.023301208 24.715368151468944 
Car -1 -1 0 669.7492345005126 170.2616388652268 736.6586286133379 196.24942274469123 1.5439334 1.6975946 3.7914991 5.6490374 1.3899211 43.798954 -0.0445709 13.464439209470576 
Car -1 -1 0 371.2530910175545 169.5505482110656 494.1827776570013 211.44913972731334 1.4767731 1.6068121 4.1558156 -6.385235 1.3603383 26.38352 -0.07256196 14.82246345001878 
Car -1 -1 0 114.10079299322885 165.58395842902883 346.87049196887676 252.18101322642266 1.5558132 1.6009562 3.637786 -7.157037 1.4251987 13.915125 -0.084932804 28.17874619168419 
Car -1 -1 0 436.06395753914563 171.06127770811904 527.8049565273484 204.13682432269096 1.4785475 1.5998039 4.066454 -5.8199277 1.3984088 33.267673 -0.1074811 4.118216207051738 
Car -1 -1 0 704.2039324609998 169.96575355419185 794.5573409823977 203.76062210320652 1.5550293 1.6402948 3.8935184 6.60638 1.42213 34.271183 -0.13269933 2.3644563862996377 
Car -1 -1 0 752.8059087600498 173.12417076439368 877.3881583359018 220.06966135504817 1.5242288 1.6089592 3.7355914 6.839341 1.5336199 24.258614 0.009519281 0.6831869930698203 
Car -1 -1 0 527.0956463915612 170.35304338065677 553.8078108292847 191.96453467758806 1.5236511 1.6007515 3.788678 -5.096489 1.3473287 52.880905 1.3814479 0.686776673818317 
Car -1 -1 0 445.0645568291803 165.15200297388438 525.3800285189341 197.28203492876824 1.6661818 1.6447055 4.0915294 -6.564242 1.2667756 38.415165 -0.08753545 0.6298650372591635 
Car -1 -1 0 713.474714358359 168.7120380780921 810.6626980913928 203.80436155802911 1.5071518 1.6179391 3.9166808 6.69954 1.3292619 31.915495 -0.06095006 0.2788604497909546 

