Car -1 -1 0 720.9403713277969 188.63053725288515 902.3429994848641 313.82630006043655 1.4471085 1.5970346 3.6640484 2.7543633 1.7203333 10.6505375 1.5537555 104.11656020239873 
Car -1 -1 0 664.2506025003374 177.02905134227979 734.9368996540509 240.3513952215416 1.6968629 1.6487368 4.09385 2.6022303 1.8340895 21.660929 1.5804243 74.65155731548289 
Car -1 -1 0 0.0 188.14642628506417 289.2959939733343 321.0318781264214 1.4738128 1.6455004 4.1524262 -6.4964337 1.6877842 9.157124 0.056471325 119.17005663540075 
Car -1 -1 0 636.9201392866821 178.02723242538698 679.762665966769 213.2267865880882 1.6786343 1.615022 3.554171 2.4378815 1.9557327 36.80051 1.4722996 25.343635220712045 
Car -1 -1 0 651.98323951896 182.01308565782486 707.413879336132 226.44202862228192 1.5252788 1.6120644 3.8970938 2.6053119 1.9001908 27.560074 1.5366998 10.280742107590779 
Car -1 -1 0 291.3152523676616 186.50739845733557 450.52847834699406 245.88964112309066 1.4669816 1.5520601 3.7114096 -6.212712 1.8439382 19.068836 -0.041361563 29.28187357407545 
Car -1 -1 0 136.3577376770563 167.90054595453765 395.34477863194456 269.20809189044337 1.8520657 1.7334235 4.2230105 -6.5445795 1.7615085 14.070137 -0.0059507177 91.51333078990857 
Car -1 -1 0 312.7176332763573 178.28151636340377 466.87444765399727 237.61606811306478 1.685095 1.7192681 4.157934 -6.498187 1.8558804 21.690693 -0.07532885 16.713699945405843 
Car -1 -1 0 223.3398226971306 185.6346782185445 424.37243273410303 255.6271908801771 1.5006466 1.5750384 3.990239 -6.4458847 1.8081157 16.559856 -0.0054734675 4.796476149298897 
Car -1 -1 0 393.428775783725 182.79423378898053 492.46166456514374 220.32996754707887 1.528887 1.6188246 3.9475973 -7.0663867 1.9680479 30.893976 -0.09006774 4.525475914186703 
Car -1 -1 0 481.49633119707175 180.71671014504625 546.9671376473622 204.6742139711235 1.5321014 1.6407235 4.0151396 -6.3306923 2.0686364 48.071766 0.17889181 1.5693191797733885 
Car -1 -1 0 623.7887965786915 178.93522029372372 654.7954063013239 201.89021033650204 1.514072 1.5676023 3.8755777 2.0491047 1.9582212 50.6797 1.4489075 0.26528802514076233 

