Car -1 -1 0 723.0201829979213 178.92331761817934 833.8939693793428 261.1356200171619 1.5169827 1.6137061 3.6860962 3.4745526 1.6626958 15.456119 1.6011399 78.74267307072613 
Car -1 -1 0 126.7455973842158 180.111404303721 419.11950883083205 278.82220011167357 1.5241789 1.6557281 4.2442055 -5.5953317 1.657665 12.279183 0.078699656 85.55872340951859 
Car -1 -1 0 702.7121444676558 175.9038041906941 782.3629863753732 238.41701194738053 1.5961645 1.6469868 3.8440614 3.6809196 1.6912484 20.55404 1.595027 65.92744453482952 
Car -1 -1 0 674.7078371912211 179.9922274051777 722.3642386436466 213.29172316520717 1.4514909 1.5054487 3.3786032 4.135288 1.804887 33.96326 1.4667789 25.793593358659848 
Car -1 -1 0 284.4036112243008 179.77045429402017 467.7209541082292 237.20381178234084 1.4335458 1.662831 4.323489 -6.0704565 1.6251432 19.10506 -0.023859158 77.94115344220191 
Car -1 -1 0 368.91891988627464 178.24146054262178 497.80315073378944 225.88250500537896 1.5463302 1.681613 4.046211 -5.9248333 1.7374765 24.620607 -0.06959539 34.72797067528632 
Car -1 -1 0 406.0287519636788 180.87462606437148 526.992222808135 222.9874073259919 1.48805 1.6321436 4.210019 -5.2296257 1.7958426 26.767765 -0.05053474 14.98705611634763 
Car -1 -1 0 431.1639636478451 176.93802748878085 528.684263422857 217.86257136779403 1.5982349 1.6238258 3.6417089 -5.1880293 1.7680676 29.1745 0.01017442 12.634438655937577 
Car -1 -1 0 517.5467802118646 174.87956025602733 550.6513012610751 205.6710575602039 1.6069196 1.6684513 4.0638433 -4.2335744 1.7253765 40.065815 1.4269326 2.4873950479296303 
Car -1 -1 0 462.7242648992781 174.9136589333516 551.10233535489 211.0900400889164 1.6525685 1.6130912 3.8874216 -4.785558 1.7520192 33.950615 0.04277593 2.067001916989829 
Car -1 -1 0 499.0491318912414 167.24896277961722 565.3774897568125 193.5740618661128 1.7277439 1.6554252 4.1952014 -5.1477065 1.3598791 48.31725 0.06488196 0.26565366983413696 

