Car -1 -1 0 692.9262999386331 181.85489190203754 801.6998454119 259.802162136083 1.4281859 1.5437707 3.5023646 2.8117044 1.6425583 15.407732 1.5359778 45.038952890135356 
Car -1 -1 0 648.4988235454583 175.5532831461231 689.7701044880599 210.03042825794665 1.4650984 1.6020617 3.794549 2.6590645 1.5951723 32.8648 1.5804737 27.24052887031696 
Car -1 -1 0 726.7922419141038 163.9201817141959 954.8768878197836 328.67531863183893 1.7601936 1.6876665 4.1736145 2.818438 1.6647474 9.81296 1.5495404 101.89940797430316 
Car -1 -1 0 669.9204460153242 176.68619314417492 750.9411662090822 235.01045881853267 1.5036281 1.6426988 3.9587245 2.809376 1.6251862 20.8766 1.5306001 51.33319394968066 
Car -1 -1 0 0.0 188.99598884026912 302.0889474569183 315.1313143754137 1.4389886 1.5599018 3.837161 -6.240473 1.669385 9.382311 0.07217798 48.940253237491056 
Car -1 -1 0 164.3580176605394 176.8587620359201 389.62003503335 264.95594907311033 1.6185762 1.609706 3.6940207 -6.4132166 1.7022967 14.20997 -0.03774194 48.127208503469475 
Car -1 -1 0 57.56152462056148 182.9476533779748 344.37424769981385 278.8042210732594 1.4743334 1.6055347 3.89542 -6.6828833 1.6546748 12.080089 0.00448361 32.194086817078805 
Car -1 -1 0 343.34272162051485 171.69782784652116 477.0759912790691 224.41266123325238 1.6546891 1.6771393 3.8842525 -6.434014 1.6183974 23.548164 0.031593613 29.91838014681495 
Car -1 -1 0 393.8026507054765 174.66348855838822 507.4731871596477 210.63456526778052 1.504534 1.6924539 4.520587 -6.85249 1.585764 31.337925 0.09315531 14.728280907251088 
Car -1 -1 0 226.42471984992386 168.98617406245805 438.7488993888093 248.2323624452861 1.7330027 1.670712 4.247843 -6.2549877 1.6484187 16.61481 0.0002071726 20.798921105347404 
Car -1 -1 0 440.9436318917186 170.39974063196746 520.9926459481462 204.05733808656404 1.6412349 1.6214857 3.7064643 -6.3703747 1.5215584 35.998173 -0.0017879843 2.76375182478778 
Car -1 -1 0 302.94274019729863 177.40779552664827 460.7103164442608 230.9823832659201 1.4716239 1.6006117 4.0607347 -6.536211 1.6097357 20.932438 0.075443015 1.5775379979130628 
Car -1 -1 0 637.5822919566858 174.07398243127432 665.6960139288168 200.57374734171077 1.5284073 1.5708864 3.6314642 2.5080652 1.605257 43.618004 1.5941527 0.5501399388413714 

