Car -1 -1 0 674.0030334623027 179.67680162330547 749.8800487081115 243.55163145080746 1.4929864 1.5494678 3.2591386 2.5888717 1.6867251 18.851646 1.5804651 90.30241119707587 
Car -1 -1 0 753.3903293331651 177.44058452664598 998.4173064739022 346.7375292950055 1.5835614 1.5824234 3.436216 2.8778372 1.6491203 8.578249 1.5487293 136.27876750422578 
Car -1 -1 0 338.2530889005089 194.5626817912634 459.15955725346083 282.0730249560566 1.4824743 1.5383726 3.4022465 -4.178067 1.9790223 14.789 1.5525007 92.9209275101185 
Car -1 -1 0 493.12151706640464 182.58420945076554 533.9442383952165 214.35261699454944 1.5394354 1.5455475 3.6743474 -5.0015755 2.0765328 37.966446 1.6038417 39.59869835063724 
Car -1 -1 0 433.8530399004666 179.5542380620635 507.2047660469239 238.30396128771216 1.746249 1.6273587 4.050907 -4.510435 1.9874266 23.940983 1.5777512 96.19082743333973 
Car -1 -1 0 642.4327134317435 176.64008327407214 683.0860714089745 211.3795968474243 1.5579829 1.5572038 3.5387554 2.4983456 1.7487004 34.548653 1.5328931 36.14867459791702 
Car -1 -1 0 626.6316023244727 176.0549323725184 647.5098024953558 191.91593732122374 1.5801215 1.6406195 3.6950896 2.87011 1.919973 74.64152 1.7541761 4.972880245717584 
Car -1 -1 0 566.3108154300638 177.0735352076092 587.6063932698314 194.6859223517115 1.5768726 1.6074752 3.4280145 -3.0635002 1.9810312 67.29167 1.4125617 0.3583716154098511 
Car -1 -1 0 523.2476402469028 181.7954681853579 545.7206186879225 204.016281093317 1.5360241 1.561396 4.067194 -5.5493207 2.2267075 53.646408 1.4919515 0.29093217849731445 

