Car -1 -1 0 700.7609305570666 179.2082498977304 845.1049212980599 278.0440663553893 1.451646 1.6691204 4.357178 2.7396812 1.5859739 13.065996 1.5812724 130.63903669493416 
Car -1 -1 0 789.5753460331173 177.508477656599 959.6186754490955 240.65077782098328 1.470319 1.6232028 3.7003903 6.4821525 1.5928693 17.975065 0.11738673 58.291070087995834 
Car -1 -1 0 677.1236309273061 172.23313959803747 745.9612826648838 199.93297153557208 1.5716164 1.6937062 3.7127223 5.8786106 1.5363902 41.853783 -0.037365302 22.017155647501543 
Car -1 -1 0 191.2917160033681 176.37198626892885 433.0153883264471 254.63761158287048 1.4437395 1.6133275 4.1457663 -5.75364 1.5183094 14.3447895 -0.06990029 82.55618574623695 
Car -1 -1 0 0.0 174.60472821125458 290.2569257969592 299.013774553985 1.5106239 1.6261802 4.0784035 -6.672369 1.5362141 9.666313 0.033204176 84.83909504418544 
Car -1 -1 0 386.82343452368235 173.09146756590835 505.2156112371774 213.49305600224147 1.450319 1.6180389 4.1064696 -6.0120845 1.4594791 26.872849 -0.074755624 31.123830321499465 
Car -1 -1 0 428.7581241131232 170.7852397353232 524.9966218862353 207.492873225027 1.5665233 1.588597 3.9194133 -5.7565665 1.4782374 31.591135 0.0024106433 23.53871741309518 
Car -1 -1 0 710.3264746946126 171.54697801525995 802.13280445411 208.7128409323567 1.6116319 1.623949 3.7377567 6.4878845 1.554955 32.15393 -0.028946545 15.382247859183899 
Car -1 -1 0 351.108422797127 172.64368842532826 483.04961462899934 217.31081287022903 1.4574221 1.5984128 4.0908055 -6.4433384 1.4505599 24.472313 -0.06461253 15.713984593158337 
Car -1 -1 0 720.5239198537845 174.13994947606463 819.0685737551885 210.61774109913057 1.4650896 1.5468735 3.705812 6.6050067 1.52005 29.940546 -0.06797984 10.462239838045718 
Car -1 -1 0 631.2802719631503 172.26337519401656 654.4885018857061 192.1859473262287 1.50239 1.6517841 3.993475 2.5733368 1.4578499 56.41348 1.5763264 6.681188834542597 
Car -1 -1 0 40.05309726634467 166.85129790068447 309.58129942681336 268.91080637290287 1.5781882 1.5806291 3.5323322 -7.1076746 1.4853659 12.083664 -0.07840983 16.32717284343852 
Car -1 -1 0 525.7865584703679 171.82831207063927 551.1493618326743 193.88855862921127 1.5009515 1.587986 4.121681 -5.0067186 1.4311647 51.189457 1.5222619 8.390476925343965 
Car -1 -1 0 759.6035045234582 174.79009538057656 898.975371198877 226.10421320982948 1.5166616 1.5920397 3.8378475 6.6966176 1.5787613 22.267649 0.0417989 2.2597791218553653 
Car -1 -1 0 492.2735078524272 169.28298445949608 525.1182718105141 200.78006597915555 1.5603429 1.5481523 3.813297 -5.2276716 1.3834372 37.718063 1.4721754 1.2945339142156498 

