Car -1 -1 0 232.08026096783186 194.97613472620606 405.9126923801147 284.0474952699163 1.4396781 1.7223138 4.423295 -5.7816434 1.9684843 15.010574 1.6014777 126.30987566135012 
Car -1 -1 0 715.3253680560396 178.08021491187822 840.824503600418 266.17631136873126 1.5143149 1.6073916 3.9508598 3.2419205 1.6345057 14.615589 1.5674322 95.87209702766418 
Car -1 -1 0 768.5616929147989 182.76359893998406 1027.2199730541981 332.95467201097955 1.4374201 1.6398133 4.008768 3.314964 1.5913197 9.188729 1.555096 91.74579750682969 
Car -1 -1 0 361.75729014180354 189.31653549733693 452.58391532777176 249.44285456426476 1.5047867 1.5536766 3.6571162 -5.750099 2.0238059 20.907127 1.5871361 65.69131997701349 
Car -1 -1 0 680.5348440204934 182.99560616517937 746.5382815505706 230.39833988241054 1.4334723 1.5378783 3.6126235 3.4432943 1.8031137 24.453768 1.5172744 61.63175379382942 
Car -1 -1 0 436.0986684195414 185.89250235411268 506.80396150313436 225.71907801219209 1.4496326 1.6450055 4.1698575 -5.6196957 2.028536 29.86138 1.7019149 31.891159700973443 
Car -1 -1 0 997.1025899837916 154.77488109114083 1242.0 264.1919721785667 1.5117338 1.6136281 3.8963969 8.211268 1.2619481 10.887182 -0.05791989 114.53756333209313 
Car -1 -1 0 650.9240516845744 178.96456715618342 689.9424216892362 209.63235978607418 1.5402163 1.5523467 3.6529481 3.2308035 1.8852135 38.86127 1.5010407 11.800546835409582 
Car -1 -1 0 668.8681119707697 180.67585643853292 719.6351301858011 220.61697726092422 1.524694 1.5978559 3.988482 3.4914432 1.8753536 30.338682 1.5526577 8.579680818912278 
Car -1 -1 0 503.7383379130108 180.73129747541853 530.4103406845727 206.26157237324722 1.4805235 1.5483942 3.6432614 -5.720123 1.9913381 44.89908 1.4703312 0.8709684698377508 

