Car -1 -1 0 335.4983812841547 187.03672507863394 458.69392995113935 263.42302520270715 1.4348128 1.5711107 3.5343196 -4.3389153 1.4782226 15.36175 1.5801287 90.69345198879004 
Car -1 -1 0 436.55367974259536 183.59710319516307 501.30845390331604 226.9103081219421 1.4096022 1.5486224 3.9455798 -4.790909 1.356926 25.372145 1.5647854 60.876457846328975 
Car -1 -1 0 25.993323962694554 195.90157153519021 249.86891423373874 286.5966367586837 1.3552766 1.644911 3.8565476 -8.279816 1.5796747 13.148268 1.5469213 82.63565855077435 
Car -1 -1 0 485.64812978047 181.44614630225655 524.6611258810831 212.90720721120638 1.4373276 1.5337162 3.577408 -4.870982 1.2651122 34.664387 1.5237556 27.7419230078823 
Car -1 -1 0 299.04728371833346 178.68233352727435 383.9663819596992 230.04506624008891 1.5545094 1.6561207 3.6516929 -8.624235 1.356775 23.63437 1.502691 34.58540291505488 
Car -1 -1 0 577.2707024657534 177.28878570393408 608.7404781360191 207.45596139107255 1.5208673 1.5868369 3.1759264 -0.7428345 1.1212349 37.842392 1.5534017 16.04128390859528 
Car -1 -1 0 467.01665682148786 174.4611967195168 497.72032482813995 195.75363367347893 1.5440078 1.6575304 3.8267853 -9.343429 0.7641518 54.04398 1.5669281 3.8688173099196304 
Car -1 -1 0 423.5895310293052 175.35788668612435 467.7327232984801 202.118801491588 1.5219975 1.6363003 3.862382 -9.569019 0.9613453 42.844097 1.6075575 1.4609795884454884 
Car -1 -1 0 482.0727378340999 167.34058036851232 523.6787796729732 183.0454526363872 1.478351 1.6032999 3.7618191 -9.949469 -0.20999858 68.72806 -0.015287553 0.9495393858946577 
Car -1 -1 0 104.67751036278763 171.03945808156888 248.72714012575653 241.6391153988499 1.8236427 1.647525 4.3937907 -12.228124 1.4574597 20.791002 1.5384254 2.545126499304806 

