Car -1 -1 0 698.6330306385921 173.34571896122318 835.297470004823 267.96088816867734 1.4844164 1.608886 4.2166023 2.7358758 1.4950249 13.454519 1.5657096 94.31498297985334 
Car -1 -1 0 359.20213974539735 179.28541672904092 502.62415529548633 274.10509741539545 1.4523835 1.5969003 4.118347 -3.114575 1.5902853 13.401937 1.5835788 80.13748820336438 
Car -1 -1 0 678.3859443165636 174.0389839442794 763.4369169382103 236.27252143757056 1.4476144 1.5623295 3.9370205 2.7918396 1.4818025 18.838123 1.5570437 54.53804478374772 
Car -1 -1 0 503.3829279281895 173.91919615882662 553.3535316757453 217.82685029604377 1.4683275 1.5998642 4.0469794 -2.8874779 1.5102016 26.297005 1.5111837 50.356025282514054 
Car -1 -1 0 176.17442939816334 187.8239704004029 456.56446017237135 375.0 1.4812876 1.6521711 3.7095542 -2.838264 1.6838484 7.883687 1.5397264 80.97864285713779 
Car -1 -1 0 651.4989544541451 161.1926727464303 708.3025598099326 211.43899803679173 1.8468813 1.6311044 3.8845637 2.7053297 1.418251 28.511824 1.5066142 29.754038572012046 
Car -1 -1 0 631.6000918165743 165.32594727342592 660.5165224040568 191.8252987427219 1.6534228 1.5909026 3.8019989 2.3368864 1.1837109 46.941647 1.5442883 15.276622680576766 
Car -1 -1 0 657.6879461772537 171.34856560737714 726.4716410436899 219.72741628802132 1.4687121 1.5638214 3.8149614 2.64185 1.4230092 23.867062 1.4934149 34.98558635642744 
Car -1 -1 0 536.619285744709 171.5007867248371 570.5458849135898 200.99934252626016 1.4344401 1.5236238 4.3852406 -2.8415797 1.3686366 37.297997 1.5451387 10.793858501800427 

