Car -1 -1 0 768.2203415872206 183.26181127593134 977.6639982891351 257.13977579906157 1.4845827 1.6656286 3.938356 5.616759 1.724093 15.68186 -0.04604509 125.46490829845578 
Car -1 -1 0 638.5620992985127 181.19298647521342 686.514410924889 218.07669647671162 1.3960629 1.5697687 3.8783731 2.1519225 1.7675078 30.17028 1.5303806 27.580477327899775 
Car -1 -1 0 334.92847562393473 179.82153915130746 479.53434580481513 228.1336984776076 1.5148649 1.6274614 4.288173 -6.557976 1.7513852 23.676647 0.0013886604 68.01942692781614 
Car -1 -1 0 194.37732234608194 185.6170345523443 407.01683809730605 258.4947635751795 1.4336488 1.5650492 3.8527155 -6.443473 1.7202044 15.346486 -0.03712068 33.549445748490626 
Car -1 -1 0 0.0 174.34294881548436 325.25718050007754 306.17161185644045 1.7084464 1.6663364 4.061804 -6.434902 1.7319069 10.37113 -0.082530454 83.86103613774573 
Car -1 -1 0 77.69222427712445 186.01865511586817 364.547695290668 275.2178929006338 1.4338273 1.5997474 4.205087 -6.718686 1.685324 12.831821 -0.073636405 20.045483011247764 
Car -1 -1 0 375.69899388902394 174.19897095416593 483.61804395323554 215.84032159982385 1.7393241 1.6837356 4.212626 -7.7107615 1.799147 31.146273 0.05047765 6.366235125424923 
Car -1 -1 0 620.871072704849 176.14890492605898 641.414772968468 195.5190275269785 1.4821739 1.5919833 4.121587 1.7233186 1.7565188 57.99813 1.5952091 4.467588639141353 
Car -1 -1 0 229.88885680898466 180.88339027550447 410.15975930425975 242.77201551908666 1.4568838 1.5677502 3.879748 -7.1340394 1.6669315 18.038841 -0.027278285 2.918811848226387 
Car -1 -1 0 485.03293812062276 179.53143489979595 523.3449844823521 210.72207229667274 1.4970719 1.6012264 4.061967 -5.434149 1.8640709 37.58725 1.5196396 0.37177902460098267 
Car -1 -1 0 548.823712644775 177.57647960385742 575.3421272628328 198.00466903167248 1.4461117 1.5896082 3.9157908 -3.5924282 1.8136723 54.095303 1.4020766 0.36547985672950745 

