Car -1 -1 0 479.64126408956645 167.71979876105158 566.0036141483629 198.6903210311712 1.4925017 1.65106 4.158001 -4.350575 1.245079 35.994194 -0.20023037 40.61211364395074 
Car -1 -1 0 745.6954472743597 164.3963672799023 791.1147326864457 186.0625212032701 1.5102074 1.5997859 3.923583 11.481528 0.9206803 52.39515 1.311055 20.22340939947377 
Car -1 -1 0 996.620001210517 159.3986040977379 1051.9857274021751 180.5957001223219 1.5330346 1.6439471 3.4155378 31.014832 0.5599016 54.051636 1.2922112 30.829734361239534 
Car -1 -1 0 713.8127357913357 161.74125597451655 759.3946604959025 186.80525027966294 1.6993017 1.670033 4.2973895 8.954012 0.94587386 51.197544 1.3530245 16.769332733547973 
Car -1 -1 0 789.0649857021467 164.7776041453693 838.1561457595749 185.8286405915021 1.4576914 1.7069379 4.328945 14.7069 0.89843637 52.243088 1.3962843 6.693679066051908 
Car -1 -1 0 1144.980344339894 163.0270628673701 1198.2979409554098 182.8709608838657 1.4609325 1.6199447 4.0335627 42.96971 0.73746085 55.261444 1.7797693 1.3731366193117833 
Car -1 -1 0 926.3297035036343 163.40006877316605 979.8871045570885 185.24945298454847 1.5085609 1.5575057 3.7924433 24.60959 0.85582685 51.82106 1.3943567 2.44881706450164 
Car -1 -1 0 1067.3784001317913 163.49755796545514 1129.5796871511932 183.2433798414309 1.4745482 1.6326551 4.040748 37.35048 0.7758419 55.141975 -0.23261711 1.8183521050157332 
Car -1 -1 0 135.63299167081644 169.4111356626431 183.82305104132652 191.601344461301 1.4965107 1.5635774 3.6544416 -31.473421 1.2643232 50.587143 1.4147096 0.27284449338912964 

