Car -1 -1 0 918.7335785885716 190.26790557404055 1242.0 318.1109593649598 1.4940978 1.5671144 3.8280234 6.290959 1.7406521 9.431124 0.0006225185 44.18935375753934 
Car -1 -1 0 630.5290551164586 182.35661587750198 677.5354452106772 215.68132348263637 1.4965849 1.6206083 4.320674 2.1466556 1.999042 35.915436 1.4605615 36.735440675867366 
Car -1 -1 0 768.1312432188049 188.88305255415784 948.7566591107558 254.17564066473943 1.449701 1.5601882 3.8029299 5.909497 1.8556435 17.368856 -0.066322796 53.29760538312933 
Car -1 -1 0 842.6316584582354 189.5537922712582 1102.6378126578595 285.63556593676685 1.4969879 1.5817465 3.6687508 6.089241 1.8025861 12.368061 -0.024588458 61.28708048969062 
Car -1 -1 0 732.4108218226868 188.61567287986264 894.8957839486307 243.68468027332503 1.4292269 1.6072044 4.095251 5.6755047 1.894618 20.302383 -0.099124 46.32258370222002 
Car -1 -1 0 0.0 193.85101101288097 289.97521584467546 324.3104655756497 1.4692376 1.6212753 4.1107116 -6.496404 1.7615216 9.217939 0.0075150104 77.96612438025362 
Car -1 -1 0 44.13756071794851 189.50388679069937 342.63782641460955 292.86580616748125 1.5063136 1.6303633 3.9652507 -6.6297803 1.7987843 11.744587 0.058598466 55.31766625128985 
Car -1 -1 0 194.82797263731976 182.41007319531275 407.80868799829483 259.8562767797896 1.6244576 1.6727297 4.0864115 -6.814214 1.8518524 16.263805 -0.03422993 52.98971192954542 
Car -1 -1 0 817.873355486487 186.85393135434984 1034.7615588791423 265.27422425903245 1.4852078 1.5860045 3.809664 6.4558563 1.7929257 14.928499 -0.07357302 22.74095366624843 
Car -1 -1 0 420.47825323022687 183.73977156165572 515.0705746972737 217.3876808644074 1.4595485 1.5930274 3.9565663 -6.3676987 1.9647706 32.660408 0.015489422 17.555093476801012 
Car -1 -1 0 730.8308430735887 175.8437988935661 871.3633013642693 235.59479749153235 1.7869847 1.6777892 3.9339874 5.953562 1.8850727 22.675411 -0.08164469 19.784110372827115 
Car -1 -1 0 399.1943414523304 181.85536437909317 501.6006532129941 222.23764257334648 1.6118262 1.6278286 3.8892763 -6.568538 1.9970288 30.02784 0.018381087 18.661348142951645 
Car -1 -1 0 245.62239236300002 170.9389566743494 435.64386012136566 246.49162407680438 1.8774705 1.6780313 4.331395 -6.895564 1.8298819 18.812927 -0.020317884 18.24256578013419 

