Car -1 -1 0 437.40088034347434 169.8131387307874 519.2396332367821 202.01447008867663 1.493788 1.6337279 3.789181 -6.331148 1.3527253 34.703228 -0.23273283 41.51246402325111 
Car -1 -1 0 698.8503913027171 168.84997593944968 741.2641272925202 190.3498552362024 1.4370348 1.6179732 4.0331483 7.6600184 1.1694088 50.366188 1.3654078 19.880946532224844 
Car -1 -1 0 979.0049082534946 162.62745696563482 1033.2528256868382 182.9956847657375 1.4700488 1.5174752 3.4904048 29.606125 0.73196185 53.96606 1.2773377 41.412928487216924 
Car -1 -1 0 908.9527399123408 162.43381033404452 963.2772019474227 187.01900321497567 1.688859 1.6329322 3.8076005 23.284712 0.9730526 51.590813 1.3770239 8.446159573043978 
Car -1 -1 0 775.5741584387393 166.69826632993065 825.3315364215624 187.50131690948734 1.4210284 1.7682863 4.268877 13.571427 1.0005382 51.54902 1.3834819 3.6629841051549867 
Car -1 -1 0 59.04616381279228 174.2926201984794 114.5395650402175 196.64703818750644 1.4640969 1.6562532 3.6814928 -35.7659 1.5666374 49.46918 1.3893137 3.148223199853037 
Car -1 -1 0 730.4508023375189 166.73575314195404 774.3678409299583 187.87165208616838 1.4531746 1.65629 3.644873 10.164747 1.0325212 51.581142 1.3150926 5.776596521541902 
Car -1 -1 0 98.37922447247377 172.57980483921818 152.2427007325179 195.63083623632065 1.498531 1.5838671 3.8960772 -32.782753 1.4807055 48.96108 1.399703 1.6075943192779332 
Car -1 -1 0 605.0025986975318 164.7147913955505 659.8904375150904 188.33529061342807 1.5678046 1.5685437 3.6006994 1.5527291 1.0275664 49.66927 0.7207724 4.805912093717838 
Car -1 -1 0 294.6142787492345 149.05590482674134 329.30930267452464 189.8135762128312 2.8803678 1.8430672 4.970833 -22.058044 1.1985426 53.634735 1.2909911 1.0298750373780883 

