Car -1 -1 0 707.5807481165283 189.03376073326078 856.9975036370064 286.5828960685838 1.4091034 1.5393693 3.3895445 2.8909755 1.7350566 12.771874 1.4692941 113.91531063543881 
Car -1 -1 0 652.8492140167302 182.73964416037992 727.2967145133869 236.15994521816643 1.4489563 1.6418626 4.3279657 2.4111981 1.7886133 22.588501 1.5204597 79.19366214336483 
Car -1 -1 0 0.0 196.404396246335 283.5515536713597 330.3555972278166 1.4170221 1.6044854 4.20958 -6.411206 1.7284863 8.730549 0.0046882196 96.41885846625517 
Car -1 -1 0 645.4873287193225 180.71856111408846 689.3662567427377 215.99835337486402 1.4870986 1.5642337 4.0669355 2.617166 1.8735259 33.392723 1.5348806 17.950864268771284 
Car -1 -1 0 368.28798953356136 185.93945277978221 498.7717381001344 228.1555038647234 1.4466121 1.6448851 4.31663 -6.3267517 1.9383891 26.20382 0.04230618 39.31727441180437 
Car -1 -1 0 25.96359009497748 193.80628371293975 330.525215124741 299.6539002577609 1.4639583 1.5409224 3.7618012 -6.4635167 1.8085318 11.078675 0.009059314 55.41872585318009 
Car -1 -1 0 246.09731199213408 186.5628323486178 426.5153938217478 249.73760096070558 1.4873514 1.6106412 3.941933 -6.8016934 1.8495376 18.210262 0.024164747 28.494427284382315 
Car -1 -1 0 201.54262050671983 189.97236019828253 407.9992291769329 262.02103807331594 1.4324896 1.5715386 3.8354192 -6.529478 1.826029 15.681923 0.06342365 51.706370639965215 
Car -1 -1 0 292.8455306085767 183.5553326223976 439.5078691901111 240.28421940786936 1.5088652 1.5433581 3.6569316 -6.88671 1.8289149 20.574844 0.13135639 15.925204826101872 
Car -1 -1 0 123.08919595411507 193.07329758493023 368.01472052917563 277.84072560449533 1.4299889 1.542641 3.7886176 -6.64445 1.8291569 13.40786 0.03476248 32.35029375261374 
Car -1 -1 0 628.9355649950097 177.50508117771707 656.9236543973559 201.02021820983117 1.6263292 1.6028106 3.525968 2.3926055 1.9761225 52.443623 1.4913495 6.00866181729421 
Car -1 -1 0 385.4836527969805 183.9975862107543 491.8892351824576 224.13086071086096 1.5314331 1.602636 3.8604531 -6.7733865 1.9898006 28.839108 0.020024253 6.745497865419154 
Car -1 -1 0 400.15782604673035 174.8835822806778 496.7213832911918 216.60342642276083 1.7491369 1.6713157 3.7979574 -6.9039717 1.8391596 31.168211 0.000104165636 2.891594351769922 

