Car -1 -1 0 755.1039697016993 206.44130862779542 921.3321941671686 322.9627753819013 1.4305685 1.6003058 4.231723 3.630265 2.0996895 12.233539 1.6034036 89.73497284443881 
Car -1 -1 0 514.7663775007427 189.7609177356736 565.7411837235272 230.81017010210124 1.4853609 1.7137934 4.236448 -2.80414 2.237332 29.973042 1.5700116 65.71263504156332 
Car -1 -1 0 724.1700496370582 200.72730589884512 821.0299345418935 277.2316394539151 1.5364226 1.573125 3.338608 3.814979 2.2723079 17.378649 1.568985 58.9680591320699 
Car -1 -1 0 694.5547844814714 195.45962384067664 758.3735348548284 248.5399714238259 1.5418628 1.5177256 3.3583503 3.8311355 2.3500214 24.099348 1.5482339 56.92280029266286 
Car -1 -1 0 389.566851611959 192.18419663413314 515.6720655182235 294.64763677124836 1.5765467 1.5602543 3.6494164 -2.804387 1.9905859 13.623796 1.5789894 44.12742170035956 
Car -1 -1 0 674.2078838293527 194.9521718112523 726.0510427286738 239.34606332900128 1.5396316 1.5788062 3.724745 3.5419064 2.4772756 28.74879 1.5653213 29.397307914156205 
Car -1 -1 0 665.1773897317086 191.37222326654867 709.0709874021559 228.8132213232027 1.5720761 1.6150466 4.31734 3.6539612 2.5156097 34.59989 1.5645914 5.177636329871391 
Car -1 -1 0 209.6076334964071 162.06886236337053 481.5791007428911 375.0 1.9636521 1.65639 4.276785 -2.589996 1.8735294 8.195642 1.535435 32.31839904942632 
Car -1 -1 0 640.1288849493804 191.98230373618776 662.6038440195878 210.39663694088608 1.5820346 1.6150086 3.7904186 3.9115078 3.4364738 67.99867 1.4925267 1.7886597192626912 
Car -1 -1 0 535.7545169667767 187.51097810977703 572.4706903828219 223.47226300267346 1.599705 1.6011088 3.8192656 -2.6862683 2.3619094 35.59492 1.5483819 0.855669900292671 

