Car -1 -1 0 696.1229040780946 184.97235562115492 790.1533674235047 257.76494957449273 1.4299269 1.5466211 3.4183893 2.9359124 1.7352722 16.463078 1.5816143 84.27407051716428 
Car -1 -1 0 758.3044796878967 176.0382326958302 902.6821880384975 234.02461584733987 1.6489778 1.64859 3.8545537 6.511374 1.7484056 21.576694 0.068021104 76.127653899511 
Car -1 -1 0 87.20193511276591 189.4082719334012 382.3203170961609 285.75619125916177 1.4375246 1.5872086 4.0411086 -6.0124435 1.7289028 11.874591 0.015826393 111.61765294058306 
Car -1 -1 0 688.0729158809728 181.69333797847293 778.468683784861 212.60348624122298 1.4232756 1.5707974 4.020058 5.948288 1.8634315 34.87716 -0.1366595 17.71684261932342 
Car -1 -1 0 193.82754636965413 182.63007479525353 430.9754354726798 266.2344352516295 1.508652 1.5822146 3.9857826 -5.686439 1.7113464 14.091753 0.039105367 77.96841651329848 
Car -1 -1 0 637.0267683957574 179.02622735762571 664.6826621677322 201.95695546089354 1.5011551 1.6371421 4.096578 2.8457885 1.9499581 50.40497 1.5556586 9.519623089293669 
Car -1 -1 0 286.46231158740454 179.74611677051502 466.252366484402 241.83810664644434 1.5284618 1.6214988 4.193721 -6.047735 1.7188947 18.957615 0.081554204 36.70464699520398 
Car -1 -1 0 246.68303622901837 177.63626250381944 435.87259104003505 253.55920421088337 1.6307735 1.5730902 3.7788372 -6.10147 1.747435 16.612217 0.11012298 25.314427229040998 
Car -1 -1 0 301.71966957658384 180.10266191907274 452.76999273922576 235.57145397774255 1.556742 1.6407661 3.97651 -6.7965207 1.7810199 21.407352 -0.049353667 11.374906959703758 
Car -1 -1 0 0.0 185.97885211132666 250.71130499265425 314.9451226169328 1.4739933 1.5766761 3.8344312 -6.883836 1.6556758 9.197746 -0.0009902201 25.03613570391001 
Car -1 -1 0 342.3209828390155 181.48756014997497 484.2660364529125 228.2415353558453 1.4669322 1.6209477 4.231141 -6.3813167 1.7608647 23.751968 0.0012157435 9.055596658605616 
Car -1 -1 0 372.31666554781674 177.12580939469458 493.87398975062393 221.83479561014636 1.5633248 1.686113 4.00205 -6.4365907 1.7267605 26.521198 0.1240824 2.5155731027875876 
Car -1 -1 0 415.3723369952773 166.8272731540145 513.6139924302294 206.91470676425092 1.8016852 1.6265125 4.241312 -6.6383085 1.5308205 33.31965 -0.036899816 1.031757394699178 
Car -1 -1 0 410.2356492489364 177.48246752735335 507.9087352027019 215.1095728187586 1.5464189 1.6138167 3.78686 -6.3867416 1.7503147 30.836609 0.076358415 1.3641569239027007 
Car -1 -1 0 691.041086927873 176.2352636237034 772.803917324178 210.24410539112452 1.6776974 1.6380109 3.8109047 6.209461 1.8550185 36.81822 -0.108700655 1.445025252216192 

