Car -1 -1 0 388.8284549457792 184.37057247513656 505.29344130367247 262.17910701765936 1.4478931 1.6304206 4.2460012 -3.2825646 1.4321667 15.512646 1.5546603 85.91024870543382 
Car -1 -1 0 173.95764582214747 197.5000610899385 448.45875433892127 353.05695072686757 1.3482733 1.6295446 4.3262615 -3.1879663 1.535061 8.752516 1.5521798 98.14073213304589 
Car -1 -1 0 556.5814403046896 177.13698277397037 623.3163384246052 239.7504191012142 1.571414 1.6769524 3.2822971 -0.48538244 1.3686619 19.708658 1.5383619 51.47550250105385 
Car -1 -1 0 251.76744539188286 180.39884808849237 369.44343978794836 241.11491957672243 1.4695448 1.6037929 3.7820134 -7.8044114 1.3529599 19.291464 1.5688138 92.75841494937256 
Car -1 -1 0 338.18206425276213 179.8106582014693 392.4627893016542 207.99650452256117 1.4098474 1.5942688 3.8137393 -12.669184 1.1394889 37.868176 1.565305 37.24618559558485 
Car -1 -1 0 511.5585189514943 178.24959601127537 557.2154392832159 213.5832952876937 1.5077047 1.6019464 4.159133 -3.252768 1.210458 32.764885 1.585317 20.463056165631528 
Car -1 -1 0 447.7949360486466 172.52348417145322 485.87160801410533 198.88603065902436 1.5633519 1.6487353 3.8856037 -8.653247 0.8106781 44.582825 1.5579624 7.410760570785153 
Car -1 -1 0 386.1807309954429 177.15280275561764 450.9608223040421 214.8516820449422 1.5347929 1.6394441 3.8140469 -8.106179 1.2065371 31.2131 1.6228743 7.305514998860768 
Car -1 -1 0 457.3447034643381 174.6801791298786 532.6612095457775 230.69859336916429 1.6076959 1.6718904 4.227659 -3.4412417 1.3053327 22.755493 1.584075 18.171233342068383 
Car -1 -1 0 241.5941061908981 181.78399592702675 311.52526219151497 222.7203225927124 1.4670691 1.5366882 3.1275997 -12.525394 1.3440844 27.406334 1.451561 2.8180635314486873 

