Car -1 -1 0 669.0523965315336 191.98135513362976 828.9481378448677 305.6126233160363 1.4675504 1.5717826 3.9640992 2.1192243 1.8413849 12.054973 1.4767025 101.40621732068963 
Car -1 -1 0 742.2558393399509 198.1239560027757 1119.4411956339165 375.0 1.4998734 1.6535511 4.1309366 2.756009 1.8320574 7.342416 1.4628913 121.88489009179493 
Car -1 -1 0 263.16604830175817 199.54681357535347 393.45775232380635 301.3587245656988 1.5342615 1.56655 3.5151074 -5.1726017 2.1096709 13.69976 1.4220508 80.79582057784198 
Car -1 -1 0 601.4044749010676 183.24434505147875 702.5076536660891 262.7102148890582 1.6255599 1.6260524 3.7292528 0.8939978 1.9023534 17.24857 1.4058154 93.49214857710768 
Car -1 -1 0 567.2038849279301 188.17631267885068 613.8760637212863 228.1066080029913 1.4360902 1.5537577 4.1423283 -0.8476814 2.1133814 29.746254 1.4535214 25.95762142573484 
Car -1 -1 0 446.96840741650436 187.7787997173741 478.25449047684964 213.14558414775425 1.4773009 1.5912404 3.9405372 -9.418354 2.4805853 46.462883 1.469202 9.74003720378496 
Car -1 -1 0 386.30127658806157 182.5018450209572 448.7932616735749 243.18285139779238 1.8509842 1.6525321 4.017975 -6.5060654 2.2107098 24.791857 1.4184446 63.284467643899305 
Car -1 -1 0 567.7857703702884 187.76316471656241 601.8290109466808 221.29339311328508 1.4647942 1.5276296 3.6296806 -1.24353 2.2273438 35.040924 1.5018957 0.6984250727833651 
Car -1 -1 0 543.2692024834794 184.09201561292252 577.270284933741 211.426438947584 1.605824 1.5925276 3.864049 -3.1923444 2.3565912 46.142796 1.3477676 0.8835694154847084 

