Car -1 -1 0 730.9465399047035 182.6884777271433 977.0063695142619 339.6148173169173 1.4824829 1.6689162 4.407236 2.7743843 1.639281 9.298405 1.5684226 126.69695046410577 
Car -1 -1 0 738.2360293959217 178.63175072559653 851.2405600452757 219.84253344113614 1.4255135 1.5661472 3.6553166 6.6463823 1.6416739 26.10175 -0.06088925 27.702377427043846 
Car -1 -1 0 31.87429216096512 176.85190160203874 381.4129795325552 288.3603046656515 1.4823605 1.6316333 4.1915393 -5.6925344 1.5463436 10.603613 -0.06195323 107.9359496076813 
Car -1 -1 0 824.8294698201172 179.3089941596944 1048.787004175156 258.70145632710575 1.4371686 1.5914891 3.7131107 6.297308 1.5734332 14.228075 0.11501865 57.96713738362748 
Car -1 -1 0 300.77871220982894 174.35917795110362 462.99753683343914 228.02490324007908 1.4700408 1.6340885 4.1854777 -6.447106 1.5153621 20.77201 -0.06623107 31.948924877285762 
Car -1 -1 0 723.6154118458792 176.19280424168508 821.6513604545358 216.90151904927052 1.5402427 1.5645771 3.4648938 6.3411517 1.6749592 28.275248 -0.032351743 19.5970775708083 
Car -1 -1 0 683.0169580785662 175.70956109921062 761.9575259534641 204.92873959305797 1.4990908 1.7149756 3.8581066 5.9289274 1.6538192 38.150024 -0.046647873 22.575400293487395 
Car -1 -1 0 350.5326155162639 174.7373567698893 493.0447785339426 221.0748870351096 1.4313514 1.6087408 4.190022 -5.959779 1.4942751 23.233004 -0.03340742 26.08724987575875 
Car -1 -1 0 405.20119184585496 172.54172751649023 517.4474694993893 214.27947047782826 1.5625896 1.6144927 3.987059 -5.664378 1.5508986 27.861458 0.02069207 36.833942825132695 
Car -1 -1 0 480.7850039491833 173.12854823417356 549.610166023495 198.0604822378881 1.5667338 1.6671659 4.1277556 -6.031144 1.5847528 46.359917 0.08018767 9.000464738239614 
Car -1 -1 0 766.1589217117065 179.38312068458666 939.3814350929392 241.0326293688233 1.5019116 1.6090145 3.9339776 6.1709986 1.6780357 18.611172 0.02449252 16.262516540154518 
Car -1 -1 0 633.4004635388494 175.41760711032984 658.3423782313055 196.5041673880734 1.4666865 1.6073327 3.9909625 2.6162648 1.6609234 52.6708 1.56759 7.307705060284287 
Car -1 -1 0 420.21162072271807 175.69810911917176 520.5328271657952 211.9100608664929 1.4738376 1.5775404 3.873643 -5.8448787 1.5979877 30.509117 0.10489948 1.9880420630273208 
Car -1 -1 0 423.3056064700537 169.9183451828559 514.3764114550733 206.96131687100538 1.6292996 1.6378931 3.919549 -6.322242 1.5001775 32.743458 -0.09829107 1.042133501652588 

