Car -1 -1 0 411.179301778679 186.22233740802136 523.5993555475472 269.94702578631046 1.472154 1.6305913 3.7599456 -2.8424146 1.7880789 15.16978 1.568502 94.88685384303938 
Car -1 -1 0 669.3647807948694 180.90424191704832 745.4876402443632 239.725228887692 1.4707823 1.5703677 4.211191 2.701825 1.7257146 20.734903 1.5592574 71.79510924070735 
Car -1 -1 0 525.6035849927337 182.37170803831697 570.8004164192021 217.55057018965311 1.4813561 1.5933187 4.100988 -2.793377 1.951915 33.591454 1.6121037 39.900429272373664 
Car -1 -1 0 641.2629442230742 173.34090546505615 683.1044720632768 212.74005771617274 1.8472908 1.5959213 3.831809 2.5594587 1.8727939 35.83592 1.5154345 15.80051565826366 
Car -1 -1 0 646.6408668286459 180.649967215592 694.078603816056 217.83183212238006 1.467965 1.5140339 3.7432284 2.5696516 1.825819 31.205147 1.5083317 20.45775468356951 
Car -1 -1 0 458.5514032489221 184.2680136416585 535.5307812080773 242.87429705302148 1.4755487 1.602531 3.8583264 -3.1492481 1.8360167 20.853302 1.5765121 17.901903291007027 
Car -1 -1 0 548.1087866448597 181.03173011079554 578.3290903262114 207.1606657046028 1.4826318 1.6083732 4.234751 -2.806596 2.009798 44.39152 1.5656977 7.402063484475333 
Car -1 -1 0 630.3572900582965 177.26232303471886 652.0575932991972 199.36572734985802 1.5793172 1.5355382 3.5598483 2.3443973 1.9205905 54.064392 1.5895213 2.434965948654854 
Car -1 -1 0 660.1558714766413 181.50765783995058 716.5901179769869 226.82717984010137 1.4682348 1.5503495 3.8264656 2.7700586 1.803652 26.039486 1.5520152 0.8374307289957448 

