Car -1 -1 0 290.67557623722035 184.49305962924342 465.63811540963115 292.23913496002103 1.4637065 1.6137997 3.751519 -3.4836059 1.4538896 11.647664 1.5788093 100.17708320114652 
Car -1 -1 0 241.51978189746322 184.60712892784656 367.6786366266398 248.13620546994287 1.4634693 1.6107993 3.6503878 -7.5901184 1.4494501 18.407022 1.5991629 43.68241974369768 
Car -1 -1 0 0.0 176.11297259438138 246.76618984012416 297.91759829227715 1.6411192 1.6305283 4.0087123 -7.6762347 1.5184748 11.693251 1.5665067 124.23348503066472 
Car -1 -1 0 582.6028645760936 177.11982862360614 620.4632807464059 212.48888553966032 1.5313066 1.6392019 3.4963408 -0.24679959 1.1807952 32.87194 1.5697803 24.889671617499037 
Car -1 -1 0 115.6240486606998 186.02563427875822 264.6800451034227 242.35211789066045 1.4108105 1.6924431 4.2280393 -11.495686 1.4359536 20.19101 1.5836308 16.281130708372718 
Car -1 -1 0 438.88383131689193 179.74709833091 484.4954194143834 210.3263134714858 1.5241079 1.6061487 3.578264 -7.5607314 1.2515458 37.631813 1.5885311 23.19760704242405 
Car -1 -1 0 378.2069969878808 182.56420584947722 443.8478216642218 222.6069179633785 1.4332421 1.5361773 3.614232 -7.4323688 1.3383377 27.538876 1.5683591 13.619763972825057 
Car -1 -1 0 472.706503592081 180.8652773800397 541.6013922727051 229.53992066501252 1.4860795 1.6556025 4.277745 -3.2516656 1.3532573 24.09799 1.5853422 56.476011073798446 
Car -1 -1 0 492.2339025120414 177.2122023109811 518.4705435000714 196.00566349783153 1.4361739 1.6115575 4.1178493 -8.039435 0.8245563 57.0156 1.5417233 0.3534887433052063 

