Car -1 -1 0 713.8746296404689 180.71842618622878 808.925404763882 252.07776933087334 1.4935461 1.6080929 3.6528556 3.530806 1.7028596 17.356426 1.5978055 53.45239071016916 
Car -1 -1 0 199.51031970679767 183.05149542355682 439.2172736747194 266.84072209381947 1.5007142 1.6349164 4.064548 -5.5889497 1.7148585 14.158541 0.08832606 78.0460962516178 
Car -1 -1 0 311.35004058959487 182.09548322962334 480.1104706962261 234.05103918423464 1.4296659 1.6649711 4.433068 -6.131838 1.710223 21.034494 -0.017105188 57.556209028804915 
Car -1 -1 0 698.0547033060503 177.40273212577836 769.9747303946792 233.421277570625 1.5688716 1.6512682 3.810009 3.7749944 1.722456 22.440893 1.5909818 58.71862610506618 
Car -1 -1 0 389.6172345593113 179.95365588497114 507.5327794689587 224.64654489500845 1.5769168 1.6584622 3.967085 -5.8603873 1.8465872 26.565987 0.005746711 21.954229532550553 
Car -1 -1 0 435.0011559488997 179.2114914973071 531.5172884145264 217.0483601133428 1.5685276 1.6317801 3.8938975 -5.3798494 1.8498368 31.064129 -0.024233906 8.725113059390534 
Car -1 -1 0 677.3632492961759 181.28155786086197 717.4463436124585 213.5288553128314 1.4849409 1.4816786 3.3141146 4.3114066 1.9225388 35.784912 1.537665 12.373389002555772 
Car -1 -1 0 423.2427755063543 182.38225501977357 532.9587770225698 222.05448911274877 1.5063082 1.6298476 4.049667 -5.1534805 1.895186 28.6208 0.0061755157 6.531941398074327 
Car -1 -1 0 508.00790462451494 180.57484462683573 556.518389298189 214.77877634373166 1.4980025 1.5972693 3.8339133 -3.6311107 1.8880571 34.472946 1.6575187 0.7525575965916539 

