Car -1 -1 0 1056.9097018918046 151.97779543713028 1242.0 265.2851436317921 1.6014168 1.626027 4.0542784 9.185073 1.3063653 12.37588 1.8781347 139.3110136646216 
Car -1 -1 0 1016.6160350054292 159.49744246525592 1127.320012438448 231.96458959141358 1.5891262 1.6328517 4.0601335 11.374481 1.2962313 18.010532 1.9625608 68.31083213014927 
Car -1 -1 0 60.602645004426584 215.95052266799848 375.2624314409456 375.0 1.4766775 1.5825557 3.5353184 -4.757393 2.0873022 8.743263 0.44892997 131.76513475597162 
Car -1 -1 0 778.1687629194255 171.79163864437118 869.5427757173615 255.35793081500225 1.5536687 1.6652298 4.2100525 4.7606006 1.5339172 15.677398 1.9151845 72.48901677414219 
Car -1 -1 0 984.4705877235646 152.78327969226265 1048.9078319262362 208.60431968935885 1.986404 1.5779963 3.8748763 15.574328 1.2721828 27.76715 1.9288485 57.30515333074795 
Car -1 -1 0 968.9880131880489 158.0822165862921 1010.8726915976617 197.63994500583587 1.9501036 1.5909946 3.7559173 19.76733 1.221889 37.609554 1.9633965 12.831574593832185 
Car -1 -1 0 796.5270005030387 165.21785760737598 871.3188757746906 234.31762195964512 1.696512 1.6370705 3.9254975 6.2479773 1.5090321 19.841436 1.9571393 3.6006897962551117 
Car -1 -1 0 647.4699043639658 171.02976248730397 711.0805271359302 194.8210519098886 1.5782382 1.6065545 4.04499 4.7687974 1.4572239 49.352142 0.37461692 1.096897483041196 
Car -1 -1 0 854.9705257029839 171.49056656329762 896.793799810298 208.9442565095233 1.5567918 1.5895278 3.7721536 11.763473 1.5001194 32.030415 1.8836726 0.586934505214329 
Car -1 -1 0 846.7141448903399 172.5387855033373 890.7490140245262 213.88024754630985 1.5213945 1.5396925 3.1695247 10.139803 1.5097942 28.302603 1.9045715 0.8232931098188885 
Car -1 -1 0 943.131132911142 166.04717971263045 972.1235639378349 184.95492885117213 1.518168 1.5671679 4.104005 28.960644 0.97162473 60.126072 1.8668252 0.2725493013858795 

