Car -1 -1 0 678.8475441179382 178.90148206295328 779.2172214357101 253.238719843267 1.4787371 1.607582 4.265729 2.640369 1.6377997 16.839544 1.56364 118.07413458813355 
Car -1 -1 0 761.2341161538375 183.7519092084872 970.4169937027365 333.0339919781937 1.5071576 1.4714017 3.2706342 3.019435 1.6703985 9.166187 1.5618898 97.6162217637282 
Car -1 -1 0 426.1511111243786 181.06781697589986 500.91707740840457 232.63966621916694 1.4860333 1.6839145 3.9859293 -4.6392517 1.7756829 23.437181 1.5538785 87.62282650175054 
Car -1 -1 0 143.67133048701407 180.12182360882414 331.9606273962063 239.5975015959657 1.4576094 1.5954947 4.079937 -9.554332 1.6548264 18.734535 0.023200834 79.93472957640233 
Car -1 -1 0 465.7352730553115 172.56953465716893 518.2155863184016 220.32483368485734 1.7910981 1.583302 3.7276106 -4.6484027 1.7804289 28.944422 1.546334 38.26817441041336 
Car -1 -1 0 668.8230485668478 176.32990986965908 730.1697910898071 231.01715891551868 1.593718 1.564341 3.5791554 2.7974372 1.7134684 23.057188 1.5855355 35.491408455411474 
Car -1 -1 0 648.0905111951903 176.81160282616102 697.5837696653123 214.48197064915996 1.526806 1.5534837 3.757163 2.7079215 1.7106633 31.585629 1.4907198 11.486739017474557 
Car -1 -1 0 604.6886141713053 172.81981203778543 625.020321920651 187.78880824310335 1.4884336 1.4905317 3.4676385 0.5176544 1.4850338 73.57982 1.402568 1.7582741803174868 
Car -1 -1 0 535.5368452981338 176.23242025695853 554.2203962423492 192.37126404196079 1.4920683 1.5797563 3.687869 -6.2486906 1.82638 69.459854 1.4232423 0.7351050836104294 

