Car -1 -1 0 190.61653957186013 185.32167432816217 407.9636565835593 259.2073605706678 1.4671863 1.6129228 3.9941044 -6.570297 1.7510374 15.529133 0.046332795 72.17204072944268 
Car -1 -1 0 663.0893743498262 174.4817432138631 749.8530902192985 244.0228202649514 1.7813244 1.7267706 4.4393435 2.6685443 1.8334348 20.843697 1.5266575 96.94070736800782 
Car -1 -1 0 306.1964561632332 186.40179132428912 459.9661130539041 241.65716115961186 1.4446418 1.5738838 3.8085494 -6.2944736 1.8428404 20.266693 0.0823157 30.526685406932614 
Car -1 -1 0 650.4499441774176 181.88973631234356 693.7416599477193 219.14495932601665 1.4938307 1.608232 3.7472029 2.6931314 1.9146483 31.72377 1.578984 15.813715292889432 
Car -1 -1 0 254.2955434430857 185.22323484938454 445.9835101154916 249.66133600709685 1.4856747 1.6168168 4.1569405 -6.3155823 1.8064549 17.84111 0.030319888 24.727615221800903 
Car -1 -1 0 634.2516904584963 180.113560773485 668.0937280183565 205.8653607671768 1.4525322 1.5469048 3.5681405 2.47336 1.9095674 43.581642 1.485079 6.347836325085705 
Car -1 -1 0 361.6587027333868 170.65686456659523 482.6063222212031 221.03880631953726 1.8448362 1.6807165 4.2050734 -7.035004 1.7643836 27.398085 -0.06616303 5.2574723934538605 
Car -1 -1 0 428.3946645232869 178.80963447067202 514.2790097822043 213.41450554978363 1.5834446 1.6359804 3.706098 -6.5397396 1.8750002 34.338654 0.09153778 5.400561794246025 
Car -1 -1 0 352.89158296367884 179.90467391259432 475.653410897631 229.90051442176622 1.6602765 1.6322521 3.8414295 -6.712261 1.9137537 25.072733 -0.02670633 4.7613682994686695 
Car -1 -1 0 329.3925378475223 183.52578708201355 463.49997567328586 234.22830737873142 1.5156691 1.5883025 3.7743998 -6.7301946 1.8700508 22.972664 0.10506966 2.550755014713538 
Car -1 -1 0 453.36982972468286 180.6127449466176 528.1474387252871 207.95565157179732 1.5382876 1.647721 4.1179523 -6.868389 1.9995179 41.99717 -0.03516911 0.642598532405222 
Car -1 -1 0 446.03599400392017 175.30158275671712 500.1298114461698 220.5597730178477 1.7922109 1.6137149 4.0445466 -5.754934 1.9036973 30.82936 1.5528611 0.27712932229042053 

