Car -1 -1 0 742.9235761288079 177.23724663710607 971.4683077453128 322.3566353750099 1.5424938 1.6674407 3.945877 3.047597 1.614011 9.781138 1.5478978 118.39703579063338 
Car -1 -1 0 103.86663093423867 197.5015924295729 340.47672451137277 312.10292396119195 1.435921 1.6496321 4.0851054 -6.1088796 1.9162056 11.994512 1.5995538 120.32189093884254 
Car -1 -1 0 340.58336206134265 176.17924517148333 444.83512925535337 245.1733734939407 1.7080932 1.6910112 4.2898116 -5.9236116 1.8112602 20.228575 1.5556729 98.89589421181702 
Car -1 -1 0 546.6822155953466 178.18017459230146 576.8262828577625 200.95749771589146 1.4543093 1.6709849 4.060518 -3.2100387 1.8317766 49.082592 1.5989807 13.619965699446384 
Car -1 -1 0 406.6300237854724 177.0312808439569 477.94845762021214 227.31240532080696 1.698914 1.663125 4.2542415 -6.1220927 1.8667482 26.861519 1.5722682 16.39147062305751 
Car -1 -1 0 513.6469195007224 178.99846421700636 542.4417997340591 199.9563565641089 1.4282453 1.6221676 3.7752616 -5.857243 1.8887208 52.178 1.5801835 6.769872523133589 
Car -1 -1 0 465.55879562624096 182.56904280808888 510.7451979573301 213.28269225913328 1.4197855 1.6054446 4.3466797 -6.142421 1.9460902 36.910477 1.5646007 4.712667097830893 
Car -1 -1 0 638.9909303116896 174.1558265641843 659.8200708790504 193.39568081741712 1.5126698 1.643689 3.6050868 3.25141 1.6221353 58.824924 1.6279261 3.8318329715176422 
Car -1 -1 0 527.5825153874981 178.62213933173246 549.5269515412576 197.52820146292538 1.4847904 1.4993484 3.7389514 -5.84567 1.9770219 59.69332 1.5564234 2.540468607372915 
Car -1 -1 0 685.8002810576198 172.93084856090883 721.1176590700968 193.95699396295973 1.4911708 1.6112099 3.7510333 6.8757024 1.4970427 53.160133 1.4217224 3.926026139028404 
Car -1 -1 0 905.2125303267193 150.61960757946102 1020.532530829714 191.9567271051136 1.5174721 1.6199002 3.8185635 13.5329 0.7012547 27.861134 0.32275775 1.3391988410656672 

