Car -1 -1 0 719.6304461253114 177.24600286614248 842.5561243089411 265.601310204281 1.5701592 1.6308874 3.8087804 3.3842688 1.6725612 14.917468 1.5693136 81.01772177776338 
Car -1 -1 0 675.979423147699 183.27150755235635 729.4860929425769 223.06929414882654 1.4191039 1.5182179 3.2754655 3.5926304 1.8515842 28.279839 1.5192958 58.26446686453927 
Car -1 -1 0 122.33125364175876 183.87254311157918 397.9171732031323 266.36202325949847 1.4008684 1.6275079 4.3081574 -6.3087797 1.6186662 13.376204 -0.033788517 141.54587782735362 
Car -1 -1 0 762.87483735502 182.95602414216737 967.8173801814415 322.6159930852276 1.5053191 1.605139 3.6326623 3.241785 1.6693915 9.88092 1.5986329 87.14281478962748 
Car -1 -1 0 278.0072172582681 180.27458283546764 450.8989971404545 242.03531582770768 1.5231831 1.6635404 3.983361 -6.318351 1.7270842 18.91958 -0.03791861 52.897606788300116 
Car -1 -1 0 365.3092717432914 178.99049302097717 492.12179525421357 229.2458974758879 1.5632194 1.6136868 3.7179947 -5.8064938 1.7695446 23.45073 -0.0013208864 12.331588983250347 
Car -1 -1 0 328.6369557165518 181.29877735309074 488.647141585377 234.9703214242393 1.473161 1.6183064 4.2417088 -5.750558 1.729986 21.019493 -0.054811656 13.259949446608228 
Car -1 -1 0 418.88298633546 173.87525672520155 525.6022838156402 218.36331668526174 1.680784 1.615292 3.805029 -5.3651886 1.7225009 28.39186 0.14954133 12.91750577188475 
Car -1 -1 0 433.96486978137233 174.27341778833355 526.1695812355214 212.642107646611 1.7075899 1.660788 4.006254 -5.886369 1.7746664 33.140034 -0.06426881 2.5758917051649437 
Car -1 -1 0 539.6539852419418 177.71895978072718 564.3891369251518 199.85485605339932 1.5477443 1.5836692 3.5428002 -4.1971126 1.9172218 53.01596 1.5565865 2.078033727701993 
Car -1 -1 0 395.28693023932675 181.16924252958788 516.4165599112284 224.14285859200336 1.4704626 1.5826206 3.983138 -5.47163 1.779984 25.949556 0.05959835 4.592924532933226 
Car -1 -1 0 722.58588924479 180.20165911593858 809.2682983937456 211.88179600578982 1.4977227 1.6375936 4.021106 7.6539783 1.8706033 35.600048 0.100675285 2.7932776445725302 

