Car -1 -1 0 422.60247186480706 184.01907588075917 495.2913261691109 231.55796131316416 1.3672053 1.5581409 3.6074233 -4.5453267 1.3327907 22.484484 1.562147 75.29932755432039 
Car -1 -1 0 0.0 182.77103489442536 202.01018774695982 296.1761555875159 1.5457792 1.558172 3.5936213 -8.307442 1.512457 11.61133 1.549633 100.99308273261133 
Car -1 -1 0 261.6795567387157 187.17015324005882 428.2445466013051 278.3284258034063 1.4114394 1.5976511 4.0039625 -4.5904536 1.4528267 13.219319 1.5721929 106.40131093186153 
Car -1 -1 0 238.4334195725495 184.134726444946 350.96264497475835 239.98542003772042 1.4304249 1.6026843 3.7764318 -8.682272 1.4027395 20.31538 1.5501773 20.520191534320222 
Car -1 -1 0 132.2641899974967 178.08880581045082 259.6561124302596 235.48218131795485 1.5588899 1.6103992 3.7842865 -12.088411 1.3653128 21.423306 1.5782616 69.73206974568757 
Car -1 -1 0 574.5021548318449 175.66296527153577 610.3191787624421 207.801071724578 1.5089076 1.6531568 3.4837642 -0.6869401 1.0603998 35.503166 1.5836363 20.29149447192716 
Car -1 -1 0 359.69044518517114 179.53774169052897 421.4167911994298 216.4904271336142 1.4732437 1.5552821 3.5648003 -9.098669 1.2468728 30.445835 1.5658691 27.991195547324434 
Car -1 -1 0 451.9221964372335 177.95278112118933 501.08077665989464 215.73182996198722 1.508507 1.540677 3.7320936 -5.497869 1.2185007 30.596521 1.5344622 16.45638442137494 
Car -1 -1 0 431.42213309645933 174.29090745090537 476.5088550810828 206.1790919616238 1.7485931 1.6886948 4.167314 -8.782465 1.1495306 41.50805 1.5777501 3.6177818217872586 

