Car -1 -1 0 725.8865065861535 185.6533962493132 896.9253643547393 299.301604153068 1.4268265 1.5613462 3.5059016 2.9415832 1.6579161 11.243801 1.5299482 89.0175514409535 
Car -1 -1 0 418.05554710900213 172.04724259553086 509.78411018954955 205.8048533220254 1.5775323 1.7000873 4.070773 -6.92806 1.5398314 34.601692 -0.016444393 34.51787472686563 
Car -1 -1 0 702.2573663430228 169.64409304728048 825.1577203857958 216.69376989749003 1.8274629 1.746584 4.5360937 6.1311436 1.7027863 29.004036 -0.04691208 48.86637859625711 
Car -1 -1 0 47.68720940493324 165.66775213443043 360.6789754449983 291.44471669290147 1.7633665 1.6169997 3.8333957 -5.9685736 1.6626167 10.942884 -0.009712875 102.61356506179862 
Car -1 -1 0 0.0 185.47671236550195 294.7682535894778 324.6736612601607 1.4763944 1.5955019 3.997461 -6.0980453 1.6408223 8.598587 0.0013353107 73.0486021302677 
Car -1 -1 0 196.33279826065467 173.02836817202655 407.54190191668806 252.45581061079812 1.6225151 1.6917453 3.9396932 -6.584907 1.6265941 15.811633 -0.11570726 67.46813712595268 
Car -1 -1 0 785.6455209483969 185.11249796215287 966.5950576368813 244.4609839755291 1.426168 1.6366864 4.0673933 6.759104 1.7572849 18.598326 0.036139876 49.47922807396785 
Car -1 -1 0 754.3844409947955 176.25210936116443 908.4985803988345 233.24891074882865 1.5869393 1.6450641 4.0473685 6.40344 1.6910392 21.153458 0.06417455 22.740595721349166 
Car -1 -1 0 448.48557943842894 166.86612483955932 528.6909052408002 200.3112035521918 1.7825625 1.7426699 4.248465 -6.58339 1.4634193 39.581554 -0.12275937 19.93042000300104 
Car -1 -1 0 523.5697976935381 174.2043961302058 544.6046747927941 193.5783190321184 1.5104033 1.5722237 3.7986102 -6.146757 1.6236446 58.51779 1.4335752 1.0714925503233816 
Car -1 -1 0 353.2809082594802 175.87898337841494 470.4125139252979 217.1128579485005 1.5111225 1.6031678 4.034011 -7.44806 1.6297957 27.438366 -0.033321712 0.5247538567685891 

