Car -1 -1 0 710.213702690469 180.60905555827375 931.5747201233348 261.08064321550836 1.4632053 1.6627057 3.9068313 4.1375456 1.6298826 14.418685 -0.13633376 132.08604647397752 
Car -1 -1 0 654.8004869999221 175.76358583900185 762.6815798005748 221.55816605898082 1.5237956 1.5809647 3.4329667 3.41012 1.6290967 25.123936 -0.11942153 55.03690821679996 
Car -1 -1 0 292.7453073899597 177.63394861946114 426.6914828677719 223.08056466337942 1.5385287 1.6687024 4.247731 -8.805425 1.7159386 25.7154 -0.11116255 54.548077101012076 
Car -1 -1 0 92.4748017698405 174.46078801355915 333.83541324258834 259.5710435436772 1.6715684 1.6824042 4.1562986 -8.2213955 1.7080367 15.29411 -0.119128615 102.35742740464958 
Car -1 -1 0 167.6962296546099 183.3633601027386 365.34001565755165 248.52293787010638 1.480348 1.614906 4.0765877 -8.285841 1.7529727 17.716454 -0.09699951 31.44753400457085 
Car -1 -1 0 220.36691968369027 182.38461815784964 390.17977973816676 236.61602904680075 1.4583108 1.581855 4.1543846 -8.546708 1.7396127 20.49113 -0.007021205 18.285676172616824 
Car -1 -1 0 633.5424675074023 177.75319888564934 735.0057443424312 218.4323731546846 1.4831064 1.6135683 3.5806005 2.8183317 1.6775484 27.596786 -0.134767 12.021837670282856 
Car -1 -1 0 454.3330307621059 175.2579540513419 483.73522436399963 194.12956623613232 1.5903394 1.6430705 3.7796922 -12.373102 1.8083949 63.3892 1.1258855 4.100019392574125 
Car -1 -1 0 326.5744376569395 171.37397763259239 427.49771966434787 212.67957902497935 1.699173 1.6249514 3.837936 -9.821552 1.6382897 30.697504 -0.10870922 0.31162720918655396 
Car -1 -1 0 311.99733247540814 174.78117649183628 421.2183245361565 219.5934192030438 1.6800152 1.6077144 3.7682662 -9.393351 1.7577423 28.118132 -0.09728242 0.5786059325936496 
Car -1 -1 0 892.634609929452 177.16515254112886 940.6272023737708 201.71523285062605 1.4512335 1.6072627 3.956954 19.341827 1.734376 45.374054 2.2951915 0.28828004002571106 

