Car -1 -1 0 57.40641527910682 182.969914263469 312.0996359924986 317.0831775340842 1.6242309 1.667638 4.079851 -6.1845436 1.8093168 11.126562 1.5262103 153.77145805807749 
Car -1 -1 0 479.0540829766948 180.8327647664209 510.57452618843894 208.5471688257779 1.5410383 1.6201046 3.9454386 -6.8469143 2.0427904 43.334816 1.4772108 12.858122170256912 
Car -1 -1 0 269.67641819944214 183.5299713589965 403.550471935283 259.3989244829856 1.5855687 1.6904653 4.168703 -6.5250435 1.8792646 17.758606 1.5786206 56.426886355467886 
Car -1 -1 0 504.52716832530564 180.9814472675625 551.5989375718841 213.77780415635942 1.4416299 1.7368493 4.3215237 -3.8792286 1.8599569 34.965786 1.5844569 46.898121692105605 
Car -1 -1 0 406.0270878532869 185.65533275361497 468.1335458680499 226.19523521137145 1.4342276 1.5860437 3.753359 -6.754906 1.9749705 28.596836 1.5643556 33.15094017787882 
Car -1 -1 0 629.1896744453035 175.70048555377537 654.4975555354667 197.7565946066672 1.4624302 1.5610082 3.497913 2.2090285 1.6668229 50.052742 1.5596572 16.634357263122254 
Car -1 -1 0 702.7881960438214 170.25633529663665 777.145292072548 196.77385136992402 1.5494953 1.7047583 4.2606487 7.7568836 1.397706 43.220295 0.09899557 11.552531645536552 
Car -1 -1 0 534.5770155912433 178.24129711168462 559.5320842803711 202.3974284908709 1.49511 1.5537679 3.7220802 -4.1414714 1.8638728 47.455437 1.462413 3.9026737858099825 
Car -1 -1 0 1061.1421502683015 154.94083021324394 1167.287642381013 200.601881297441 1.5291092 1.6323774 3.8334227 18.163597 0.9292282 26.181955 1.7241853 5.961247685661726 
Car -1 -1 0 695.6297761115851 164.49795705906334 764.1540561691731 192.81660763096124 1.776401 1.6320763 4.0689654 7.6690645 1.2522345 46.185966 -0.05397942 0.27622729539871216 

