Car -1 -1 0 674.679401424776 180.05184135237965 754.0339533609514 240.8804593457045 1.5354238 1.6435528 3.8810835 2.890355 1.7607133 20.629627 1.5537976 94.3747626482347 
Car -1 -1 0 278.65547856915737 195.76293120365145 405.6976291558687 271.28623971092526 1.4796362 1.5835543 3.6452894 -6.1764855 2.0809019 17.095524 1.5958278 89.92580306892187 
Car -1 -1 0 367.710573299558 192.3907065169007 454.3518803925276 246.99617157785025 1.4555935 1.5637739 3.9114318 -6.1067605 2.1214032 22.617533 1.5927832 70.02054096740142 
Car -1 -1 0 439.16405900686584 184.6026625719002 491.61618371673416 224.48569328255545 1.5216552 1.6156076 4.234257 -6.1069975 2.0608397 30.95668 1.5176507 23.783959382755285 
Car -1 -1 0 527.5595507113792 182.00586019104858 554.4027625884391 201.70797239704044 1.6126213 1.7052891 4.2495775 -5.972968 2.4424155 63.2489 1.6314389 5.0949313214146414 
Car -1 -1 0 501.9628070413077 185.07280132851423 527.7428228946336 209.22605516140763 1.448382 1.534203 4.217433 -6.213775 2.291843 47.63624 1.4768941 3.413552702812501 
Car -1 -1 0 629.4777076319493 178.13810177545318 646.481072379275 193.9996589724887 1.4622327 1.5350151 3.7067585 2.7659245 1.9864843 69.68466 1.6388986 1.5125432513903758 
Car -1 -1 0 469.5878130731663 184.38925317361824 512.5135963845339 217.17334046654668 1.5638568 1.5816809 3.806704 -6.1314116 2.1967077 37.674297 1.5805277 3.360779757702015 
Car -1 -1 0 562.6884250699403 181.4944677494732 583.2344186233079 198.19462356323692 1.4753923 1.7504716 4.338284 -3.426801 2.3177905 68.170876 1.5639045 1.7591377021796724 

