Car -1 -1 0 694.5663912925335 160.81035511095266 839.6272188467888 267.5419717679985 1.5434228 1.575883 3.7425857 2.5048308 1.3692622 12.324526 1.5456338 96.77992725170589 
Car -1 -1 0 316.0082299279853 167.56915584225447 469.24135504208 265.31904484609515 1.5277839 1.6886116 4.004121 -3.7830606 1.4451842 13.295473 1.5512441 129.1336501614558 
Car -1 -1 0 405.17593239731065 164.85424937735164 500.64688497795595 227.57256070167864 1.4825264 1.6289835 4.0187526 -4.007494 1.2934294 19.069794 1.5767487 54.444297414539285 
Car -1 -1 0 771.6102476972495 167.15101693576975 1065.6708354896164 350.0579010974319 1.5270851 1.5998094 3.3211803 2.9775767 1.479471 7.721571 1.522223 91.23111168075444 
Car -1 -1 0 663.0726979771589 159.75982853215328 761.0878659675056 226.1749971032656 1.4689107 1.6025579 4.440864 2.441672 1.1793056 18.221672 1.512489 57.10565142563639 
Car -1 -1 0 617.4603086760828 157.4404211326488 650.0740072057374 179.28952156988274 1.5003705 1.6149464 3.9236822 1.6906835 0.44192487 51.612103 1.4130194 9.992895141686839 
Car -1 -1 0 472.96165564158173 161.38457329013556 523.5406857845575 200.52777147099678 1.4839052 1.5601463 3.8796365 -4.4534473 1.049103 29.314342 1.5425229 15.881235639726931 
Car -1 -1 0 645.989692276094 155.36120478870177 695.5498741507224 195.02830931901946 1.5453378 1.5893848 3.7260823 2.4827402 0.8638592 30.005493 1.5269723 12.16504238918282 
Car -1 -1 0 800.3003270956503 138.4837313959334 881.7206667149724 168.16605087569388 1.4758033 1.586059 3.751736 11.869472 -0.24796903 37.17649 0.10721351 5.864180321514768 
Car -1 -1 0 653.630439955656 156.1987320716498 721.1803907400861 204.97221850342507 1.4872333 1.5960343 3.9822893 2.5025306 0.97936976 24.036985 1.5108438 4.443489218382375 

