Car -1 -1 0 698.4854644113941 168.96515507647595 768.1199659220241 195.06007110494633 1.4980254 1.6125501 3.770524 7.2196045 1.2747791 42.30235 -0.040087912 52.90786763892784 
Car -1 -1 0 818.1469429119653 165.82794541903687 858.3879412138591 185.4188095496558 1.475851 1.6470273 3.8702974 17.810566 0.9465525 56.353115 1.487351 11.933035794910122 
Car -1 -1 0 784.4252201737978 165.77929756895355 825.8426078365736 186.03880054894137 1.4953872 1.6189587 4.16382 14.966063 0.9731915 55.422977 1.4485312 10.95797508002724 
Car -1 -1 0 993.1789938857955 163.96648606486238 1045.8902712743218 185.89240579764737 1.5934274 1.64212 3.7696753 30.828459 0.9475428 54.373875 1.5011619 8.110104575925265 
Car -1 -1 0 1061.7208736951302 162.43806215607546 1119.6973933877257 182.14846978938255 1.477083 1.5920014 3.748568 37.312904 0.6965202 56.05745 1.3920201 20.521372505228204 
Car -1 -1 0 201.4791011578695 172.6888273513118 300.80683177292366 205.93955159110828 1.5617938 1.675611 4.1471605 -17.766169 1.5540354 35.85971 -0.6926905 4.979007518465321 
Car -1 -1 0 322.23941930978566 161.45611856797726 359.056511245602 187.55571103680566 2.1655555 1.7345862 4.3845463 -23.08812 1.2198414 62.102562 1.5185435 2.8270537009518737 
Car -1 -1 0 1025.840608090179 165.91511150591515 1073.1184034372734 185.44342865832186 1.4538743 1.67673 3.5646055 33.81466 0.93727696 55.560303 1.648706 1.3743406261043996 
Car -1 -1 0 695.433217737081 164.1974502824819 743.5298111097651 184.46390774743583 1.517678 1.5649084 3.5440874 8.486814 0.8694216 55.898575 0.88196695 3.8806655575129088 
Car -1 -1 0 861.706838436979 165.6318711795973 905.2718987511469 185.39529063996747 1.4647174 1.6123371 3.7297628 20.98509 0.9294667 55.41573 1.4631008 1.799945467992519 

