Car -1 -1 0 204.63373942005646 197.6239819332901 381.89509849333 291.55567784265725 1.4259169 1.6219134 4.244807 -5.9627514 1.9861836 14.196741 1.5722293 105.16133717557375 
Car -1 -1 0 702.1107885176217 177.92367321873186 819.61393707439 254.47939812076294 1.4537554 1.6594743 4.098304 3.1995194 1.5810331 16.045233 1.5454837 77.55718330298484 
Car -1 -1 0 682.0439330876176 174.25280721965512 758.1188659019965 234.1445912974593 1.6073277 1.6368306 4.054618 3.1846192 1.6529182 21.487778 1.5687834 57.44128035735333 
Car -1 -1 0 359.61404938282465 190.05672630160038 461.3497110354095 246.95819725772728 1.4369376 1.7120404 4.401704 -5.8627 2.0099573 21.802425 1.6089113 77.75942158609061 
Car -1 -1 0 1033.7236556577252 132.85403034784366 1242.0 234.19529000660933 1.6354997 1.5855544 3.540182 9.570909 0.98995864 12.491984 -0.03109202 58.95283102918579 
Car -1 -1 0 937.9736548971332 151.39630588175103 1155.1700223764674 227.42596436415818 1.483314 1.5680255 3.6323674 8.991911 1.0646813 15.004235 -0.08035638 66.68328390761212 
Car -1 -1 0 470.8549267395337 183.03464615906438 524.5817091966323 217.755611152549 1.6033269 1.6530241 4.136591 -5.620679 2.151949 36.731544 1.6887984 20.824468209205584 
Car -1 -1 0 665.3814836575132 179.52776842237674 715.7003228948386 215.6118841037135 1.4387653 1.5533025 3.8037786 3.463335 1.7474916 31.433487 1.5114161 27.460787170319254 
Car -1 -1 0 855.3808084685646 159.18048029365693 1054.203820000019 221.24977934561605 1.4525689 1.6304164 4.100199 8.360832 1.132576 17.707111 -0.0030301248 43.3685968576277 
Car -1 -1 0 422.80421655445576 187.99499631996537 487.95640285620163 231.15033647841594 1.4630383 1.5820262 3.8091218 -5.843453 2.0856907 27.74349 1.6026024 18.24492414232432 
Car -1 -1 0 644.0315548851293 177.52270942702899 674.8815734997246 202.6204124982037 1.4972382 1.5580814 3.8012853 3.1195815 1.8053416 45.68908 1.5345854 2.1942632411336476 
Car -1 -1 0 516.6664890044182 181.1856723123321 549.019144138311 203.5643619500175 1.4989617 1.5469532 3.7662005 -5.4610653 2.1189818 51.740105 1.6775136 1.2401413939184418 
Car -1 -1 0 0.0 183.58140947852885 129.91393829001726 262.47662732598377 1.5402563 1.5643816 3.2081356 -12.2726145 1.809431 16.336224 1.2504218 0.5625748597258479 

