Car -1 -1 0 738.8739717808925 184.18535981894348 913.6269026503255 243.84165424124524 1.5050193 1.7203729 4.194324 5.768089 1.8264487 19.51596 -0.04392318 125.84529749665732 
Car -1 -1 0 928.0636161168907 186.05418735824975 1242.0 310.5316555322339 1.4954529 1.5473285 3.4715648 6.368332 1.6894143 9.728001 -0.058697306 59.58140028294086 
Car -1 -1 0 371.98775283928217 182.12686525533053 496.63484591222243 223.74485892074654 1.513417 1.6391764 4.33912 -6.594537 1.876721 27.438871 0.0050140056 62.503663690403485 
Car -1 -1 0 636.2422962522248 181.8766532501725 677.3463982010264 215.23764005391308 1.4247373 1.5506135 3.96134 2.1637406 1.8737466 33.90285 1.5390992 32.17822716321675 
Car -1 -1 0 157.2815661482646 175.52029783811673 398.0655992182445 267.59009334973194 1.6714139 1.6759781 3.9513466 -6.340311 1.7273166 14.141916 -0.07631047 62.28830531433983 
Car -1 -1 0 0.0 184.6811199988312 339.08755438899345 323.07905875999137 1.5690758 1.5859945 3.9203625 -5.7018557 1.733753 9.186882 0.034215312 96.12216714263023 
Car -1 -1 0 273.88848331251046 184.68366304427065 443.6191316162099 242.16971568198923 1.43997 1.5740469 3.9719386 -6.581275 1.7679648 19.204613 -0.007092701 25.1531346966469 
Car -1 -1 0 70.96002893549525 189.73429400408762 376.347298943488 291.1777903025589 1.4540793 1.586249 4.028336 -5.983527 1.7425323 11.477849 0.029353937 44.610414439279445 
Car -1 -1 0 205.65250933347474 184.1185595476719 413.88353478114686 252.34859797689265 1.464095 1.6035409 4.136641 -6.7901077 1.7376244 16.64613 -0.035400096 13.193763742967715 
Car -1 -1 0 553.6087780462934 179.53897698532546 575.3995351057213 198.2437178413574 1.4132485 1.5603852 3.9170322 -3.6499262 1.969465 58.002037 1.4599783 0.6676462941585767 
Car -1 -1 0 619.8637297088217 176.86279341675862 640.7837641818883 195.252732102711 1.4951029 1.5732106 3.6246166 1.790753 1.8463695 61.35091 1.656823 0.8805870577322628 
Car -1 -1 0 400.85602841197516 176.47359167433873 492.06704144853154 211.45752685672764 1.6398559 1.6247871 4.023683 -7.8313713 1.819041 34.85944 0.02366836 0.327723890542984 

