Car -1 -1 0 0.0 198.47231507624224 347.29381043730257 375.0 1.4009988 1.5742804 4.1476874 -4.032733 1.5689929 7.018257 1.5477648 114.18028768059125 
Car -1 -1 0 451.57329321217827 182.00098213797716 510.9861198147337 221.058052701849 1.4163525 1.5775515 3.965694 -4.833606 1.2997751 28.061138 1.5836016 41.65239107496771 
Car -1 -1 0 379.07615342887743 186.62484795125292 480.5047309373519 248.09590133124257 1.3828659 1.5768546 3.5829115 -4.333972 1.4218364 18.067417 1.598717 81.37569025221724 
Car -1 -1 0 331.2306908521634 178.18890013303283 405.3896999345773 224.37793709937048 1.5765817 1.6481026 3.5984495 -8.667745 1.3367343 26.367506 1.5309578 36.37802842728689 
Car -1 -1 0 495.259965947504 180.53114787354727 532.8967693911842 209.2564236053581 1.4248219 1.5438908 3.7596853 -4.8143353 1.1924603 37.55 1.5526571 12.004298727590617 
Car -1 -1 0 579.3919783462552 177.11407070516904 608.4172714861576 205.26787460770765 1.4433922 1.4881421 2.6320217 -0.67970985 1.0280371 38.17129 1.5720006 14.786802050994488 
Car -1 -1 0 133.3609621440236 195.87642795686105 304.25338003692514 283.18257290544534 1.6359911 1.6845549 3.8653326 -8.347501 1.9000912 15.875364 1.571167 61.34100454804682 
Car -1 -1 0 159.39364127793678 166.9605376478237 283.9005545848662 232.68469411591585 1.9354424 1.8235549 4.4485517 -12.370393 1.3978652 23.429876 1.528265 5.294693996089738 
Car -1 -1 0 323.76030108570575 180.7240009586399 387.6704047800108 213.28076253358407 1.5321662 1.6012585 3.6666744 -12.4232 1.3207808 35.73386 1.6698096 0.5314732929389634 
Car -1 -1 0 613.4027185329455 178.5359404359802 636.656775035714 199.5620335776495 1.5432177 1.5704083 4.071187 1.3275441 1.0529544 54.81556 1.5454171 0.2705007493495941 

