Car -1 -1 0 711.083483330021 186.27253513461142 878.5148400433204 305.58098782066594 1.4977381 1.6095 4.061823 2.7311616 1.7504809 11.553239 1.5629306 111.8650573655812 
Car -1 -1 0 309.4348743941585 190.78681122352026 486.11876490565425 311.7853875347081 1.4675264 1.5731622 4.204245 -3.1114616 1.8050399 11.477254 1.5716722 94.52985928559775 
Car -1 -1 0 495.0517334455998 187.45449589227368 553.1708458979364 237.20350660898654 1.4655339 1.5916802 4.010022 -2.816071 2.0016053 24.467777 1.5459155 54.74845706231938 
Car -1 -1 0 0.7160999643590642 202.39442049278912 423.1998949170766 375.0 1.4219115 1.6460634 3.6335506 -2.818032 1.7466433 6.091597 1.5414778 63.527168165747696 
Car -1 -1 0 685.8208291291162 189.01750948240306 783.427408347311 262.50571679487814 1.4380076 1.579705 3.7390275 2.7908754 1.8570714 16.82656 1.5567559 53.22294236561517 
Car -1 -1 0 654.110394232804 173.96208461074775 712.8238140703878 228.47537768630096 1.8642776 1.60234 3.7505224 2.657097 1.9081717 26.66772 1.5188568 44.719935196258305 
Car -1 -1 0 660.7480929473086 186.62835703494616 734.5548631278589 240.8990455556416 1.4352943 1.5394315 3.8306017 2.5962887 1.8936057 22.043526 1.5014021 50.37857952498396 
Car -1 -1 0 633.3033480371937 182.31161731479003 661.7082166720563 207.85838056703457 1.4813552 1.4967129 3.6770692 2.334377 2.0964189 45.068653 1.5472844 23.356193412896836 
Car -1 -1 0 531.2909813548275 183.92033585487596 566.9325529308693 218.26458919994735 1.5183299 1.5366939 3.961308 -2.8990746 2.0888972 35.196278 1.537152 22.672321334611322 
Car -1 -1 0 563.1536237513847 181.9065262233023 583.7574702251867 200.32893932356552 1.4802363 1.6364101 3.8934436 -3.0674257 2.2809625 61.862167 1.5538832 6.243428817298431 

