Car -1 -1 0 744.3614145970719 175.98713857215492 925.2443565051458 303.67851441106126 1.6173034 1.6278759 3.7455506 3.2320893 1.6736785 11.106817 1.5747287 128.74345063054054 
Car -1 -1 0 676.754549912841 181.5308686664332 741.4919303535846 227.9038124954043 1.4254366 1.5791706 3.4317021 3.3175225 1.7421749 24.586763 1.5223417 65.79606485680355 
Car -1 -1 0 0.0 185.81218270919308 315.45366675640093 308.2524775499849 1.4283223 1.6226354 4.241218 -6.339934 1.6163682 9.542196 -0.05592339 128.09111342070995 
Car -1 -1 0 829.6299639547929 189.35877341041797 1242.0 375.0 1.4604932 1.5750198 3.541648 3.1544855 1.6407343 6.0930543 1.5912131 86.54841660398088 
Car -1 -1 0 310.05945740259347 177.58848222964312 463.3206641274485 237.27286864494383 1.5429858 1.612945 3.6704926 -5.9685984 1.677027 19.60594 -0.008492352 27.89804244974596 
Car -1 -1 0 170.69107781131564 180.660339619615 402.5006218025781 259.0718114107246 1.5112127 1.653958 4.0869465 -6.577745 1.6840146 15.032589 -0.05569264 70.36374779396775 
Car -1 -1 0 379.5653148341183 172.63491317402386 507.34377049663357 222.48837724697074 1.6290357 1.6518095 3.923586 -5.587551 1.6218766 24.536495 0.06899301 30.842815448586737 
Car -1 -1 0 730.7402873707991 180.51956828024103 827.7374552424284 214.34019726614176 1.4422243 1.5908259 3.918814 7.454712 1.7899008 31.92809 0.0011726217 19.07095618721451 
Car -1 -1 0 254.3834595346228 183.37248558554126 452.3956802253875 250.65183373802307 1.4751338 1.6212155 4.1097984 -5.917385 1.7365901 17.020601 -0.05112371 7.317410066650164 
Car -1 -1 0 351.10003060785465 181.52938210256954 497.3894403119003 232.9236670771639 1.4826975 1.5921004 4.0274167 -5.5470257 1.7558577 21.904873 0.008963417 8.081163644868386 
Car -1 -1 0 718.0020389811784 176.3882007297687 809.6884812265768 211.32990886663265 1.6131823 1.7034367 4.08023 7.3126693 1.7869169 34.48973 0.063631214 4.197610996275551 
Car -1 -1 0 485.87735923856746 175.26677473981565 553.8945999120277 200.40864343750906 1.641731 1.7053677 4.2896786 -5.9594088 1.8061947 48.23962 0.042544473 3.3732780011287864 
Car -1 -1 0 454.3487144060254 166.9133777837607 533.8031670331104 199.12423439630336 1.680717 1.6252748 3.9388294 -6.1340857 1.3707435 38.56778 0.054630008 2.6181565766342016 
Car -1 -1 0 397.78564880987506 174.0266788902231 507.0223011843363 213.8199323345084 1.5576334 1.6887782 4.143915 -6.30702 1.6068931 29.30574 -0.07803653 2.9657705833959884 

