Car -1 -1 0 579.1427838879671 175.1180342700346 637.0832507753505 219.41278111691088 1.5241451 1.5756981 3.5554612 -0.118762165 1.6144974 26.90768 1.3968713 81.54041015928476 
Car -1 -1 0 743.0902319725036 177.14345425613894 1021.1043017122757 355.4543318010375 1.4994599 1.5455837 3.3156695 2.6683924 1.5564822 7.871113 1.4805471 108.09771821597951 
Car -1 -1 0 264.14600335228204 186.68963300250167 390.96834366659994 267.48161676179274 1.4654845 1.6581554 4.136859 -6.0571804 1.8133103 15.9829445 1.444454 58.80682605698002 
Car -1 -1 0 153.2246754067382 192.15100347572502 349.1502891304799 316.46241947811393 1.4279537 1.5518761 3.7358112 -5.1260567 1.7707114 10.856388 1.4271815 28.255894064314727 
Car -1 -1 0 558.1040187280018 174.29416746372897 593.7967695179218 204.50412748580928 1.4699452 1.578461 3.7446392 -1.7786224 1.5481839 37.246445 1.4531491 25.23700608756464 
Car -1 -1 0 646.9197499914228 166.99117816481493 770.9248389003576 257.63290255402035 1.6307087 1.5987363 3.676156 1.9065977 1.5252323 14.911956 1.432024 81.50401651945666 
Car -1 -1 0 405.9118214118312 181.0712822399511 452.52660632623804 217.3330437015173 1.4711113 1.5751283 3.7653375 -7.966914 1.8594141 32.12961 1.4456562 20.727515763469444 
Car -1 -1 0 538.7924476723614 174.4027819057535 566.5829371373729 198.10652013290044 1.657444 1.6165519 3.6240354 -4.180229 1.7745831 52.638615 1.3773084 2.506099684447426 
Car -1 -1 0 423.32834573362845 175.70961746001828 459.29909043436595 205.7328635937613 1.6077838 1.5774478 3.8135643 -9.511532 1.7779236 41.00347 1.4528686 1.342175122442857 

