Car -1 -1 0 690.9861139127391 179.7405228241031 831.3938622350885 273.9890609583027 1.4556559 1.6234071 4.278032 2.6579149 1.6063576 13.625109 1.5376853 103.08318667987524 
Car -1 -1 0 42.14383613142506 193.17420985524623 369.3678494255743 298.81543412848947 1.3988802 1.5921798 4.0455246 -5.8851433 1.7282054 10.796694 0.050465383 72.50382574328528 
Car -1 -1 0 658.2365939817079 175.03427799018013 709.1440863440375 214.57809451219708 1.4607835 1.6122675 3.7645357 2.8877575 1.553369 28.751348 1.5625832 39.754926272264086 
Car -1 -1 0 405.4159652140486 177.4418556548594 507.6729390676482 211.23927642227855 1.4437971 1.6285295 4.2639914 -6.7294526 1.6537938 32.056625 -0.074088514 17.238715192208378 
Car -1 -1 0 216.27065515903192 184.55164973527675 412.54203836063925 256.9211603364716 1.4830348 1.5882287 3.695299 -6.4363766 1.7563183 15.965506 0.053205073 68.70707947414905 
Car -1 -1 0 368.4537672287357 181.02227725147003 502.7475843869241 224.8647021983576 1.4473807 1.64806 4.2636814 -6.033556 1.7451135 25.25486 0.10608269 23.93312116239058 
Car -1 -1 0 110.3939706081407 189.11548213189806 376.760564366814 275.88934596247793 1.436664 1.5770316 4.0737634 -6.534043 1.7523558 13.139492 0.039363813 8.76045359261938 
Car -1 -1 0 347.85916710505234 178.72785859648587 484.1806003606108 233.6449876099108 1.5522977 1.5969532 3.6097922 -5.7437778 1.7364753 21.617336 0.1188423 11.666534429809285 
Car -1 -1 0 653.7592202046321 172.9586925317083 693.7093653353343 209.36039283015057 1.6144478 1.5443909 3.496266 2.9545746 1.6196005 33.762253 1.566625 5.280794295993598 
Car -1 -1 0 436.97683529085924 175.24219037910015 516.072275315471 205.62044999876878 1.544194 1.6118251 3.805544 -6.9072037 1.6717956 37.683 0.033403043 3.7206594238063135 
Car -1 -1 0 517.3533315595813 175.80289931082152 553.0331937987174 201.16348149648405 1.5306776 1.7070928 3.9392889 -4.6954684 1.726958 46.02094 1.6145606 2.77167442661787 

