Car -1 -1 0 959.3602324531106 155.75773021141438 1128.5898661798847 253.9744514684208 1.5716504 1.5815835 3.913278 7.9608483 1.2980782 13.628021 1.790858 141.0072892126165 
Car -1 -1 0 710.5195086795125 173.6207475502814 795.8898508776421 253.8870861616441 1.5913613 1.6560452 3.8441868 3.365221 1.6110064 16.415817 1.8330195 94.23506269435534 
Car -1 -1 0 928.601012284327 162.1099736808368 1027.1964101665965 226.5561577584787 1.5461407 1.6471698 4.0893483 9.807035 1.2883786 19.504585 1.8571237 58.67403458464833 
Car -1 -1 0 0.0 213.53563917153815 313.86255115020583 371.28051259495754 1.4956135 1.5829444 3.518436 -5.6226916 2.073433 8.8939705 0.35554162 117.00877792929074 
Car -1 -1 0 774.3482011452849 173.08362802829473 816.2658898999332 212.4415653812542 1.5092193 1.5031819 3.3621993 7.6389766 1.5191947 29.517387 1.8701171 20.234629544301743 
Car -1 -1 0 901.0149485727216 157.0465654998326 958.9941901912745 207.38568029190571 1.9166847 1.585722 3.82887 13.030747 1.3148093 29.526785 1.8307499 33.70436499373621 
Car -1 -1 0 893.3004290719422 160.12533215875234 929.821000261254 195.61823570147325 1.8513578 1.673096 4.003929 16.605122 1.1874131 39.803787 1.9204277 8.825821276077216 
Car -1 -1 0 730.781188610443 167.31251243490036 793.8735028602351 229.99170048421684 1.6644502 1.6518967 3.77769 4.5586205 1.5172955 21.195534 1.8225523 7.958824374450272 
Car -1 -1 0 773.369779839321 174.0996436664096 814.863084826201 208.2075241739496 1.4773529 1.5253799 3.596828 8.57049 1.5382867 33.345596 1.9156578 1.2627166347520646 

