Car -1 -1 0 769.2520362098478 160.6471349733412 1236.6605847421445 375.0 1.6718941 1.6225188 3.8221908 2.4542885 1.6089551 5.6447124 1.5875851 122.78479137305321 
Car -1 -1 0 233.34791321492375 181.62362455010404 486.4757565607598 361.6705343732445 1.5164194 1.6345918 4.16534 -2.5338101 1.6440859 8.393334 1.5348799 99.85609245261297 
Car -1 -1 0 663.3391011409464 179.0810990557244 718.5499799944034 222.40889726088494 1.46244 1.5887675 4.0217857 2.96281 1.7124001 26.948112 1.5656824 77.28062762377677 
Car -1 -1 0 400.34971184748656 183.47011110357758 539.582871134505 281.8034080375169 1.4970924 1.625334 4.152812 -2.426365 1.7276454 13.555747 1.6203251 91.73011722116652 
Car -1 -1 0 707.8562068762778 182.51945553095197 881.143200627602 303.3270749909771 1.4806354 1.55265 3.8104722 2.6169474 1.6550722 11.087372 1.5310947 63.22039699118017 
Car -1 -1 0 553.9203604867712 178.89641080547526 586.339602743663 209.98475467447662 1.6338048 1.662317 4.1157513 -2.182681 1.9927411 40.792526 1.5573256 21.92633634831133 
Car -1 -1 0 648.7221380087814 178.14764065972423 689.6056051010115 210.14771316183476 1.6320766 1.6494921 4.0548606 3.2126715 1.9375992 39.565586 1.5039296 26.116887691804774 
Car -1 -1 0 376.87225449497106 174.84210956255663 482.4807029845279 255.31923977312766 1.7434425 1.5383584 3.583843 -4.245442 1.7968097 17.544876 1.614061 2.1506492921738887 
Car -1 -1 0 637.4077085659076 176.19202434956605 662.4045133158019 201.40448115456167 1.8768477 1.6155584 3.8789504 3.109154 2.145903 56.19516 1.5403847 2.7333488030098825 
Car -1 -1 0 550.3838950133517 171.93288954713367 581.5819097700585 205.18849622214086 2.0364556 1.7033114 4.2595625 -2.7517567 1.9800498 46.322784 1.5810101 0.6657412837431069 

