Car -1 -1 0 660.4141786439269 174.82966702428814 736.7433057300557 236.6861826409787 1.7496281 1.7001529 4.3564243 2.694981 1.8180085 22.761799 1.5292566 102.25731515173912 
Car -1 -1 0 235.95010014462062 184.5798532414597 428.05252620040966 250.02767971055508 1.4797983 1.6178942 4.029357 -6.6198053 1.7776265 17.473259 0.022106707 74.76086908707666 
Car -1 -1 0 296.54766995240703 187.19348873945833 468.45485761343645 243.8708568397572 1.4484429 1.6103156 4.1899014 -6.1228004 1.8578885 19.739449 0.027825642 20.20384092244625 
Car -1 -1 0 332.2524954304854 185.71731141425334 477.67741170114215 234.95215856662537 1.4261488 1.5870607 4.0176373 -6.2364254 1.8384326 22.243715 0.04464688 18.4573417705961 
Car -1 -1 0 405.50506984054283 179.22439866626607 513.1016858882422 220.83433876833317 1.6260223 1.6691661 4.0143304 -6.0452547 1.8924729 29.319344 0.012679024 6.362840751070498 
Car -1 -1 0 644.3458533700455 180.6430330823611 687.8761914285749 215.92660439579566 1.5164348 1.5438176 3.7872326 2.593153 1.9021449 33.7972 1.515915 9.538566692235797 
Car -1 -1 0 783.3998787501765 194.47457415771882 1142.0503646165362 375.0 1.4976716 1.4791422 3.192625 3.4377034 1.7784433 7.611002 1.1516864 3.188951022708135 
Car -1 -1 0 482.6867863580317 177.99199874492814 529.2022033292667 210.71328750010886 1.5815887 1.6179698 3.6292224 -5.305703 1.8608168 37.338352 1.6518352 3.214976544149798 
Car -1 -1 0 633.7319032633429 179.35073050560217 663.5726110773182 204.77324414284809 1.5118028 1.5639082 3.6920788 2.4404974 1.9404875 45.737694 1.5350957 1.9340357485108823 
Car -1 -1 0 378.98794863322405 182.26179000220907 486.06657771493616 225.97273425469365 1.5588968 1.6165456 3.616624 -6.5472174 1.9211595 26.94004 -0.019841228 5.551137342511941 
Car -1 -1 0 514.6014328134589 176.84311531874556 544.4788282489465 202.87931121629018 1.7134767 1.6765172 4.0372963 -5.518125 2.0018773 50.136036 1.558317 0.9779370019248184 

