Car -1 -1 0 795.2933652983842 189.9344666529874 1150.8925450669547 375.0 1.426837 1.5161388 3.465237 2.9016075 1.6242993 6.6072664 1.5729191 126.85263315085264 
Car -1 -1 0 671.7451310001727 177.70149918315892 756.7658982254264 243.26885751295836 1.4752833 1.5856594 4.107362 2.5771832 1.6140153 18.594334 1.5683761 92.74496703719596 
Car -1 -1 0 438.73061251450764 178.77778518161165 503.59934221219913 225.99785616015726 1.4870605 1.6830175 3.9505181 -4.7506857 1.7107999 25.239952 1.5242105 71.23624589363268 
Car -1 -1 0 734.5022060053169 181.21896842483395 901.0936181447695 300.26246934690363 1.4906559 1.5015162 3.412958 2.978112 1.6380721 10.996202 1.5530999 98.94419782919371 
Car -1 -1 0 660.0230710309972 174.45115696492468 719.5807402396895 223.173843420508 1.5528306 1.5827713 3.6018882 2.699223 1.6120448 24.933037 1.5488502 31.59136347419928 
Car -1 -1 0 472.62805040367437 170.48572608567676 521.2372456500309 214.92796481863516 1.7764633 1.5724585 3.7609372 -4.734477 1.6817975 30.741127 1.5458063 38.62464883584207 
Car -1 -1 0 186.4813574148403 176.16087541650867 357.2104050904503 230.47273045715585 1.4765383 1.6064401 4.126062 -9.540945 1.5747496 20.57453 0.024995718 36.745418856474245 
Car -1 -1 0 648.4354868257499 175.54144044512617 692.1530750460252 210.74399242117263 1.5130116 1.5812619 3.8914232 2.7430882 1.6442949 33.279953 1.5419526 11.44990958895517 
Car -1 -1 0 497.2582202471627 172.64791967604253 538.4003584493871 209.08863919726554 1.7299837 1.6307069 4.1204615 -4.559616 1.7202001 36.331177 1.5497218 8.34739350548002 

