Car -1 -1 0 89.31004947201113 193.82613752324139 282.63036855149534 295.3493950739555 1.3964905 1.5657892 3.8154268 -6.900338 1.567117 12.236893 1.4106817 100.39185572410189 
Car -1 -1 0 443.1341132239907 179.8827482834868 497.22263332270046 229.581629386483 1.5369939 1.6535959 3.353774 -4.5279813 1.3720664 24.019653 1.4089167 54.224795414185806 
Car -1 -1 0 540.6720713326838 179.0372214392652 615.9725242012921 241.61427293335532 1.5587969 1.6532445 3.6918552 -0.8862362 1.4048908 19.860153 1.4119916 104.52478867737052 
Car -1 -1 0 254.90148476508315 186.97552829026398 353.0282929880938 242.47424896400105 1.4276962 1.6158423 4.3742113 -8.669479 1.4845096 20.922255 1.4173654 75.20053578736608 
Car -1 -1 0 347.7744723013955 184.21645926538739 398.433824402285 218.19933755268443 1.4356592 1.653445 4.3139324 -10.549617 1.3934448 32.642494 1.3831838 27.897283017554308 
Car -1 -1 0 142.49800493504776 185.29767655583757 257.7035135533876 237.6166503293112 1.4386467 1.6741409 4.1707625 -12.260553 1.4414002 21.959341 1.423465 15.709540875481588 
Car -1 -1 0 382.1912095873981 180.19477666339034 414.3173093156194 207.5381094346783 1.492203 1.5594279 3.8131351 -12.034729 1.2181971 41.28738 1.2315524 6.771589227962517 
Car -1 -1 0 228.07744653426886 169.5512187143812 300.02778247956047 215.60286859845124 1.8461239 1.708233 4.3264523 -14.729228 1.2181644 31.095587 1.3977087 18.41395260004762 
Car -1 -1 0 340.09030224187467 181.58229822778918 374.4719127598332 202.70449925822933 1.5450889 1.6148312 3.7065291 -18.90221 1.2793057 54.50306 1.4801488 2.3002379750937707 
Car -1 -1 0 435.0763669075049 183.12427295648976 479.8057545368339 217.11247247842041 1.4595624 1.5541748 3.651817 -6.76447 1.3697499 32.752796 1.4897751 1.1204520365190669 
Car -1 -1 0 503.40238271418224 181.42609278156078 526.4318787500277 199.55025597146837 1.4279675 1.5831568 3.8227618 -7.558436 1.1293919 58.668762 1.3683763 1.6388201737635764 

