Car -1 -1 0 358.5629254880526 181.70671049151068 486.9702527653321 268.558676174729 1.5242153 1.609564 3.7032583 -3.5484436 1.4626341 14.473499 1.5786337 120.79878146224688 
Car -1 -1 0 156.67396234420156 176.916591335405 320.3457663618822 261.4825723108192 1.6051658 1.6258157 3.7346194 -7.74415 1.4476386 15.51453 1.5677679 109.22579939643362 
Car -1 -1 0 580.7525734042174 179.03138580315266 620.310695055268 215.3653712347088 1.5265257 1.663652 3.150589 -0.32683274 1.2666998 31.801437 1.5406837 29.740181177365336 
Car -1 -1 0 7.014737385908518 186.612351526331 181.90433247954869 252.55587279556113 1.403617 1.5329037 3.7372353 -12.075919 1.440762 17.249315 1.5700517 43.644436156967295 
Car -1 -1 0 311.79402446778005 186.84623182659797 402.0927919374654 235.78650056055878 1.3900465 1.5337101 3.6124525 -7.6667814 1.4448439 22.348427 1.5760072 36.57412824581326 
Car -1 -1 0 486.2629661155561 175.48036920350305 541.4264656789339 223.35708836377034 1.6480997 1.6147358 4.065954 -3.4009895 1.3129724 26.79623 1.548517 43.640663927281935 
Car -1 -1 0 450.3786998473833 179.99123308362024 488.88051256275895 206.25784476841088 1.4301306 1.6127481 3.6385622 -7.7936044 1.1456757 40.984848 1.5369825 9.686652529829662 
Car -1 -1 0 495.2376730254086 178.01633835919048 518.7959568877513 195.8625958455244 1.4540637 1.5896966 3.9485173 -8.408642 0.86747974 60.575615 1.5297437 1.0637965545031816 
Car -1 -1 0 371.85514993512976 173.522753226049 415.40727010531015 200.43588390780835 1.4837985 1.5561277 3.8732762 -12.301294 0.8391327 41.608025 1.5173771 0.6963010106129678 
Car -1 -1 0 230.73514617479847 181.7036571018419 317.4909223636364 227.67347865602417 1.4635955 1.5631412 3.6490223 -11.364356 1.3517785 24.772165 1.48448 0.29029300808906555 

