Car -1 -1 0 660.1945119419895 179.90374912165686 757.7344673580923 249.19078392209713 1.4326684 1.6217787 4.3178525 2.2746046 1.6255567 17.553413 1.5322129 82.31446929865662 
Car -1 -1 0 171.72252586395112 190.66374959125682 409.52818413644707 267.87993961905187 1.4086027 1.5929923 4.0463123 -6.239772 1.7847592 14.395627 0.023512924 54.65955517517664 
Car -1 -1 0 276.0797748123266 182.3447929993323 430.5839016505364 241.20296185439528 1.5006621 1.5782856 3.6234834 -6.8828535 1.7701168 19.585928 0.061714683 46.753845237913325 
Car -1 -1 0 408.48503023553866 177.99043395304668 501.23561292198934 208.88851613061817 1.4784904 1.6455812 4.2800064 -7.6057186 1.7395163 35.749367 -0.044955045 13.760283245255454 
Car -1 -1 0 57.61886753504586 191.3291159441215 352.1865788577029 286.7152864947862 1.4200071 1.5776 3.9518409 -6.487265 1.7443753 11.861076 -0.009222217 55.64156287223426 
Car -1 -1 0 635.9265302626807 175.36732861450727 678.3714812258612 210.88528912627618 1.5018582 1.5826503 3.725674 2.0998755 1.6221764 32.65891 1.5449986 23.704856919703012 
Car -1 -1 0 379.7164501649409 179.9279343209554 496.2667063355194 218.70801337046737 1.4859278 1.6360805 4.255151 -6.818299 1.7785059 28.914295 0.052490354 15.092822881943066 
Car -1 -1 0 633.0963112742488 174.59875298881747 668.6065022743228 207.0448672555452 1.6038623 1.5501759 3.7080426 2.1148007 1.6996577 37.742138 1.5443516 3.469770596175685 
Car -1 -1 0 514.3230864133546 178.52617890465936 540.8883733409691 201.58201454664143 1.4844801 1.6170762 4.082013 -5.674855 1.8917105 49.657448 1.4083204 0.6089046954157488 
Car -1 -1 0 496.89386141645855 178.57761477168646 529.9800733090162 204.03419198570685 1.4718447 1.5648977 3.689073 -5.8722982 1.8387034 44.398354 1.5649285 0.4845057747001071 
Car -1 -1 0 359.62526471661084 177.16348525532837 483.9965581435311 224.0554191045426 1.5680861 1.6145194 3.9020033 -6.524127 1.7249137 25.28271 0.08766565 0.2548559308052063 

