Car -1 -1 0 465.4766455467905 169.81087195728807 529.7702561232924 216.8348825032372 1.5450372 1.6907673 4.1568203 -3.9085202 1.445051 25.793476 1.5612528 82.59020754799033 
Car -1 -1 0 772.9869670318398 193.75676141735096 1070.4376735328533 372.4635296010005 1.4192338 1.6084373 4.197919 3.1679018 1.7211653 8.321941 1.5690432 123.45514874329736 
Car -1 -1 0 719.0916541317971 181.7060796898684 848.8819771853696 278.6535674605254 1.5483799 1.5506926 3.2314527 3.1115649 1.7336633 13.462945 1.5389264 97.33561632138981 
Car -1 -1 0 675.073505350789 176.14659687067837 754.0358694984076 237.28493266495286 1.5519572 1.5261381 3.2903104 2.851239 1.651825 20.19157 1.5024843 78.81720574594397 
Car -1 -1 0 651.8209940041073 173.64301988837886 715.3719394704343 222.7782683855809 1.5543841 1.5790492 3.7355907 2.4649608 1.5835977 24.80116 1.5075167 40.767591755244865 
Car -1 -1 0 228.69750227518148 176.8907582062102 447.04201979656546 329.16662058927284 1.5972251 1.6040103 3.7872276 -3.321415 1.6616604 9.59376 1.5316522 91.71594863881188 
Car -1 -1 0 640.552345936395 173.14338526523585 690.1571787090727 210.08843756677183 1.4598148 1.616182 4.1807766 2.3007295 1.472965 30.665976 1.5287485 16.94742221450929 
Car -1 -1 0 490.0932613811541 172.33011865462623 535.3958233399553 207.64538952130934 1.4630948 1.5509064 3.5619867 -4.1949754 1.4413905 31.682957 1.5590314 3.2462920913027444 
Car -1 -1 0 510.2334731503629 169.67418002598507 542.3359579023208 198.0006794460959 1.5548913 1.5927509 3.9087667 -4.7567277 1.3803452 41.599007 1.5196625 0.8092828567901225 
Car -1 -1 0 610.8407215440935 169.36758900714864 635.5626471191929 186.6407747864881 1.4856036 1.6288967 3.9691985 1.180607 1.1857498 64.12983 1.441569 0.2835645079612732 

