Car -1 -1 0 757.069254959377 188.77664292886823 910.2950754851933 288.2233166676929 1.3719602 1.5932426 4.0450506 3.7167287 1.6968844 12.668295 1.6149473 106.82054768037058 
Car -1 -1 0 476.8502870464464 182.35161939223158 538.1429427451645 228.70275694942913 1.654804 1.6114271 3.7238731 -3.9510505 2.0548458 28.469456 1.6531186 66.30361032825752 
Car -1 -1 0 721.6890477758361 181.340663418635 812.6981509285913 249.36032061629774 1.4866494 1.6264172 4.243805 3.8996286 1.7294023 18.474525 1.6272149 82.85396783652267 
Car -1 -1 0 986.6780215663812 175.30542867694055 1208.2369129889846 245.90555935996758 1.5163755 1.6740779 4.3214917 11.773943 1.58297 17.61809 0.6573989 53.06659965441172 
Car -1 -1 0 508.896771935971 183.03168168938342 556.4611528939475 218.02837602842493 1.4824464 1.5811274 3.829689 -3.5258646 1.9849975 33.66643 1.6348107 10.027664046201357 
Car -1 -1 0 237.4247920654109 185.5346198953724 345.7794885470758 221.3870311379784 1.579577 1.680654 4.249758 -14.581791 2.178532 33.234573 -0.0028904374 7.1450993626993125 
Car -1 -1 0 687.5344757690493 177.38104335835948 719.0222648627094 203.82526622833922 1.6110137 1.7181592 3.874216 6.011203 1.9158763 46.612206 1.621321 5.636838372548205 
Car -1 -1 0 545.3669422771173 180.92718237501896 581.891821141607 209.6556576344173 1.5909032 1.5797725 3.945786 -2.6983109 2.0964046 43.140694 1.6648073 1.2055226464046171 
Car -1 -1 0 602.0480580518972 182.89927198678706 620.348864846967 199.31564548481484 1.4841042 1.648491 4.214443 0.13251916 2.4878044 69.965065 1.5429722 0.578608454427741 

