Car -1 -1 0 734.0749889555946 178.2844606548585 924.8238834652929 302.5163234993924 1.5078921 1.607766 3.9306872 3.069112 1.6049694 10.914886 1.547361 103.42966037611592 
Car -1 -1 0 354.4441982862052 178.39290743080983 453.92286660173966 241.91447241859507 1.6589845 1.7016511 4.2101817 -5.9260383 1.8389336 21.327242 1.5816786 79.73436629816803 
Car -1 -1 0 162.3707078277203 196.8444919131256 363.95002252953503 300.2946860329354 1.44135 1.6092455 4.043823 -5.984089 1.9430934 13.045874 1.6000187 130.10996513927165 
Car -1 -1 0 549.4486534558539 178.95600655463932 576.1560884353927 201.11429146200427 1.4690346 1.6632191 3.8887396 -3.2598495 1.9156768 50.86224 1.5622005 16.35308550043854 
Car -1 -1 0 514.8434690146161 179.77225429560895 549.439556415351 201.27740146738827 1.4926282 1.7240636 4.177925 -5.707767 2.027724 53.641098 1.673956 11.394922261967412 
Car -1 -1 0 890.1489762705626 159.05130742891396 1010.6311386117737 198.36232428754025 1.5053701 1.6306342 4.166016 13.578495 0.97681177 28.98506 0.2774062 9.735712016377517 
Car -1 -1 0 419.994372496679 182.80692574202544 485.26357968559887 225.9652790827435 1.4896626 1.6142086 4.1034365 -5.977288 1.902986 27.908363 1.5755651 10.90660942205478 
Car -1 -1 0 473.4777776704326 181.83808125839724 516.4630516305975 211.99541240682754 1.4685497 1.5473586 3.8618393 -6.018912 1.9692438 38.256752 1.6038893 4.660014959568936 
Car -1 -1 0 640.2020894987829 174.86611914579845 660.0799204641944 193.5860026915471 1.4976757 1.6004908 3.6778286 3.3927414 1.6703131 60.019638 1.6366247 3.1760144011012343 

