Car -1 -1 0 57.69604638970956 188.14346745472275 254.8036525130427 283.21244556742295 1.4965813 1.5704924 3.313222 -7.984805 1.556738 13.094879 1.5462116 97.07593443179616 
Car -1 -1 0 222.3816288265741 173.6507534076921 436.22160310572656 314.1152646679387 1.6416838 1.6027783 3.8914773 -3.7121906 1.5065181 10.353941 1.562543 125.77388927747855 
Car -1 -1 0 580.0176301930413 174.69047832624923 649.6822765944511 238.26732430200477 1.5595815 1.7089369 3.3229625 0.18827838 1.301391 19.295721 1.5710686 61.75716881883424 
Car -1 -1 0 422.69048193609933 178.45752087150177 499.7204105729615 234.60844652194436 1.5616343 1.5921752 3.5871687 -4.3291464 1.3736801 21.78941 1.575155 78.41400676706229 
Car -1 -1 0 476.85935366339913 180.0412762217126 522.7440373624404 213.1217042334971 1.4473326 1.5306766 3.46528 -4.905122 1.2209417 33.200424 1.592835 25.34105135728244 
Car -1 -1 0 407.16654858958225 179.4459365448683 453.5790792085111 210.8454587624356 1.4878049 1.6195253 3.804833 -8.795328 1.214416 36.013268 1.5047929 11.030524522585532 
Car -1 -1 0 504.29315962872744 177.80174281341795 542.2085140461968 204.29910974529452 1.4558239 1.6189659 4.187949 -4.803728 1.0484848 41.60663 1.5925541 5.590871641090855 
Car -1 -1 0 568.5756908213486 178.1720954798603 610.958563789596 216.24081727048548 1.429425 1.556702 3.8547115 -0.7573784 1.164948 28.964931 1.5071852 2.515605608005542 
Car -1 -1 0 249.10694956045248 186.51271611317225 334.06226029710047 224.54517796749306 1.4330771 1.6264325 3.748116 -12.684131 1.4891075 29.135872 1.6291226 1.8625469613963475 

