Car -1 -1 0 672.3158024105506 177.26381951215203 746.0568035595427 235.11751775832306 1.559305 1.6165869 3.8804288 2.897811 1.7038713 21.699644 1.5528404 81.62966381287099 
Car -1 -1 0 301.97748801593997 194.3331152931153 416.2857904430219 265.1105574898737 1.4957676 1.5638329 3.5292866 -6.1502557 2.0882652 18.117899 1.5984582 95.36413718641926 
Car -1 -1 0 443.26484613352545 181.73182353002295 494.5705549241667 222.8576460370513 1.6525767 1.6310357 4.078196 -6.1556273 2.0712621 31.958012 1.530476 36.3252397392794 
Car -1 -1 0 376.7000186360203 192.05735745399852 461.03320485067997 243.81485424005848 1.4473568 1.6112487 3.9697402 -6.142788 2.1309416 23.67617 1.601306 70.34345131819133 
Car -1 -1 0 526.5379420370773 182.27249481612296 552.9263738531268 200.7234923313493 1.5348129 1.6477494 3.949987 -6.1723356 2.398639 64.138504 1.6561337 5.197332602471333 
Car -1 -1 0 629.3940954086592 177.08417336260223 646.7082008135108 192.56051658280643 1.4504855 1.6341105 4.0814924 2.8214433 1.8780458 70.84592 1.6261404 1.4366359560806 
Car -1 -1 0 562.9768352446687 181.28684548034607 583.1208521291904 197.6847547714508 1.4981291 1.6663109 4.0134153 -3.5156868 2.340219 70.02711 1.5927075 1.7845066405980183 
Car -1 -1 0 1118.6885705037 141.23518752077857 1242.0 188.64730256105642 1.8964972 1.7728267 4.4854116 24.6187 0.63173616 31.181099 1.4717029 2.5329084548463006 
Car -1 -1 0 947.9085786367236 157.3568637847163 1011.7959595705192 177.48774533602165 1.5103734 1.6292474 4.024819 28.184792 0.34765887 54.993793 0.021897588 0.29282817244529724 
Car -1 -1 0 768.693845574482 165.2554198970603 834.1211536963881 186.5745690258152 1.4712849 1.5879171 4.1903505 13.430656 0.9468886 50.659958 0.03410289 0.28673747181892395 

