Car -1 -1 0 654.2721533266878 177.10226666283475 694.4955082485277 207.03723898863288 1.4658904 1.6290026 4.2382345 3.3629346 1.7027134 38.08175 1.5429481 31.641715160037602 
Car -1 -1 0 94.29144817096285 190.77265832875364 379.84505167186467 281.5580911716937 1.4204676 1.6014104 4.1377416 -6.305378 1.7522705 12.495883 0.031250354 69.02949236538426 
Car -1 -1 0 355.73133056712135 180.0986277898614 503.93780128307935 229.7364981964143 1.4579577 1.6165434 4.198072 -5.566691 1.695278 22.570164 0.12621032 26.31503608581159 
Car -1 -1 0 165.44045415669277 184.99717555881458 393.9260178905106 262.6142006779919 1.4945803 1.6127937 4.005015 -6.718955 1.7603381 14.970802 0.0069613564 19.91124228875679 
Car -1 -1 0 384.9149575715387 180.39367273890005 515.7364881593559 223.93980493466714 1.421495 1.6056029 4.11166 -5.434411 1.691734 24.877838 0.0896956 11.564658960362406 
Car -1 -1 0 393.3115986027038 178.5942484510215 510.25963544638495 218.88249018906185 1.4873362 1.6285434 4.1205993 -6.0360065 1.7164798 27.855135 0.06569944 8.450862278639356 
Car -1 -1 0 315.6159982436701 180.97092990227705 464.99591372679293 236.8638693192752 1.460785 1.5435958 3.674458 -6.0558453 1.698101 20.118607 0.114772215 24.94400195233697 
Car -1 -1 0 436.9408632151099 177.2023336998207 535.9001252284944 212.21286018059143 1.5182686 1.6383601 4.1398554 -5.4719257 1.7185876 32.372734 0.023258675 1.3717272010408377 
Car -1 -1 0 1101.6259038610906 165.50849123852893 1238.3603751604003 206.79644266635657 1.54266 1.5862944 3.9871767 21.532629 1.2682064 27.828516 0.038545515 0.2503436207771301 

