Car -1 -1 0 655.6042416944882 178.8281318933966 714.2682930601751 223.53104114733637 1.4581264 1.6366245 4.3053327 2.657837 1.6935854 26.275625 1.5586824 64.33592419905837 
Car -1 -1 0 270.457409275912 181.31878751567575 465.66685982369165 243.01559564907978 1.4664028 1.6708945 4.3902965 -6.025345 1.691879 18.309385 0.03428396 51.51216166287739 
Car -1 -1 0 111.09906055087238 181.10115858371617 388.750569619511 274.45120062494567 1.5024132 1.6539481 4.1445246 -6.244925 1.6598686 12.7819805 0.08187699 57.04046166742823 
Car -1 -1 0 0.0 179.12400186088567 325.4266771475062 295.74039676628996 1.5162485 1.6493247 4.1281433 -6.4469156 1.6130466 10.305231 0.0045731403 111.70552802434702 
Car -1 -1 0 395.0465170886102 177.21905994113422 514.1135695413752 217.61284094276297 1.4866552 1.6546284 4.205224 -5.855611 1.6586913 27.58818 -0.01040212 33.10619215797543 
Car -1 -1 0 325.6507353151965 178.79054170852285 470.8035189720065 227.44085214731402 1.4634961 1.5983403 4.09933 -6.575224 1.6571169 22.718533 0.0074880454 13.456793648767325 
Car -1 -1 0 481.1614682151049 175.23466656981861 549.4534638264269 202.0944581182319 1.608396 1.686598 4.109529 -5.840185 1.7593865 44.588623 -0.16745853 5.326009935666 
Car -1 -1 0 340.35029088756244 175.7764776758649 460.13086990241845 222.44043482494627 1.565013 1.614305 3.7671862 -7.246825 1.6710433 25.246819 -0.06690821 4.425070822452013 
Car -1 -1 0 697.5954470220321 177.12836311441444 789.4267725868343 208.24903390207893 1.4859074 1.6448907 4.2006917 6.5541577 1.7017982 35.567654 -0.025636615 3.8623512778141564 
Car -1 -1 0 279.3859479996859 181.04494713085438 441.1561777156033 234.1103007959162 1.4643241 1.5928113 4.149088 -7.154243 1.7114271 20.96306 0.003743583 0.6074060216508159 

