Car -1 -1 0 665.4165657714369 180.97967581397234 730.2617097455685 232.84188703879767 1.4467037 1.5745525 4.025053 2.6960087 1.7259078 22.775946 1.57604 90.9779013968085 
Car -1 -1 0 0.0 205.36416929289558 356.23188190978993 375.0 1.4067836 1.5427208 3.4637032 -3.7850811 1.7920551 6.8114986 1.5805628 102.93256836119645 
Car -1 -1 0 775.9799961372648 167.43210424536682 919.6175258626919 212.67837559055636 1.5071476 1.6930667 4.3998685 8.152695 1.3265448 24.931301 -0.023031116 58.32786417872425 
Car -1 -1 0 870.6459227121532 167.61370061867734 1117.048908114097 240.18754232565666 1.4831553 1.682842 4.439321 8.17146 1.3760618 15.606292 -0.008648841 109.64896129775924 
Car -1 -1 0 248.36668203678963 194.73943427189442 389.27601744677196 275.3472043212135 1.4745153 1.6216874 3.6626973 -6.2848225 2.0168283 16.038815 1.5823911 52.221498964816206 
Car -1 -1 0 405.27885219198015 185.43851265511205 475.12300803295943 232.1809131206483 1.5634992 1.6655935 3.8872392 -6.277481 2.0710087 27.142998 1.5850047 30.161301221638894 
Car -1 -1 0 465.78821621970366 183.4799558287435 512.8538870303032 214.5105674080041 1.5033863 1.5751271 3.9738698 -6.3352566 2.0988388 38.393715 1.6444572 9.492545227269137 
Car -1 -1 0 1024.4010862578043 153.59227534848583 1126.0400343784916 186.81631127295253 1.5411146 1.617837 3.7656794 22.109768 0.64764905 34.35565 0.041718528 18.024123090681524 
Car -1 -1 0 829.1917301318431 158.61649057339582 1015.5965713839889 225.14135489779594 1.6474681 1.691761 4.105507 8.012409 1.2948804 18.72816 -0.0066429293 44.23586368407983 
Car -1 -1 0 1068.5009962069626 152.40215023520386 1181.6775797212313 189.02080780526825 1.5426786 1.625699 3.812031 22.31232 0.68107855 31.30677 -0.051385887 25.03374857688332 
Car -1 -1 0 376.3532354017986 190.55951354199436 449.69671157888615 240.4035093226377 1.4108682 1.5710965 3.4999619 -6.3031154 2.030624 23.473362 1.5265396 1.4783064005237583 
Car -1 -1 0 1122.5641365938536 150.39949600131058 1242.0 191.02101313895716 1.5240349 1.6311622 4.0799465 22.47962 0.6815884 27.975885 -0.044384047 0.6061060175401229 

