Car -1 -1 0 709.0978307413255 176.94496685325603 839.3173108267088 269.5508520961533 1.5470221 1.630779 3.9143686 3.0628955 1.6386387 14.193017 1.5601745 96.37732434585836 
Car -1 -1 0 391.3073862124473 178.5030921405144 471.77997914918336 233.1559122421865 1.6699086 1.6942233 4.2343884 -5.9518995 1.8791136 24.602688 1.5721074 75.27508974330698 
Car -1 -1 0 57.45167077332471 200.26610870709808 307.298427040678 328.4020281289577 1.4524716 1.5516658 3.5110538 -6.047253 1.9273449 10.719945 1.6030126 103.88551861988077 
Car -1 -1 0 262.8444970351376 193.6830241345554 406.29637239878684 273.48516394919506 1.4540883 1.6056154 4.046482 -5.99632 1.9823213 16.255997 1.5955756 103.43229189449704 
Car -1 -1 0 521.195382667078 180.26638754032484 548.3234377507779 200.02521088688067 1.45998 1.6714685 4.124069 -5.8641105 2.0661886 56.938896 1.5813973 5.454351221598835 
Car -1 -1 0 556.864071632648 180.00325139593005 584.3831992639615 199.82805748182142 1.4571083 1.6825926 4.06629 -3.017686 2.038766 56.6197 1.6366352 4.198824508059149 
Car -1 -1 0 444.0174422038679 183.1662355806579 502.40054846367315 221.4941367195813 1.4937885 1.5950245 4.070872 -5.834838 1.9707685 31.304325 1.6162076 2.1973915987863233 
Car -1 -1 0 829.1486989593704 150.90848276172008 925.1734552700383 185.78721367598607 1.5336608 1.6229846 3.8523319 12.102377 0.56868917 32.829628 0.15702626 2.3927826680822646 
Car -1 -1 0 637.4140673940947 175.44213312919626 656.0338483781222 192.82675633856945 1.4644022 1.5822124 3.7434435 3.2667007 1.6981828 63.261906 1.6269584 2.1207476941496006 
Car -1 -1 0 675.2470562677031 173.78989257691669 702.508788273791 193.31850029047797 1.5186477 1.5984153 3.9367473 6.373108 1.596873 58.30582 1.5245291 0.2586735188961029 
Car -1 -1 0 488.11170790200106 181.29024747147398 524.6736246604684 209.64319334936707 1.4818302 1.5962118 4.316691 -5.8341875 1.9889386 41.190353 1.5401748 0.25058192014694214 

