Car -1 -1 0 385.3635115523694 193.21750496274277 461.2877229674452 244.19227482090324 1.5051173 1.5569642 3.52763 -6.239376 2.2478838 24.527084 1.6076212 61.97086661444695 
Car -1 -1 0 655.5816138211067 178.15441648523887 711.998925626063 222.10570189055537 1.5605764 1.5947516 3.7941337 2.8111925 1.7807171 28.027481 1.5129946 61.656299951529746 
Car -1 -1 0 429.8281335186329 191.25033877130215 489.3156058836207 231.17748430300105 1.4514902 1.6198487 3.8566794 -6.14815 2.2647133 29.956778 1.5845709 34.75173457513106 
Car -1 -1 0 471.3924051493701 183.76943310261402 516.0154218792292 217.09801813495392 1.6142876 1.6411095 4.102228 -6.0977316 2.2259812 38.368065 1.589938 10.384198072949468 
Car -1 -1 0 78.132926099157 204.93551242168144 178.27709531764734 245.00128521135198 1.4512868 1.6805539 4.028789 -20.797882 2.9364867 31.385397 1.566618 34.13409879482764 
Car -1 -1 0 28.9470009422551 207.4308023875589 123.1295821056353 246.50465281436814 1.4451394 1.6290607 3.7272475 -23.54077 3.0709577 32.00625 1.4937139 15.654507821336558 
Car -1 -1 0 0.0 209.8398601546081 78.63473178281743 248.63964970453006 1.4267032 1.60814 3.7340155 -25.708622 3.1691108 32.082047 1.5139568 17.681457157371042 
Car -1 -1 0 142.5324098035918 201.49251187259856 240.06616885235252 242.32892230343012 1.4916162 1.6613308 4.2917166 -18.163961 2.8314233 31.580992 1.6076436 6.110236132198946 
Car -1 -1 0 535.6503895247561 184.87186525825683 552.6044977914706 201.32852078290955 1.5036367 1.5635947 3.5686405 -6.365815 2.7073188 70.43522 1.5042132 1.645101858731734 

