Car -1 -1 0 713.920568298392 175.94846012605936 794.0666593183512 232.7227184913666 1.5765922 1.5638163 3.448956 4.310775 1.6785284 21.999102 1.5089953 56.382900737252896 
Car -1 -1 0 743.9538052112823 182.48452529847813 857.6613433041758 257.8966720009252 1.4293149 1.6085411 4.1768675 4.162422 1.6755736 16.333231 1.608079 59.896741276168235 
Car -1 -1 0 501.25932870811477 178.89032131060767 556.0650954521727 215.57059967688542 1.4977996 1.6799452 4.210926 -3.548575 1.7864536 32.339542 1.6481322 38.03596614499609 
Car -1 -1 0 703.6818001306541 175.99660530260664 760.8551956175362 219.9375493026304 1.5208305 1.5998092 3.8554463 4.548735 1.6477914 27.20093 1.5985029 16.112825003783932 
Car -1 -1 0 798.863477160049 155.56947434491545 1068.9661343566843 326.00611916109744 1.7694676 1.7321372 4.5713305 3.9737887 1.5900202 9.802065 1.6013856 30.25450628494482 
Car -1 -1 0 694.5555065875177 176.18380402074536 740.0430661815826 212.11115938017915 1.5184143 1.5602803 3.6702254 4.82198 1.677758 32.682583 1.5846807 6.794851426948297 
Car -1 -1 0 528.1196797517619 177.74023262466918 571.7455343534172 208.20775550321892 1.4967288 1.5925143 4.0603147 -3.0996754 1.769763 38.218777 1.6708393 1.7845058413996742 
Car -1 -1 0 543.048327710299 176.13242600696643 580.0610027903296 203.3220579180766 1.530232 1.6252227 4.003269 -2.822682 1.7357514 43.168907 1.65553 1.2958202113846953 
Car -1 -1 0 577.9977872515976 176.82161043567567 603.8754800169709 195.79461608181526 1.4868951 1.64257 3.9482765 -1.5006609 1.8250568 59.44979 1.6725345 0.6597578305886684 

