Car -1 -1 0 587.4442120047097 174.7957176661361 649.0298085971273 222.63693709748864 1.5344157 1.614162 3.4453669 0.23439994 1.6069024 25.11292 1.4225488 93.84496964183157 
Car -1 -1 0 789.8938990463326 179.36118840623547 1197.358490388022 375.0 1.4824493 1.5462079 3.289187 2.8021622 1.5527894 6.1084166 1.5061103 103.84588292916634 
Car -1 -1 0 57.73186237326404 195.29883692603585 314.4572739482704 346.7098472151564 1.4130497 1.557873 3.5540428 -5.039565 1.7557809 9.152346 1.436169 62.9544744998193 
Car -1 -1 0 230.78582376271203 185.5905144601459 375.52586941312137 279.023240983431 1.4979117 1.6123669 4.216691 -5.8803444 1.7903414 14.366914 1.4320948 75.02460729072361 
Car -1 -1 0 403.92837430319275 181.79384538013238 449.8170621930363 219.88843255363255 1.4562845 1.5723697 3.6525059 -7.640337 1.8570807 30.418592 1.4074221 32.18161176669284 
Car -1 -1 0 660.4238440848018 168.10056472602446 807.577329774141 270.5070354810242 1.5887091 1.6013373 3.692851 2.089125 1.5149654 13.131205 1.4356937 105.92059582798284 
Car -1 -1 0 563.6339656607447 174.7203531563159 601.8277976583856 208.1355179769649 1.5434494 1.5890393 3.3307033 -1.3527219 1.6392136 35.273067 1.4486997 35.58510100188561 
Car -1 -1 0 424.81476498213163 173.635503602825 462.0239080535163 207.0157832057712 1.7222531 1.5856453 3.894289 -9.008923 1.7670746 39.35261 1.4474801 10.262363937831383 
Car -1 -1 0 543.8795163295001 174.40948236729758 570.3254778940341 198.11824561150013 1.5994611 1.5609602 3.594064 -3.7251835 1.7131132 50.822777 1.4139729 5.3906201710992185 

