Car -1 -1 0 743.0861762950935 176.51304520381697 857.6570625033291 223.9913520781376 1.3984678 1.5306628 3.5665212 6.1164303 1.5272876 23.476051 1.0442415 73.34320995537679 
Car -1 -1 0 621.737552686642 175.4076016992784 668.378062484346 207.0366039025973 1.4735055 1.5750463 3.5383477 1.7090623 1.6068332 35.795147 1.3993881 62.10984743565458 
Car -1 -1 0 152.2617598196586 176.608202669431 362.6091930346743 257.1614112985227 1.536345 1.6016587 3.4910839 -7.0363064 1.6168277 14.652924 0.008387687 79.38978927924171 
Car -1 -1 0 610.2961041498677 172.36284576676448 638.0266144272687 197.7441291098223 1.521029 1.5844144 3.8647068 0.87763786 1.4915953 45.187084 1.5513985 5.961376665666353 
Car -1 -1 0 419.4148315649054 176.22535448314687 501.33364434251905 205.23129027379107 1.4905894 1.590498 3.9717674 -7.8571053 1.6732395 38.189747 0.05390651 8.80740981875908 
Car -1 -1 0 205.06303597368725 178.24917247037715 402.6787354022808 249.13835319118164 1.5291555 1.6112105 3.8381834 -6.8841295 1.6586839 16.505774 0.005978492 5.864543940438753 
Car -1 -1 0 464.7233999644077 174.27395642129662 527.4539134184923 197.4608140748966 1.5373174 1.642398 3.984117 -7.633197 1.6349137 48.766422 -0.002594636 5.092027381323 
Car -1 -1 0 447.54981073538295 175.71126044603218 490.3236820369346 210.94073491135413 1.4615732 1.6307406 3.7318957 -6.2186766 1.5968418 32.205322 1.4444842 12.197382119644358 
Car -1 -1 0 266.3503124170283 159.9126006920508 448.70202336118916 235.13153460857393 1.9060655 1.7328229 4.2604113 -6.594049 1.5781273 19.214556 -0.030333867 1.2118815036630037 

