Car -1 -1 0 696.4226147163125 178.21492053815984 802.3300570591033 255.35524527470994 1.442754 1.5920733 3.9826994 2.909873 1.5748297 15.774736 1.5839164 128.12885965094821 
Car -1 -1 0 0.0 201.21721249763473 256.3293294423818 360.8304112505078 1.4822264 1.5675275 3.6286075 -6.143932 1.914534 9.1732025 1.5577651 98.7786216073399 
Car -1 -1 0 338.89850930140926 181.0535985536923 441.92566693826177 247.24040556442168 1.6332955 1.6549138 4.140224 -6.044716 1.8885224 20.38877 1.5704899 59.44697868270022 
Car -1 -1 0 844.2327138020391 156.29398421566998 1059.702048434303 219.86969725131337 1.5012472 1.7060107 4.5335903 8.363478 1.1102066 17.891993 -0.0004115313 119.64841118164316 
Car -1 -1 0 440.80306200721657 182.2748570591073 498.9317489851312 219.57787269635853 1.4674618 1.5998511 4.026223 -6.0116386 1.9049633 31.462778 1.6131902 30.81222228483378 
Car -1 -1 0 961.8264858919003 132.08869680977654 1242.0 248.3106847862973 1.7489669 1.6916 4.2340026 8.249871 1.1355101 11.718814 -0.0070725926 71.6325847840759 
Car -1 -1 0 484.92037012743543 180.10255370892156 526.1138186434856 207.03591767044998 1.4493729 1.5698009 3.7699041 -5.977557 1.8889394 41.814323 1.6500249 6.589610659617592 
Car -1 -1 0 273.71617527847366 191.77126291517922 400.6106021370041 268.8705458177918 1.4480126 1.5850769 3.6508842 -5.99389 1.924042 16.307623 1.5399996 8.251279223057894 
Car -1 -1 0 467.57504676891546 179.79432979017318 515.851644719165 211.92746159762999 1.5231389 1.5841937 3.7459018 -5.977426 1.8972964 36.9672 1.6525395 1.4851669550092803 
Car -1 -1 0 502.8104115852353 177.60196191653378 535.4914401151523 202.10807560399002 1.5274812 1.5933793 4.079908 -5.946113 1.855668 47.821526 1.5866939 0.9061384107943 

