Car -1 -1 0 579.6218480110583 173.15047800240964 649.089735487162 238.13884491929102 1.5653389 1.6738715 3.2905123 0.18687302 1.2747306 18.96732 1.5796872 59.260596829705115 
Car -1 -1 0 117.94284615189511 173.52337965395637 409.1042202886421 354.5604708284981 1.6611798 1.6173861 3.8698883 -3.6874561 1.5538921 8.533944 1.5672659 136.05688399250025 
Car -1 -1 0 405.54080554177665 178.2797464621613 491.01013030669895 240.7645758190021 1.5750268 1.6078546 3.5394416 -4.2927823 1.4001954 19.895784 1.5630352 92.64457680787753 
Car -1 -1 0 0.0 189.28563868502718 220.72840938005425 304.9832521839012 1.5152168 1.6184596 3.8618727 -7.9800034 1.5914843 11.511517 1.5341623 81.20955723448103 
Car -1 -1 0 472.555388040399 179.48230147145188 520.9398458644174 213.56559633404456 1.405946 1.4923577 3.442547 -4.766372 1.1694417 31.395107 1.5996491 22.943770468387985 
Car -1 -1 0 504.65850035746024 176.50578014898264 542.3632653818178 204.6114654515942 1.4705806 1.576818 4.1165724 -4.564848 1.0148494 39.676147 1.5771707 5.566684167561601 
Car -1 -1 0 394.0688638340447 179.6258424817759 454.1310968116013 212.0860025978749 1.4552732 1.5181706 3.3675308 -8.599701 1.2046654 34.01539 1.739272 9.36081414308509 
Car -1 -1 0 235.2353991876655 183.35701940154948 349.19718320542756 238.570291551624 1.4431235 1.5907121 3.7187235 -8.907474 1.3945427 20.662743 1.5893773 1.51301440934758 
Car -1 -1 0 571.3290986932542 175.0357734554627 611.1885053877887 213.02493892303048 1.4754928 1.5496347 3.689724 -0.6903125 1.0801063 29.793793 1.5319731 1.2765182268981219 

