Car -1 -1 0 0.0 192.00597774454124 275.21564297004267 375.0 1.629549 1.6146132 4.037015 -5.7627816 1.914159 8.698803 1.5643264 110.36696226970311 
Car -1 -1 0 345.1844945899143 188.71912453928127 452.33520400222415 251.00741716689348 1.4496534 1.6514484 3.8708355 -5.634635 1.9276648 19.768272 1.6169381 55.83165346658932 
Car -1 -1 0 410.5605744460676 184.85663782391447 481.67449578462816 231.68367393498255 1.4524664 1.540898 3.659069 -5.6163816 1.9022934 25.186348 1.6052432 43.22785149479549 
Car -1 -1 0 1097.6731779207212 138.56989496416995 1220.837730758995 177.4745314396511 1.611608 1.6708959 3.9581814 23.35467 0.19140339 30.752289 0.01391004 23.672645128659777 
Car -1 -1 0 447.4576847637479 182.2686568283204 503.6106170208137 221.18562687292493 1.475833 1.5373094 3.5967002 -5.5179176 1.892126 30.07599 1.6122231 26.76900602512499 
Car -1 -1 0 481.0661474284717 181.5371094363004 524.7615658361419 213.7611374194417 1.4733489 1.5561328 4.027278 -5.2749205 1.9320984 36.099888 1.5799814 15.197969123901048 
Car -1 -1 0 508.5399680510897 179.6596508751898 544.051134720751 207.32294343572713 1.553824 1.5964723 4.0940514 -4.981992 1.98457 43.60543 1.5906384 5.559194550440176 
Car -1 -1 0 783.8092641284627 158.1788869665924 887.8151808388694 195.0112483491005 1.5673753 1.680522 4.0640993 9.857042 0.942886 31.652817 0.053784102 8.388143929095616 
Car -1 -1 0 658.8188563927959 170.07645569749423 696.2371911641009 203.95567934042552 1.6854998 1.5707055 3.8489773 3.5135665 1.5473161 37.827152 1.5631057 4.776925128587245 
Car -1 -1 0 722.8182774313866 169.81609379485636 764.8726438868466 197.00342162239835 1.4514396 1.5926876 3.7638006 7.4675417 1.2892559 40.41649 1.5526682 9.675174861771302 
Car -1 -1 0 1009.6820802807838 147.769780513404 1093.8490914176139 176.63846818082087 1.5280087 1.5761516 3.5983179 23.866581 0.20031026 39.014153 -0.019739464 5.046555679497851 
Car -1 -1 0 1054.2279862209036 144.4995032740847 1165.8038997840097 178.1519460723691 1.5298823 1.664704 4.0292735 23.29224 0.2408511 33.679623 0.022572652 3.995130438681873 
Car -1 -1 0 1028.0727039726278 147.50330369672176 1129.9821264336063 177.079551582726 1.4599502 1.6177509 4.059451 23.706524 0.20858255 36.53482 0.05442631 3.0289189445891176 
Car -1 -1 0 775.1799003604982 159.36907661030858 869.6124876699134 192.81153715611367 1.5320547 1.6727371 3.9589057 10.0542755 0.91428775 34.19772 -0.161005 0.9363546324835629 
Car -1 -1 0 487.5904413909689 167.31580971974597 508.08855148257237 184.87863030051352 1.607832 1.7770362 4.29163 -10.607291 1.1008242 68.32844 1.3840357 1.0870971005484105 

