Car -1 -1 0 259.4699127902237 178.51043051603276 449.98513479647704 306.39347898435517 1.5666507 1.5599083 3.3508441 -3.4652514 1.4845068 10.494136 1.5867889 121.45296885863992 
Car -1 -1 0 696.260831821049 184.37480168347707 802.019370188229 256.1719189785786 1.3770607 1.5426946 3.4796128 2.9418154 1.3609324 15.540943 1.5528541 89.20834008941252 
Car -1 -1 0 0.0 187.3661008699438 221.79122379645057 296.01064920289497 1.427327 1.5361074 3.5294118 -7.7509937 1.4663943 11.286984 1.5601603 103.01707839370005 
Car -1 -1 0 406.75221957971945 177.31592502059638 503.038306996175 244.16748082819453 1.5101097 1.5905073 4.033969 -3.7324896 1.3316617 18.255226 1.570802 83.12885896290302 
Car -1 -1 0 473.59448154852544 176.38014878889567 524.1629575394161 215.88245486746132 1.5267177 1.5941119 3.6630425 -4.399377 1.1852341 29.628477 1.5528398 56.74321511741566 
Car -1 -1 0 637.5650863586209 176.35965032681958 678.7612359774736 205.52531368541085 1.455901 1.5939876 4.206476 2.6386611 1.013822 38.038902 1.4992746 34.2316103939437 
Car -1 -1 0 588.3025063197964 175.2970820616705 614.1009657518982 199.90375797103442 1.5625873 1.6387017 4.115756 -0.41183004 0.9327296 47.719387 1.5554878 9.34388211121393 
Car -1 -1 0 514.4126283099791 174.20046083489044 542.0591272764766 201.01809914250742 1.4950651 1.5219713 3.5011442 -4.5657816 0.8809731 41.88559 1.4841558 7.72127395858467 
Car -1 -1 0 366.7518951323489 179.87345342098698 429.89181590984634 218.0079088490688 1.4701023 1.5942189 3.7454329 -8.518707 1.2641561 29.604172 1.5459881 5.23532530073153 
Car -1 -1 0 269.41574608767553 184.57802707957137 372.09149084216943 239.64850138439667 1.4553206 1.5753845 3.642328 -8.169468 1.4384692 20.831074 1.5538955 6.704980884587849 
Car -1 -1 0 570.2365917222642 174.21188282958974 610.7317111693645 194.48442996709971 1.4861186 1.5197256 3.6813216 -1.2344421 0.67946243 54.682472 2.0399895 1.357577781116298 
Car -1 -1 0 617.5413860849799 176.13433214520057 633.5334526793441 190.72771629674907 1.4734142 1.5961229 3.7085764 1.9205207 0.5565183 74.46493 1.6125259 1.594885100307509 

