Car -1 -1 0 73.82074563429458 188.69241658287123 274.68986141950705 279.1464376435714 1.4658624 1.6396353 3.6827173 -7.959638 1.5408322 13.646507 1.5545274 53.54786486289704 
Car -1 -1 0 440.3052000814947 182.7569465072577 515.4481870190357 236.4970078132501 1.5049012 1.6009766 3.7186384 -3.8601685 1.4360479 21.996498 1.5793893 80.72279019235266 
Car -1 -1 0 128.50868085086253 177.56613165672468 440.011797470041 371.0065129175163 1.6300408 1.6932166 4.265814 -3.220252 1.5655811 8.203281 1.5552824 99.83844859048519 
Car -1 -1 0 566.4416008331895 180.3469019242069 609.1437017880904 220.12737533785176 1.5517418 1.6660969 3.2379131 -0.7875917 1.3618217 29.675419 1.5517207 28.70345129059912 
Car -1 -1 0 335.4778401238453 179.07149406006823 419.01541534591564 225.63616026493534 1.5513307 1.6471448 3.957563 -8.188001 1.3466327 25.951998 1.6011498 37.66007152879111 
Car -1 -1 0 503.104591942737 181.91519174726557 546.3439604119487 215.06539777840695 1.4807887 1.6204584 4.135855 -3.859496 1.3333582 34.186356 1.5610456 30.963814976546562 
Car -1 -1 0 400.1887674046324 182.9811634785538 454.05467416739526 216.84615541892416 1.4586872 1.5859435 3.650234 -8.147284 1.3624377 32.79901 1.5577676 5.844748309521873 
Car -1 -1 0 282.53770107843314 169.1549770698732 334.8230205335898 196.86105045374708 1.4875734 1.5870317 3.9524453 -16.79789 0.6252534 40.629524 1.4908929 2.667996616010377 
Car -1 -1 0 317.87819489059444 174.6887173521665 385.00747376066835 207.166281542905 1.4751837 1.6021435 4.0787907 -12.263852 0.99703115 34.732346 1.6263627 0.7380997172487619 
Car -1 -1 0 100.78986004958553 189.8295880215566 228.30396635048723 247.78947531451945 1.4605753 1.5318723 3.6194181 -12.312389 1.6025131 20.262077 1.5110872 1.9987512017239746 

