Car -1 -1 0 711.6560206005684 185.14023361001813 900.1456325964122 310.9008745484448 1.5523326 1.6226015 3.835318 2.7466564 1.5514011 10.826885 1.523807 119.15299594962143 
Car -1 -1 0 560.6429581439247 182.56957040532768 601.5263682533001 220.3650951517246 1.5143731 1.6369126 3.6081595 -1.1630843 1.4083493 30.656727 1.5050602 39.680827055990825 
Car -1 -1 0 358.0353749806656 189.8717382801809 450.88579205721965 252.70726517043494 1.3953784 1.5384096 3.4665124 -4.962734 1.5235012 18.00402 1.5094796 84.65532141535111 
Car -1 -1 0 42.64426994027303 190.02346820000935 339.2942211111336 355.1610396751031 1.4965609 1.5775015 3.5087543 -4.500494 1.5648067 8.411549 1.5194683 135.38241643566113 
Car -1 -1 0 429.69602808887674 187.25318329759418 491.754461993874 232.11723925932924 1.4012129 1.5380961 3.9070697 -4.9316664 1.4766659 24.626842 1.5138974 47.51986027742719 
Car -1 -1 0 545.1480198749704 184.92115854133087 573.6392257569886 211.94162298412354 1.429184 1.5055645 3.40819 -2.6395414 1.413605 39.77098 1.5067497 8.231540036224139 
Car -1 -1 0 599.1733447507786 184.2043612065691 622.1631274850727 204.6420829180048 1.4869409 1.58658 3.947286 0.2314009 1.4133613 54.299248 1.5373394 9.818480519328908 
Car -1 -1 0 357.8449363326149 184.8786262350785 415.57396160469585 221.41222856538312 1.4613364 1.6317935 3.906055 -9.359175 1.4478536 30.779469 1.4697318 11.129697097820417 
Car -1 -1 0 486.3090753373592 182.92579172492802 518.8166809895297 207.5033988496798 1.472721 1.5893322 3.9707375 -6.516819 1.3355069 45.086 1.5367806 6.112381400671643 
Car -1 -1 0 0.0 164.22814326356422 204.86243513544966 287.8971312582736 1.8414085 1.6206489 4.0035458 -8.944778 1.5289077 12.763586 1.4910669 29.842660374906412 
Car -1 -1 0 452.0173179293576 181.99751489952013 499.4455884797583 219.06722395238324 1.5634979 1.6265912 4.309502 -5.87496 1.4277638 32.522907 1.5050228 3.013629530675554 
Car -1 -1 0 435.0124647161521 179.91480336688517 470.35041768977095 200.18289253980655 1.4921002 1.5515416 4.0271926 -11.771722 1.1018579 54.989796 1.6504014 0.30988070368766785 

