Car -1 -1 0 791.5651358416004 181.8446738136935 1000.1372270096136 309.7533124938354 1.5192634 1.5594075 3.4557962 3.9536347 1.6730494 10.579942 1.5246685 119.08803973345782 
Car -1 -1 0 745.2828784336891 181.5862421909042 855.7313117922887 261.32628989295944 1.4746271 1.5959858 3.8677483 4.0178046 1.689221 15.754099 1.6298773 72.2136605963793 
Car -1 -1 0 408.02646748926816 182.97597589529465 499.38984815112855 243.84335599909855 1.5253339 1.6388254 3.8314636 -4.348128 1.8428079 20.680632 1.615289 84.46363143666912 
Car -1 -1 0 715.017736549215 178.91485916307263 793.3891032029995 235.03178783980601 1.4768009 1.6118113 3.7884736 4.1678543 1.6718016 21.307451 1.5871308 43.94456174075141 
Car -1 -1 0 464.31159401324976 181.44898281172635 528.8279395893944 226.35539207306974 1.4836063 1.5148326 3.6305432 -4.0604672 1.820724 26.427752 1.6555204 33.00608883904723 
Car -1 -1 0 694.199453774391 178.51175416823327 757.1865154023875 222.81223448979824 1.4712055 1.5821996 3.9340196 4.173279 1.694234 26.456268 1.5450118 21.856772684059283 
Car -1 -1 0 546.6819840237844 177.74225811636086 580.2514594499487 202.15933858501674 1.5290093 1.6392938 3.8073902 -3.0206797 1.8672132 47.947216 1.6673622 13.14894159604125 
Car -1 -1 0 496.3405914486546 181.3370676390506 544.3768137953343 217.09815151400113 1.4247687 1.5111929 3.748194 -3.8387232 1.818015 31.54821 1.6064658 18.48471236475099 
Car -1 -1 0 683.6521142430606 176.7339211624379 724.26580902556 208.59388910196117 1.5469798 1.5564203 3.4650075 4.8205624 1.7565122 37.213833 1.5445399 7.7095706676052105 
Car -1 -1 0 960.0496643901345 173.46415019805116 1027.5913913191994 204.5987467986119 1.4901526 1.5685043 3.744262 19.357885 1.5226449 36.51649 1.6190004 0.29360881447792053 

