Car -1 -1 0 675.4013090735816 191.94157602665652 761.6512961139184 252.64609378796206 1.4248382 1.54668 3.4054255 2.8968935 1.9960768 19.821806 1.4700851 86.48435084212795 
Car -1 -1 0 642.0490652895315 188.3481861170776 694.5848863638744 229.15502899434205 1.462533 1.569706 4.0290766 2.3298848 2.1399875 29.486683 1.5058632 48.58566054302373 
Car -1 -1 0 212.5396366523565 196.07577156921818 421.89549326789324 269.4050141716323 1.4527206 1.6001735 3.9118357 -6.2584476 1.986177 15.709147 0.034045123 78.99427698811525 
Car -1 -1 0 0.0 196.8337706359627 315.6033529238554 305.2081784219221 1.464608 1.610683 3.9533045 -6.7601566 1.8553752 10.936335 -0.008255241 46.21196861229084 
Car -1 -1 0 261.42955133618983 193.24553306957537 437.87741405116526 256.1361061863283 1.4534763 1.5725033 3.8412564 -6.405487 1.9865232 18.036114 0.020426381 18.273747342977646 
Car -1 -1 0 327.1177172310517 192.91523226527926 468.5944038968708 242.19995762475355 1.4404707 1.5924957 3.959529 -6.5396852 2.0902581 22.559843 -0.007420266 21.735112020620427 
Car -1 -1 0 371.79888431363514 188.1181369170399 487.3263832177886 231.55276503843456 1.5573583 1.6147548 3.9727795 -6.832733 2.162137 27.582714 0.10190593 16.32075773092815 
Car -1 -1 0 288.8024480811837 193.04490448115382 447.87518585923465 248.27083619492973 1.4430702 1.5787092 3.9442322 -6.708007 2.0348692 20.308334 0.025852505 17.58331933364631 
Car -1 -1 0 350.430424642973 189.80368496225003 477.0936183456391 235.8288041466264 1.5106082 1.6282737 3.988228 -6.754195 2.1218834 25.166615 -0.020581098 8.7045619075304 
Car -1 -1 0 424.7184468576663 190.90286792996525 521.6322373479903 224.1879669403143 1.4436157 1.6014023 4.1176963 -6.24077 2.2988493 33.25083 0.068009496 12.28920998773 
Car -1 -1 0 623.1641249190196 185.7344773387773 648.8623000001269 205.7144569579221 1.5300773 1.5286523 3.539408 2.1524167 2.6255503 59.508507 1.4335366 0.5295381949612127 

