Car -1 -1 0 759.5636617367755 186.84802784312896 1104.4259962526028 375.0 1.4197468 1.6556586 4.3324246 2.7820148 1.6053634 7.391033 1.5871207 96.64474285207514 
Car -1 -1 0 268.5155547422412 169.93760393250238 452.1169785616554 227.465848863547 1.4410129 1.6348433 4.2672377 -6.436455 1.3679606 18.959139 -0.03210709 42.281547580807484 
Car -1 -1 0 328.9446312413182 170.47953016430873 486.3093566927108 222.0217837939368 1.4634578 1.6419729 4.2129107 -5.8830047 1.3960385 21.3619 -0.02578345 36.56486658585769 
Car -1 -1 0 772.6453138709461 178.49379515990663 980.609234761576 245.07012435135152 1.4521338 1.6241674 4.2090936 6.0606318 1.5889459 16.689531 -0.0008113644 52.99393532824845 
Car -1 -1 0 750.993627341932 178.02548074820726 875.6463159640023 222.14764696343659 1.4110299 1.5556128 3.7132359 6.766687 1.5905725 24.166153 -0.05797853 31.8861743671991 
Car -1 -1 0 735.0495141491232 174.19170193187728 846.667097573113 217.43863390103104 1.5290673 1.6111225 3.6577451 6.5993233 1.579847 26.478739 -0.058550797 21.21835736195958 
Car -1 -1 0 0.0 168.25538318954924 335.6237988082391 307.3974049629693 1.5286856 1.6305454 4.020221 -5.6584187 1.4781628 8.800885 -0.029245298 84.44474328793923 
Car -1 -1 0 864.1962673796186 182.50395168433081 1145.438641940029 278.5821551613295 1.4870703 1.6202358 3.902531 6.5772357 1.6656479 12.359799 0.09558584 30.232253034447318 
Car -1 -1 0 690.6695196860142 172.55541794282212 767.3002147313562 203.96679208678745 1.5402821 1.6371179 3.5779178 5.948841 1.5256407 36.20594 0.0034661146 11.781567196029423 
Car -1 -1 0 411.04502941047645 163.53671734606738 513.2884004499421 201.82040986904997 1.5933652 1.6274645 4.0956864 -6.2561607 1.2055802 30.942398 -0.04849037 13.280276679278314 
Car -1 -1 0 393.54102887919464 170.7109416129647 512.4016135696593 212.8810287869856 1.4621112 1.589418 3.8879442 -5.574396 1.3878075 25.938345 0.06609162 22.329633660369232 
Car -1 -1 0 637.585696134736 171.2310180926122 661.2893388556305 193.96846730755166 1.5362877 1.5930197 3.738531 2.8303576 1.4266284 50.67461 1.6445887 6.011387239622702 
Car -1 -1 0 441.7481758677372 168.27883880787277 528.370658468273 199.8406500398865 1.5365707 1.626285 4.0114903 -6.169829 1.3138311 36.014156 0.036837514 3.0980659904130414 
Car -1 -1 0 479.0134143325937 167.9947355527269 546.3764533466199 194.07951573855718 1.5714912 1.6215285 3.887222 -5.9186544 1.2787421 44.34633 0.03428475 3.6125386330422242 
Car -1 -1 0 402.9832861124694 167.6919599811824 511.47586563558804 206.66332766774633 1.5082185 1.5866637 4.0159335 -6.011192 1.3084439 28.7768 -0.02979484 0.2990448772907257 
Car -1 -1 0 316.294929690169 168.85726629972748 459.23252016245914 216.2602931133778 1.4853122 1.6269988 4.169912 -7.1346455 1.3600796 23.496258 -0.035901092 0.2539466842473855 

