Car -1 -1 0 669.7274363003933 195.60336527433142 776.0971286041251 274.74440385123376 1.4658163 1.6467814 4.3211737 2.4845808 2.0649946 16.813658 1.5326977 76.01848789005788 
Car -1 -1 0 709.2249706967274 193.9547225047098 881.0904379844093 327.68786581969204 1.5701247 1.5581827 3.5740862 2.5830681 1.9406294 10.856432 1.5361614 90.82151350491755 
Car -1 -1 0 283.82748405290033 201.558741456176 457.1511712163104 323.31547458860166 1.5181915 1.6578611 3.9545283 -3.7160454 2.072802 11.940555 1.5418384 109.33578424796352 
Car -1 -1 0 804.7772130672671 201.54307940323235 1199.7535324760804 375.0 1.5466557 1.5748625 3.2327614 2.9573226 1.8597579 6.2328005 1.537358 96.6777951327562 
Car -1 -1 0 392.80807926388684 201.02824579586886 496.8709066678537 275.38004357214606 1.442616 1.6082101 4.074851 -3.8668811 2.208737 17.582224 1.5700724 60.24816269129005 
Car -1 -1 0 471.5690542484643 196.4942489536612 527.3187242199078 241.17977394060242 1.4820005 1.5598505 3.9939122 -4.20222 2.4661722 28.040947 1.5700552 18.108561807957418 
Car -1 -1 0 660.7455395605343 193.8854083052634 732.9813196893904 249.92888607663056 1.4967626 1.6346123 4.101392 2.6721232 2.2254906 22.917448 1.5284142 23.947392746960606 
Car -1 -1 0 650.3163774799262 193.05715733676138 702.5771270028164 236.27606808358163 1.5034697 1.5588894 3.672864 2.5981302 2.3603318 28.7275 1.5186412 13.884926370082551 
Car -1 -1 0 440.09436175428937 198.77469347564286 505.589754058712 253.82680510470325 1.4853461 1.541354 3.656493 -4.288063 2.3810809 23.075745 1.5298611 8.818414660287958 
Car -1 -1 0 615.8854824827611 192.25190993683316 654.9789876490861 217.10740747426794 1.5422941 1.6117865 3.8538418 1.7514746 2.9444134 50.080956 1.2962997 2.4038396934479573 
Car -1 -1 0 550.892821458315 192.89459158978158 585.9254047133505 209.16339645938646 1.63939 1.5768564 3.941385 -4.5200195 3.9082587 79.67629 2.2760653 0.8237465612884313 

