Car -1 -1 0 713.6298293973917 178.18719871845164 843.9691375881854 271.2183457335192 1.4410703 1.5808953 4.0338855 2.970177 1.5555241 13.447495 1.5972818 124.1628664760399 
Car -1 -1 0 304.84071599483167 181.69489311424164 427.32374015408544 258.21772302969003 1.6469032 1.6321981 4.0583577 -5.9178596 1.8930305 18.044113 1.5884295 92.99008028681747 
Car -1 -1 0 885.4182541625238 152.10116779593707 1141.237221103059 224.40514208380074 1.4676036 1.6963536 4.5500135 8.525908 1.046369 15.501956 -0.0036205358 137.04152278870671 
Car -1 -1 0 429.37989786345395 182.00226137736126 494.30691359784413 223.56250379126337 1.5087967 1.6254951 4.014119 -5.8768773 1.9041514 29.138338 1.619047 27.900574952895415 
Car -1 -1 0 498.85791832205575 167.35310413044422 515.717495996351 182.8706539752623 1.6194932 1.7449176 4.310042 -10.9846115 1.0453904 77.55776 1.4332647 3.123126079922894 
Car -1 -1 0 462.5679517883643 180.35272282769034 510.12356512228695 214.22031889852613 1.4960591 1.5786123 3.9242501 -5.863941 1.8773328 34.71618 1.5816023 5.290294999282604 
Car -1 -1 0 482.0425904734934 180.08866298850862 522.3627527319696 208.99679230932026 1.4712408 1.5503553 3.6976428 -5.8308616 1.886384 39.531284 1.6024054 7.54044452016949 
Car -1 -1 0 733.9600899192682 163.8051499829931 814.7312398149585 191.46756793139647 1.5445142 1.7117329 4.2744865 9.368134 1.039277 41.257492 0.05443161 1.5071972979439532 
Car -1 -1 0 207.8291488085345 193.85084613712218 370.7478375960044 286.94254101240364 1.4328101 1.5853646 3.6944366 -5.9244633 1.8895903 13.823652 1.5366671 6.575463964273539 

