Car -1 -1 0 161.63163845856783 184.79006407012537 395.25883076085955 265.5009316942967 1.5109632 1.6309669 3.9965906 -6.591629 1.767391 14.632813 0.026581539 38.935796933157604 
Car -1 -1 0 803.4528843014577 191.1343205577588 1011.3316808941679 267.00239328195704 1.4692876 1.5895681 3.7251627 6.155427 1.8754132 15.2014675 0.018232934 46.26803143791622 
Car -1 -1 0 0.0 188.02708346438598 275.71114158574846 312.40370365242836 1.4921715 1.6138824 4.005986 -6.8844857 1.7152226 9.737719 -0.03128984 48.0700476544386 
Car -1 -1 0 744.5152200831718 190.68372768886647 900.1626480588385 247.1274137375353 1.4589093 1.5807459 3.8746204 5.898326 1.9825037 20.224106 -0.091908835 47.61127396385389 
Car -1 -1 0 632.4022838170546 183.48641695112806 673.1401609161104 214.33176744033383 1.4991906 1.661474 4.261196 2.262443 2.1023936 38.75369 1.5045342 23.316805035940494 
Car -1 -1 0 63.40917702334465 190.6006082075987 368.44952054252974 286.6499032961166 1.4382532 1.6089234 4.1766987 -6.362979 1.7549803 12.002554 -0.033944495 48.685461683847265 
Car -1 -1 0 902.469551484102 184.58612080622453 1242.0 311.0313473610139 1.5283482 1.6252458 4.0221667 6.3259773 1.7032784 9.826307 0.06017079 60.55471574803952 
Car -1 -1 0 717.043815120856 189.30698758405802 853.4901343451143 237.14873095115678 1.4312656 1.570925 3.9613526 5.572501 1.9797473 23.135406 -0.06787856 43.166065215311065 
Car -1 -1 0 850.7112033603001 191.34612928300356 1121.4447396204284 287.17186088410665 1.4820327 1.5930612 3.8205225 6.3094454 1.8207269 12.353618 -0.03440696 25.560670282006207 
Car -1 -1 0 437.24107989769044 183.62908643161836 526.5488327568142 215.54825746685134 1.505791 1.6500032 4.077321 -6.24102 2.0498428 35.53711 0.034352094 12.01984465574663 
Car -1 -1 0 259.89855133423794 179.3771309956497 439.3157746870916 248.04203358546536 1.7125192 1.6962268 4.165426 -6.7755394 1.8942176 19.137913 -0.054427996 44.70237237990202 
Car -1 -1 0 792.155470912059 190.301467430304 977.6950851155113 255.58975453121812 1.4822798 1.6114427 3.9410775 6.668517 1.9319282 17.72174 -0.034603566 15.135814194866278 
Car -1 -1 0 716.4677045233434 179.5369388907283 842.6097597009965 231.1582786105515 1.7339176 1.7087188 4.010545 5.9557796 1.9799188 25.531158 -0.08884033 12.388872863299856 
Car -1 -1 0 425.87062403078863 183.5661038805464 515.1800831539921 219.67649856874323 1.5851176 1.6242088 3.7642932 -6.306553 2.087065 32.985806 0.006327315 3.3118760808758045 
Car -1 -1 0 303.7335277997472 173.40835794118354 462.2484223613667 236.65263615676292 1.8218391 1.7092036 4.2292204 -6.7101607 1.839165 21.675653 -0.009861377 3.7860886298200986 

