Car -1 -1 0 0.0 201.68888636739857 263.9540741898108 374.3911235680112 1.5026532 1.5537683 3.5483649 -5.749568 1.9203706 8.663918 1.5517467 109.08341941315707 
Car -1 -1 0 306.9082772603448 186.96733686408194 439.09086598586356 259.12991719293905 1.4780216 1.6305859 4.063447 -5.6196404 1.8649042 17.687826 1.6523199 104.91968640022988 
Car -1 -1 0 695.0911223047273 179.97807128263403 800.4265558270617 246.37936490870862 1.4277737 1.6276207 4.0684257 3.3110478 1.6264482 18.04158 1.509119 58.36577655161217 
Car -1 -1 0 743.4682150719575 182.70970938420083 909.3236118843747 283.7805030330675 1.4035432 1.5651217 3.6300087 3.4725149 1.5959392 12.233178 1.5203481 117.62023422217081 
Car -1 -1 0 666.894000197363 176.36613200807048 725.0819626174481 219.76683730257096 1.4721 1.5617684 3.6451325 3.117662 1.6107464 26.62883 1.5271238 55.182274476317865 
Car -1 -1 0 457.7659801592529 178.50186023957903 505.6888860074979 215.36522476649267 1.5512447 1.550633 3.625619 -5.7395134 1.8217168 32.736866 1.5652376 25.534186153665484 
Car -1 -1 0 487.9536965565295 179.39365073493738 526.7207102840943 209.73278678361933 1.4893297 1.4719055 3.4353797 -5.324154 1.848588 37.902912 1.5951054 7.0281943530731 
Car -1 -1 0 659.6108397506182 176.14507164360526 705.3429749340131 211.84082576709736 1.4934616 1.4779837 3.222773 3.2008858 1.6477365 32.159225 1.4925815 10.491409473504996 
Car -1 -1 0 13.27051453873113 192.53141219285544 186.94449369125024 246.21992420925213 1.5032979 1.6221485 4.04553 -15.234285 2.1197653 21.726128 -0.03366662 10.448781606685522 

