Car -1 -1 0 705.9071782516519 187.15468165135414 823.0422707736448 268.87039126968244 1.3739567 1.5348756 3.4193437 2.8978014 1.4160287 13.882931 1.5775363 77.5903101023093 
Car -1 -1 0 443.69230796834466 177.65786991023157 513.9788442530134 235.1629450034484 1.6167439 1.5902736 3.318163 -3.8253155 1.404257 21.880714 1.5565788 97.34512701295127 
Car -1 -1 0 28.677040124592875 179.57850683688375 250.01552628605575 281.23997628758224 1.5535603 1.6223298 3.7462845 -8.093282 1.4674144 12.884819 1.537008 116.3773787826174 
Car -1 -1 0 264.57068605199015 185.46102939262653 448.0866977434527 298.72390020587136 1.4702739 1.5858968 3.7180557 -3.6720324 1.4747341 11.204342 1.5635312 95.6979971417839 
Car -1 -1 0 655.0400984991726 179.32004961204427 711.265313705637 221.5118820393964 1.4558214 1.6005285 3.9283218 2.754147 1.2523931 26.784698 1.5495695 58.65195666368874 
Car -1 -1 0 481.1883557133639 177.90115064986344 538.4709626502948 217.36088846569996 1.5359831 1.6067884 4.086397 -3.9935837 1.251262 30.070827 1.6329038 30.539271723920315 
Car -1 -1 0 379.7883566252951 178.91693450712526 442.6594811698174 214.52969325214497 1.4532596 1.6449256 3.9217696 -8.447525 1.1962242 31.300982 1.5775903 20.46850705673079 
Car -1 -1 0 273.85279908098005 182.77120679921254 370.7126107907549 236.4369422853294 1.4426997 1.522469 3.402599 -8.2221365 1.3769842 21.036102 1.5578034 16.818459409462452 
Car -1 -1 0 584.6834981602943 176.80788781474035 608.9905506854865 199.4760544242801 1.5438827 1.655592 4.2352977 -0.7224689 0.97124386 51.084114 1.5626862 9.94533225494102 
Car -1 -1 0 433.0925559368696 178.77134327774175 473.12104009632856 205.882008643267 1.4856372 1.5644003 3.8564696 -8.806934 1.132493 41.339836 1.5457088 2.864208211706841 
Car -1 -1 0 456.60371644397566 164.55176980304446 491.91637188936454 187.1990563801273 1.5012152 1.6289475 3.890911 -9.127817 0.13147038 49.615807 1.5957491 2.020534788252474 
Car -1 -1 0 566.195692611853 176.55515299711402 594.485475899293 194.5955479311439 1.467718 1.5052451 3.4551203 -2.2242444 0.76311934 60.338806 1.8036684 0.315055251121521 
Car -1 -1 0 622.8831786099781 177.29857404727287 649.8352510494614 197.82161976804082 1.471842 1.585344 3.6116657 2.1346698 0.9040532 53.415924 1.4928858 0.3063787817955017 
Car -1 -1 0 343.6943080960443 159.6735835393619 375.2862198202568 178.23411997175228 1.6212947 1.7225906 4.208391 -22.892105 -0.6675037 66.57257 1.5043501 0.2565285861492157 

