Car -1 -1 0 703.9818002417915 172.92673274508982 829.0314665406354 260.77019729131797 1.518712 1.5901052 3.9655278 2.977328 1.5203719 14.472656 1.5553607 126.25305263901753 
Car -1 -1 0 238.90611064043793 175.08758103505983 418.2793395240091 300.78105678908844 1.7368058 1.5713671 3.7599719 -4.4113526 1.7796192 11.933981 1.5491878 133.89979283326704 
Car -1 -1 0 814.8780054683169 174.3268458926137 1242.0 375.0 1.54557 1.5850439 3.632414 2.9557862 1.5612397 5.851221 1.582407 117.5814676620118 
Car -1 -1 0 679.3422459345253 172.0125146345995 765.359145392193 231.36528295762866 1.5250186 1.6365261 4.1349473 3.1060338 1.5033972 20.642591 1.5242643 57.73619634710838 
Car -1 -1 0 365.2800576776081 172.53041714187262 479.8792046189205 254.91892337019297 1.7498481 1.655089 4.0901976 -4.3422785 1.7429755 17.37997 1.5832461 99.22348168120844 
Car -1 -1 0 583.1485269011121 174.06724674649507 605.9198341009666 190.81252021887735 1.5420799 1.6171491 3.764227 -1.4582536 1.6609964 68.72869 1.3979464 2.3635579993971993 
Car -1 -1 0 642.6423223261196 171.60461863699805 681.4615954151527 205.71263735811615 1.5906277 1.6083839 3.8129804 2.536002 1.5323626 35.561337 1.5633566 0.8764663055277144 
Car -1 -1 0 512.9814803805784 173.1971970958794 541.6839573473504 197.271569880656 1.6805123 1.6943254 4.0928946 -6.03141 1.7065703 52.60697 1.3612266 1.1549518847073357 
Car -1 -1 0 601.8658365438747 170.92074037540414 633.4428941709081 191.60577692999146 1.5679128 1.5392096 3.211281 0.605022 1.4213727 56.455624 1.2622843 0.6085848110875324 
Car -1 -1 0 743.4243591324843 156.93566218911826 803.7979500849644 209.07091494679278 1.9334803 1.7462546 4.073585 6.472101 1.343135 28.850712 1.6394229 0.8145388012736199 

