Car -1 -1 0 381.87398167725195 185.85873164516417 478.5019434819095 239.27551472346465 1.4782641 1.6567073 4.191532 -5.635006 1.9356829 23.203094 1.683697 64.66445634990671 
Car -1 -1 0 227.88980490906778 193.9930361632348 383.5731570285862 284.9819228342501 1.4508272 1.550024 3.560614 -5.751031 1.9165194 14.11408 1.5694213 94.51335619683272 
Car -1 -1 0 706.0795741275123 183.4649675225736 805.5048356674438 250.03945430027088 1.4135528 1.53343 3.5755353 3.4738991 1.701227 17.73244 1.5128171 85.6461876420862 
Car -1 -1 0 792.3080664713888 181.0839059795819 1102.784050028529 372.14354720942407 1.524927 1.6440411 3.982394 3.2887676 1.6385181 7.945586 1.598561 136.4745837755154 
Car -1 -1 0 658.7622910465705 178.6699120301808 703.7284200194418 215.10961361854197 1.498739 1.5437689 3.617055 3.1325293 1.7721441 32.089863 1.542655 37.618782818773674 
Car -1 -1 0 676.8864316816746 182.30000064854397 751.3854975964357 233.02007810600398 1.4553735 1.6477921 4.137473 3.3152328 1.7918518 23.595371 1.521661 21.92022874323232 
Car -1 -1 0 481.4954723294217 182.31747108450224 523.0534366099699 212.5735129036678 1.4751309 1.5267212 3.738631 -5.6355963 2.001769 38.258537 1.6056019 9.576297157450826 
Car -1 -1 0 501.02760143680393 180.60509566927752 537.5044011242206 207.44718480839768 1.5144069 1.486533 3.3748953 -5.398889 2.0001538 43.468136 1.664044 4.112790857573328 
Car -1 -1 0 520.7565431616388 176.04120204589088 571.2954714922349 194.31609283716426 1.5333642 1.6426902 4.083991 -5.519474 1.8170738 62.658237 0.41160858 3.329234922755652 
Car -1 -1 0 652.7242514626997 179.5559448948344 694.4769778605743 210.3390118513117 1.4893668 1.548984 3.6502776 3.2882314 1.8563013 37.617966 1.4820876 0.6101677263055059 

