Car -1 -1 0 705.1533680869462 187.03147617698386 817.301363370068 269.9307722312178 1.3985502 1.5474914 3.4392068 2.9111152 1.7170774 14.486662 1.57681 77.12501202013745 
Car -1 -1 0 767.5773677149139 180.37095552192417 937.2776943670962 239.49066207763352 1.5094578 1.6429818 4.0821657 6.487959 1.7235101 19.604267 0.059898872 93.35931879202661 
Car -1 -1 0 0.0 195.4352668943517 333.30665299291746 310.4302494297833 1.412821 1.5762273 3.9578638 -6.0969706 1.7495465 9.967554 0.0018707786 105.04867875649957 
Car -1 -1 0 316.81069734299115 182.17811677019378 474.3701358444224 233.22615489210202 1.4609509 1.6318495 4.2718935 -6.3771925 1.7534704 21.796476 0.011237694 24.7310986788563 
Car -1 -1 0 133.90922993470514 187.42945564308545 413.7825348628149 282.87973931698326 1.4663781 1.6118355 3.974632 -5.5117717 1.7290537 12.171179 0.0132702105 82.58320633257695 
Car -1 -1 0 250.29209698060973 184.02067110862416 452.89013334101946 251.44390479141643 1.4665108 1.6302669 4.1816015 -5.969969 1.7437744 16.962578 0.066811144 41.15947852537125 
Car -1 -1 0 265.94836451320685 182.00861293905834 438.77039608930676 240.18874485889617 1.482362 1.6150604 4.094466 -6.8628454 1.7407193 19.507956 0.023276528 15.221133020409221 
Car -1 -1 0 636.137167974797 179.74104069688923 668.2686560614563 204.79487412971912 1.5686299 1.637178 3.9819808 2.814437 2.0496185 48.346222 1.4972471 9.239500165336395 
Car -1 -1 0 350.6300667739807 181.9093305228446 484.7014475463672 230.00674140422728 1.5379221 1.651345 4.0594363 -6.3905983 1.853987 24.295225 0.031478465 11.559685767535925 
Car -1 -1 0 183.38882920421509 183.73224027476613 411.3984417881744 262.64680377884844 1.4728543 1.6026223 3.9572632 -6.2370596 1.7079486 14.658916 0.0683372 26.52268807209407 
Car -1 -1 0 388.7567269848896 177.71104750388562 501.4293493071138 221.47611334966888 1.6850827 1.6745182 4.1748414 -6.520048 1.8860923 28.92501 -0.04775861 16.55821533414947 
Car -1 -1 0 406.7613315780114 177.26120758519528 510.6948275950596 217.00369452171364 1.6673179 1.6843137 4.139507 -6.514943 1.8649907 31.42104 0.048507217 7.231151537879014 
Car -1 -1 0 477.9446941211931 180.7081528022687 547.7244243423055 205.64838616931908 1.512459 1.6355634 4.1026516 -6.037954 2.0157075 45.29065 0.06100109 2.9563435367311803 
Car -1 -1 0 691.428641738808 182.5320985952357 789.4528995509748 217.37536397861803 1.5128033 1.650217 4.109156 5.906373 1.9658692 32.818848 -0.06603576 4.623043728291974 
Car -1 -1 0 693.2072260188663 178.4117604135308 784.3378820446401 214.72909076615693 1.7030189 1.6968995 4.068183 6.261503 1.9821155 35.193542 -0.09638979 0.3723360300064087 
Car -1 -1 0 711.0217490546046 184.7371300589325 815.6443101634732 222.0895539255666 1.4640937 1.5973 3.9563808 6.3765926 1.9776508 30.08252 -0.15825304 0.25914227962493896 

