Car -1 -1 0 454.09873941571044 189.2435188281252 526.9488223139676 243.09358428659618 1.6348046 1.6577837 3.8131387 -4.0408726 2.2485135 25.05802 1.6411393 81.94754896741006 
Car -1 -1 0 798.6823170927222 197.02465301541332 1050.2945880531765 351.03309164252994 1.3963451 1.599519 4.0611525 3.678605 1.7753762 9.252083 1.6132398 89.70982757557913 
Car -1 -1 0 743.8976435827562 188.93868103829482 864.7463932393026 277.93264887957145 1.4917815 1.6025532 4.125498 3.8618586 1.8721797 14.959883 1.6266886 119.00951691117264 
Car -1 -1 0 494.7344257270999 188.23189892306877 547.521694041843 230.956034059602 1.5848454 1.5908674 4.034916 -3.638311 2.2737393 30.279776 1.6049392 24.833486189007814 
Car -1 -1 0 1059.8372477627279 181.88647775253185 1242.0 268.87751788277296 1.4612277 1.6425061 4.1049676 11.482092 1.6651816 14.402425 0.64477444 35.50343534383705 
Car -1 -1 0 691.7259954048615 183.60101764210594 725.629181831947 211.12373561004057 1.506419 1.6985626 4.162187 5.895669 2.1827755 43.28179 1.6300449 14.666846222385896 
Car -1 -1 0 197.61821545348738 194.53636932227687 319.11642838484414 234.58981657099858 1.5440718 1.6739953 4.195077 -14.437814 2.4695547 29.830406 -0.063036755 16.233319848481543 
Car -1 -1 0 535.1071629652168 188.16136464482446 575.4029554694874 218.5366177080986 1.4991395 1.6182426 3.9050598 -2.9316857 2.38301 39.650665 1.6524574 5.944549174773578 
Car -1 -1 0 598.5572439629922 185.25592701885506 622.5753261105532 204.1532987953273 1.6149739 1.7032914 4.2127905 0.12610942 2.7999868 66.74556 1.6988437 2.675542878412 

