Car -1 -1 0 628.846030719558 179.28682959017812 689.498976063363 222.6413889772085 1.4658685 1.6638114 4.4350796 1.7901739 1.7299646 27.34682 1.4929557 63.319051468103225 
Car -1 -1 0 902.4068424585984 188.74594605061367 1242.0 330.9253334016149 1.4927118 1.586534 3.826406 5.779829 1.7066627 8.752123 -0.08990222 100.47137680171146 
Car -1 -1 0 805.2844697942973 188.60213224144238 1099.765022961426 286.90992734134915 1.4250896 1.5771381 4.040615 5.4085197 1.6995385 11.663051 -0.06161393 71.07897423109031 
Car -1 -1 0 330.8970636861396 183.58287632291342 469.5134380337486 229.01672146012916 1.4303164 1.6135794 4.124309 -6.860828 1.7979406 23.91104 0.002725407 25.55013178010067 
Car -1 -1 0 291.3562222645051 182.77087694314372 450.4681172458311 233.79298734111296 1.4252049 1.6078846 4.177391 -6.961529 1.7299955 21.329927 -0.020316575 52.43251920688748 
Car -1 -1 0 789.3849952451923 173.8646695463438 1027.8924134168167 266.08616945936205 1.6737113 1.6598508 3.9675298 5.711257 1.6947334 14.061975 -0.059374377 32.88880129827586 
Car -1 -1 0 0.0 158.21149280510022 297.6354383562256 300.77163743323604 1.8220718 1.7055935 4.2243285 -6.884924 1.6349248 10.188383 -0.054388218 53.28228624188882 
Car -1 -1 0 616.2548084961513 178.14891523363124 645.0473608197041 205.13214961494805 1.4851675 1.528749 3.5939012 1.198858 1.8083417 42.231094 1.5562643 5.544987396333217 
Car -1 -1 0 614.0917947432608 174.60721566151793 638.7004795449154 200.67198887065445 1.6411295 1.5511132 3.675167 1.0774485 1.7610663 47.519222 1.57524 1.1118094492532078 
Car -1 -1 0 362.5796223858089 179.38065215060792 465.81823763965616 219.95948711314352 1.5753183 1.584164 3.7243648 -7.8308764 1.8462999 29.119192 0.025070446 0.2634628713130951 
Car -1 -1 0 502.5916295990407 177.1812386977701 525.2942477127419 198.23436908977285 1.4973996 1.538668 3.6955845 -7.1279016 1.8327998 54.01519 1.478935 0.2587175965309143 

