Car -1 -1 0 92.88165762260707 193.26664089304714 369.8054964270733 337.92426304978414 1.3945646 1.5542973 3.6818044 -4.3404202 1.5158315 8.981654 1.5640913 115.78891286851947 
Car -1 -1 0 323.56559750964567 180.95312109233794 442.47241030413255 252.66850042772685 1.4970059 1.5888977 3.706629 -5.1085815 1.4080278 16.870092 1.5851159 88.99575941873414 
Car -1 -1 0 573.9418919244484 175.11954693449164 613.2969427857797 211.39136195975107 1.566304 1.701221 3.1597629 -0.6458505 1.1303279 32.65297 1.532814 39.710171483611845 
Car -1 -1 0 150.16325720346856 185.02672691055233 301.24844968923185 252.23826697054423 1.4071034 1.521326 3.5649247 -8.768152 1.4031472 16.867395 1.620161 29.20039514762693 
Car -1 -1 0 236.76108778896818 180.81658243160385 329.03808556079355 224.9025067368848 1.5117586 1.6396081 3.7872243 -11.861562 1.3609077 26.560331 1.5911528 18.269405696680124 
Car -1 -1 0 333.52928512638056 172.13909883351778 411.98654829012753 222.75239894834988 1.7267148 1.6146055 3.6978662 -8.505747 1.2805958 26.388248 1.5897187 10.882928155507006 
Car -1 -1 0 389.7716366926009 180.19993629086343 439.21149693603445 213.26589331297296 1.4496348 1.5337842 3.5643125 -8.874731 1.2297403 33.340622 1.509985 3.890024961325121 
Car -1 -1 0 512.3028061672308 175.25831204654617 548.8564403545357 201.86367315648812 1.5614619 1.5584289 3.6651154 -4.6533866 0.97706544 44.08204 1.6565473 1.0610399196852578 
Car -1 -1 0 280.35673152410976 180.56196641506548 339.80029653366 209.99350626513794 1.5682645 1.6478848 4.0383167 -16.584831 1.3202896 40.327873 1.5761137 0.997281429959815 

