Car -1 -1 0 858.0759359497763 186.5512556563886 1242.0 351.0284508691293 1.5050924 1.5725874 3.638764 4.71802 1.6661187 7.614806 -0.0451831 121.24980971984998 
Car -1 -1 0 782.4041068854812 188.1887761005139 1104.2226238487476 304.9556942901589 1.4427502 1.5666206 3.7572377 4.479869 1.674232 10.018203 -0.04855591 45.53469173229433 
Car -1 -1 0 53.4589330002677 171.99116867670014 305.1427872259238 267.43603044402863 1.7051933 1.6893355 3.8562222 -8.172146 1.6897781 14.040983 -0.16516103 46.3032782940026 
Car -1 -1 0 460.1165835090951 176.5376955869183 498.96698503597355 203.83181009332262 1.6688216 1.672052 3.775009 -8.459768 1.9179721 46.73778 1.1661464 30.90512638721804 
Car -1 -1 0 1177.8202460160562 187.37408057467997 1237.687141674562 232.8434599694027 1.472636 1.5808508 3.9642239 22.074505 2.0517812 26.72871 2.2309 15.297909930403948 
Car -1 -1 0 1052.0497535221805 182.80741996038648 1127.2221752517507 210.25708275654125 1.4946284 1.635362 3.6859915 28.288 2.1098237 42.648365 1.4140569 18.721016053903934 
Car -1 -1 0 0.0 178.8711014428681 245.09005793188433 285.63773260721206 1.5450162 1.6354905 3.8450506 -8.180633 1.6498735 11.564522 -0.10208064 27.02422145156199 
Car -1 -1 0 149.43483500987358 176.37559700361743 348.75319835717005 252.0831870552905 1.5965352 1.6553016 3.7725124 -8.080682 1.6827973 16.499695 -0.19325775 15.781107460404133 
Car -1 -1 0 220.24804243823343 165.97032655388608 364.71656691446424 225.7073520435662 1.7808366 1.6970129 3.9344165 -9.885926 1.5756254 22.78733 -0.23158836 9.339408030866688 

