Car -1 -1 0 24.93192271682907 181.71296682558466 166.12942811522782 227.4935974942775 1.4701842 1.6495585 3.896457 -18.447948 1.8166494 26.104103 1.9389886 64.03461231307092 
Car -1 -1 0 775.239832437913 171.14654404192387 844.5761163969255 195.8412255937095 1.5157721 1.6123613 3.8746796 12.509018 1.4109674 45.175373 -0.042108882 37.094508932840554 
Car -1 -1 0 306.8027466687401 175.66434594348442 387.8119873900372 205.2840096655275 1.5938282 1.6844417 4.2140765 -14.800502 1.7586911 40.728382 -0.40178216 9.011490367785482 
Car -1 -1 0 0.0 186.45227605907985 85.10653045389188 225.70915281054948 1.4624796 1.5540948 3.6250489 -24.33345 2.0687556 30.20533 1.8868756 10.590514365547499 
Car -1 -1 0 1076.42536888954 164.90124450282912 1128.8898204123827 184.45673436908484 1.5146642 1.6465433 3.3451183 39.343967 0.89868575 57.65338 1.4378822 22.4584966509929 
Car -1 -1 0 240.11095181018666 175.87540969052898 279.004166024888 196.6979383100554 1.6299909 1.6494141 3.8165107 -28.584618 1.8855052 59.038 1.4708707 6.089807901830537 
Car -1 -1 0 833.4011674978789 168.88626629154714 871.574134627687 188.70541403247643 1.561435 1.6641943 3.6679735 19.72741 1.2488401 58.732925 1.5015297 3.844736915150828 
Car -1 -1 0 1027.788311011626 165.12582382113 1077.9905322244247 184.2638572726165 1.4801427 1.5797398 3.773028 35.402077 0.88244236 57.723083 1.5272868 1.051109574128211 
Car -1 -1 0 1186.8264975341742 167.34262006783726 1242.0 186.4345890325823 1.4795289 1.6413823 4.231252 48.739983 1.0524251 58.14083 1.7439525 0.5582524869895031 
Car -1 -1 0 998.2948229019636 165.4944429883249 1051.045896830461 185.7002845888383 1.5287293 1.6615965 3.9370835 32.50208 0.9719212 56.615234 1.4957583 0.7345648263187228 

