Car -1 -1 0 0.0 182.79514159354667 293.25233100607346 341.23122060061206 1.6767273 1.7480481 4.395336 -6.229474 1.8469809 10.135973 1.5428824 124.20831925638448 
Car -1 -1 0 246.2846477663085 185.11598090025728 390.58859786588505 266.7308046684321 1.579458 1.6663868 4.088651 -6.503585 1.8967662 16.625042 1.5733956 80.54230230633705 
Car -1 -1 0 498.1595556463757 180.62465844196367 545.419833571299 214.99488813199594 1.4342461 1.7222224 4.3883586 -3.9804294 1.8168466 33.317085 1.5532222 38.023423758280806 
Car -1 -1 0 396.9818802852413 186.74840794274135 462.92753995739304 229.2323113917462 1.4155412 1.61124 3.8998063 -6.7051234 1.9791377 27.298454 1.5461497 50.99701848227472 
Car -1 -1 0 625.4868915415071 175.56912777610452 655.4844633260681 198.6891995488686 1.4951832 1.658534 3.8459992 2.065295 1.6873233 49.092575 1.5122876 17.124191619908892 
Car -1 -1 0 475.2086723007577 181.45639241668505 511.93370108322 208.521299660073 1.4658049 1.5293106 3.712645 -6.723768 1.990155 42.1204 1.5759194 6.29063124435773 
Car -1 -1 0 702.6743836316393 170.1320357726278 782.282615911136 197.03519137636897 1.5327201 1.7020879 4.4242616 7.7055254 1.3776448 42.136993 0.08216146 7.130593511378702 
Car -1 -1 0 1076.288709179002 155.9237489591878 1190.5103003910424 203.00165734469627 1.5032685 1.5952125 3.952718 18.070105 0.96265996 25.116142 1.726952 2.6556123529157882 
Car -1 -1 0 698.3665119873618 165.24689728947695 769.5961048556613 192.38819257973643 1.6690903 1.7005657 4.201083 7.762395 1.2012811 45.272953 0.024278602 4.848331762224545 
Car -1 -1 0 1025.6680135519948 149.64978539381065 1102.63522324495 177.820188242737 1.5316541 1.7586234 4.170315 25.923433 0.2700166 41.32216 1.5636337 4.32537452027458 
Car -1 -1 0 1154.75418491959 139.9735429848313 1242.0 171.85723780643926 1.4265175 1.614114 3.8998063 28.232346 -0.05017245 34.361824 1.5796108 0.7495564787779828 
Car -1 -1 0 868.0497686991779 152.24705033863697 911.2165282000886 178.93442025827875 1.8710802 1.6974275 3.8767965 20.33611 0.42630452 52.541264 1.5889426 0.3080304265022278 

