Car -1 -1 0 684.4532353569574 181.88617924351504 783.7625867673787 256.8956118850042 1.4661119 1.6532044 4.369199 2.7545218 1.7044256 16.835533 1.5927494 122.55415572938946 
Car -1 -1 0 0.0 182.65935972608773 329.9281976091191 319.70331148072404 1.484815 1.6379824 4.1746206 -5.8201747 1.6164846 8.81579 -0.026137758 123.36869796982116 
Car -1 -1 0 762.813580924757 179.13225380405754 901.225080799431 231.95361518279364 1.504924 1.6403065 3.7401986 6.6224465 1.7031779 21.789232 0.09587325 51.57885068565363 
Car -1 -1 0 285.2915245152084 179.8267671785497 470.06442443750836 241.55449912462618 1.4476459 1.6249666 4.1438236 -5.692547 1.6317528 18.094513 -0.07067868 44.141592317768655 
Car -1 -1 0 668.0240186230886 176.78244701001117 734.0941444731352 202.29633935375932 1.5734527 1.6906815 3.9416075 5.7533865 1.82688 45.65901 -0.021754613 12.17472716724963 
Car -1 -1 0 0.0 179.60111747540185 303.1971243480865 284.3865205645662 1.482565 1.596295 3.8627331 -7.030577 1.5957779 11.215287 -0.04896135 22.159020909348424 
Car -1 -1 0 109.26937463951444 179.27257084686008 375.2952611201897 265.8245708782326 1.4866534 1.6122402 4.092666 -6.6363997 1.6125606 13.334356 -0.0064940974 41.66592253153633 
Car -1 -1 0 149.23420204800814 174.27176031204695 365.36666114333013 249.48519447009238 1.5196689 1.6301763 3.8882809 -7.4827137 1.5524144 15.641115 -0.11023429 16.50414679495671 
Car -1 -1 0 453.2486239717173 175.1336390899042 537.61547638609 206.91094362540227 1.5117491 1.5878536 3.8438976 -5.544082 1.6260686 35.317005 0.038207777 8.193642729950657 
Car -1 -1 0 380.7178669737985 175.46714529945967 499.4146377284536 214.3323736236514 1.4579003 1.6354172 4.318348 -6.540216 1.5635701 28.188278 -0.080729835 7.44890505604542 
Car -1 -1 0 408.74857664425105 176.6405395953239 519.245850278957 212.27596840124582 1.4569533 1.6955816 4.4080734 -6.114223 1.6230229 30.67562 -0.055865403 13.545878634669343 
Car -1 -1 0 450.31623367764354 168.77287609543143 530.1532572551528 199.56219593423066 1.6782109 1.701185 4.2799444 -6.616489 1.4557638 40.351048 -0.081857085 1.1525993345591528 

