Car -1 -1 0 0.0 202.16480409747476 188.45311195691625 321.10095380205496 1.5274241 1.5877718 3.9379156 -8.610352 1.856504 11.88918 1.4156992 108.80890838590545 
Car -1 -1 0 705.4339433573739 179.61018265835204 764.389218672357 230.18061125119632 1.585819 1.6886691 3.6099453 4.416164 1.4100378 24.502926 1.8285978 59.241346804445705 
Car -1 -1 0 169.18205948640139 198.91383377686924 231.80872743877822 230.79794873600898 1.5278275 1.6491401 3.8415656 -21.529896 2.29454 38.210964 1.4161584 16.057190325989307 
Car -1 -1 0 198.93533872803624 197.36293431213747 269.6142644340249 234.08979494003265 1.4724829 1.5384752 3.774094 -16.543703 2.047613 32.07616 1.4623704 7.999715865515759 
Car -1 -1 0 785.0834928362331 179.27572439308315 823.223071198174 200.9115430344546 1.4978654 1.6759839 4.171434 14.282892 1.0866362 51.993797 2.0894966 9.702412389018223 
Car -1 -1 0 33.24964580713771 200.80820273422117 170.75124379426325 258.27259920744706 1.3968496 1.5820076 3.7733774 -14.218918 1.8840377 20.499493 1.4624211 9.29847980985794 
Car -1 -1 0 63.626358471816374 196.57289332498678 164.04186513185252 238.48108054138217 1.5060239 1.5999918 3.8813438 -19.70257 1.9943268 28.911081 1.4942673 3.2439863991655473 
Car -1 -1 0 378.606410356754 182.85228083272608 407.84584983228837 208.12170308785696 1.7842453 1.6648804 3.944512 -15.6882105 1.617367 52.85008 1.3841568 2.9439176425024494 
Car -1 -1 0 113.26401536252669 198.45716642819292 171.85616276163597 226.4482470131584 1.4703357 1.5673203 3.6370082 -26.7551 2.270608 41.51579 1.3904359 0.790525459614759 

