Car -1 -1 0 702.2112850467986 175.92956658474847 840.1850765605614 265.3143132835634 1.5285413 1.6489185 4.183821 3.0800056 1.599961 14.62051 1.5147579 80.45227006833046 
Car -1 -1 0 760.2886170347093 175.76589986229112 1023.1147635343681 346.4992648646068 1.5520451 1.6307445 3.8176084 2.9898043 1.5942142 8.536704 1.5751817 96.13993191493523 
Car -1 -1 0 219.08730515053944 182.82122775752234 421.9019212765345 317.67331645223885 1.7123206 1.6310306 4.0323324 -4.315708 1.8988374 11.481394 1.5651265 116.38944801636572 
Car -1 -1 0 503.768376418475 180.71148174041932 532.1327583582574 205.66476698958743 1.496377 1.6390917 3.997602 -5.879018 2.0265212 46.62358 1.4897538 9.300819342822129 
Car -1 -1 0 580.1932021112051 181.51597424894805 604.9500518363889 199.77256322803967 1.49395 1.581706 3.6480064 -1.5073212 2.27142 62.823532 1.3835927 5.535316606517654 
Car -1 -1 0 626.1514028123271 177.44847931583394 661.1715788856725 205.38203465757573 1.6077731 1.5350468 3.4606023 2.037784 1.8991604 43.944023 1.4378104 8.965753067945746 
Car -1 -1 0 648.3500805695525 177.30933695853395 696.6747587407689 211.96716878911724 1.5734489 1.5818809 3.5241773 3.0069933 1.8015918 35.091156 1.4285853 1.8822211152635049 
Car -1 -1 0 564.904663375181 181.1727203983368 582.8958240242025 197.35581939920544 1.5469837 1.5952675 3.848723 -3.6319022 2.4119866 73.02823 1.4626114 1.1163804219921865 
Car -1 -1 0 650.2059707473463 174.32745637308128 701.5811308680043 219.12505574804055 1.7010844 1.6498145 4.0318623 2.647032 1.7656139 29.566038 1.5488431 1.066288220967295 

