Car -1 -1 0 819.8423950853614 182.80187751841808 1109.3383100712042 280.7806536543017 1.4680014 1.6159391 3.9943109 5.704817 1.6442313 11.887352 -0.043948606 119.92013897161847 
Car -1 -1 0 644.8336051421517 179.92298492072203 702.321399833899 223.2025202365781 1.4163511 1.5909799 4.0788774 2.2584608 1.6948267 26.356304 1.5330948 45.80870620502353 
Car -1 -1 0 291.22950097232723 180.8283273512892 459.623078131755 238.4314925086027 1.5049602 1.6278106 4.1172037 -6.369996 1.7342876 19.916107 0.009800719 82.68983645173478 
Car -1 -1 0 54.15025078582834 190.15226976760448 353.91561844451104 288.96515674065586 1.4307145 1.5783886 3.9100456 -6.3349147 1.7285426 11.5821905 -0.026481977 57.69705579309699 
Car -1 -1 0 0.0 188.75079063006496 278.0188712514235 323.29369715484506 1.4679638 1.5858772 3.93656 -6.4964895 1.6887321 9.059958 -0.08674105 27.358689329760775 
Car -1 -1 0 636.6153764746862 178.3185701784462 677.1797552059772 210.07878593015894 1.448143 1.6001383 4.023162 2.2825496 1.7335052 35.640015 1.5348601 8.76206658977099 
Car -1 -1 0 367.75130827194397 173.19324411332852 490.9720498626896 218.98051486422045 1.6720369 1.6874936 4.217607 -6.748717 1.6852983 27.284235 0.037308726 23.570646629611808 
Car -1 -1 0 549.6277384430754 177.42184865408854 576.2472179578542 199.56846876642837 1.4594514 1.6387075 4.117634 -3.2229116 1.7920457 50.46924 1.5601494 4.250048029133294 
Car -1 -1 0 624.8340769217506 176.06231319652636 646.9683269313524 197.21394936508386 1.5116107 1.5583236 3.8937006 1.9455703 1.7609162 54.113003 1.5813217 2.477114503549111 
Car -1 -1 0 136.71460162566382 186.86679317119527 371.5302752376193 266.32520332465185 1.4449978 1.5417757 3.8586519 -6.8632135 1.7356648 14.182532 0.006968076 2.529889838070597 

