Car -1 -1 0 557.5919175009864 176.31422243027166 625.4879665416452 239.35424490978474 1.5519687 1.6720507 3.3627024 -0.40260738 1.3328252 19.38731 1.5604033 59.783418578898036 
Car -1 -1 0 259.9111379588127 190.17179498777963 469.1384153865022 313.76055091956357 1.379617 1.6609461 4.486041 -3.2059336 1.4674735 10.474812 1.5389574 89.75412161966935 
Car -1 -1 0 409.8899369211071 180.0123386358509 515.471404492426 251.4933454977449 1.496164 1.6468989 4.277471 -3.2986796 1.3872528 17.188755 1.5753093 83.25763713147632 
Car -1 -1 0 270.972283334907 178.3815158581602 375.7099177354237 238.40011715389326 1.5364621 1.6388896 3.5954766 -7.8548045 1.3615086 20.229374 1.5337849 74.10578312194649 
Car -1 -1 0 513.625789117919 176.09695890784036 555.1077456980057 210.35036087532967 1.5063937 1.6211919 3.8436124 -3.343138 1.1053704 33.551533 1.550665 9.235614774076415 
Car -1 -1 0 341.286313624102 177.20903715072473 397.6056712401398 206.843845124532 1.5208766 1.6747044 3.9771752 -12.786226 1.1099699 38.894524 1.587615 19.549109503234842 
Car -1 -1 0 470.1082897648806 175.79399207470573 536.6362069827527 225.41958981517098 1.5387571 1.6374961 4.144744 -3.423358 1.2466152 24.366117 1.5756415 25.376475651047997 
Car -1 -1 0 253.44530499942027 179.78559204813837 323.74453353668775 218.10690828125368 1.4176219 1.5474553 3.5129733 -12.507492 1.2167457 28.422695 1.4621485 6.259307031205531 
Car -1 -1 0 393.5269445704592 175.31120334330288 453.8432122206081 211.21478347355625 1.515877 1.5894325 3.7628274 -8.160017 1.0977015 32.26789 1.6185884 9.193728942092859 
Car -1 -1 0 450.8698465316925 173.25202091801785 483.99198312029904 198.83716215822363 1.5460308 1.6283033 3.7365894 -8.775187 0.82310283 45.362617 1.4953043 1.4235366999185097 

