Car -1 -1 0 756.221090023157 165.57489533885638 797.7029227078874 187.28186603352992 1.5352736 1.6461169 4.3231363 12.300051 1.0204425 53.2707 1.4616759 7.672949884627158 
Car -1 -1 0 601.4663328052749 168.3851750304158 672.1697871037421 196.00706359530233 1.4671812 1.5733474 3.6582305 1.456373 1.2298121 39.306477 -0.108914346 46.31780022603395 
Car -1 -1 0 787.5916469018864 165.4145902478545 830.3679045327881 185.96424304312166 1.489007 1.6655262 4.048285 14.977997 0.9499546 54.39671 1.4411491 5.887027638445894 
Car -1 -1 0 832.9976662893214 165.20100749502785 877.3276122861272 185.99742026997492 1.4871792 1.6677929 4.123415 18.220943 0.9399032 53.710484 1.5045882 6.526872503044353 
Car -1 -1 0 44.83959149003105 174.91635892841833 177.61336676622122 213.2457848202622 1.4922879 1.6949317 4.340625 -20.976715 1.5857556 30.513912 2.295375 34.332107728030834 
Car -1 -1 0 1035.1695299024316 164.04103712885987 1094.3853692564803 183.7116513084791 1.443796 1.7091243 3.7338495 34.605568 0.7969364 54.95912 1.3713119 19.772647043894782 
Car -1 -1 0 991.7950062444487 165.78064016362694 1046.2394017376873 185.50432427609087 1.4363613 1.6750379 4.0347614 30.912136 0.92124933 54.603725 1.5186042 2.5295603838929734 
Car -1 -1 0 220.20798893236147 170.06862592447112 259.3936007262838 190.42693250752163 1.5048872 1.593406 3.5858922 -28.249092 1.2989919 55.224655 1.4271233 2.0951002357764854 
Car -1 -1 0 381.53899329872365 151.6521560474359 413.31907881964503 183.51629941758821 2.4857821 1.819468 4.722412 -17.219263 0.83178586 58.75411 1.42986 1.323815964518828 
Car -1 -1 0 273.9817556132057 167.90608727279732 308.52155382589643 186.76116724592055 1.5281056 1.5819218 3.2923722 -26.501831 1.1271029 60.16581 1.5132524 0.5257344603205438 

