Car -1 -1 0 656.7270324604544 179.30248776217704 726.4152547780865 235.5032580433875 1.7151864 1.7052435 4.3377733 2.7085133 1.9559464 24.733053 1.5242327 77.83078695215075 
Car -1 -1 0 274.72874593272945 185.94599220446162 444.2698979647186 245.5396890657892 1.5062699 1.627767 3.999825 -6.64015 1.8738728 19.430632 0.007587332 54.40744682383389 
Car -1 -1 0 353.758057086356 187.4952073451906 487.41490976500063 233.4225849502665 1.4350789 1.5935922 4.0552573 -6.3199263 1.9501684 24.308067 0.14225703 20.39540728618491 
Car -1 -1 0 324.0141645339521 189.37859284394918 481.8389137905803 240.34337639994743 1.4316329 1.6144497 4.2683086 -6.1159005 1.9467256 21.65198 0.015064045 14.944624527107798 
Car -1 -1 0 402.69953937450526 183.68584050190003 500.48488059092085 226.66735538832307 1.6485484 1.6189781 3.5731213 -6.275093 2.0950918 28.918386 -0.009864018 13.489665329047307 
Car -1 -1 0 489.67143796792885 180.95322943244554 533.3175054138584 212.63702955519204 1.6006696 1.6102895 3.7417636 -5.2954407 2.0641575 39.36406 1.6470776 4.512413689581754 
Car -1 -1 0 644.5432163700584 183.4838164685372 686.4074933206772 217.8011500067548 1.5472546 1.6154711 3.789269 2.7092104 2.1009357 35.654762 1.5267183 2.171672442531196 
Car -1 -1 0 409.8106541408689 184.22963164378828 512.5787053681579 224.1332910787522 1.6402564 1.6819496 4.1149163 -6.328347 2.1448524 31.09269 -0.03527853 6.203573832305976 
Car -1 -1 0 627.971002381842 182.15474872484947 662.3305864774807 208.22875816683603 1.5984418 1.6457398 4.052438 2.314105 2.2422588 47.840813 1.4587286 0.6565986732362827 
Car -1 -1 0 0.0 186.66480652935562 266.91702894266996 343.8338192724685 1.5394901 1.586949 3.706943 -6.110528 1.7153218 8.212458 0.09955916 1.1312394298281139 
Car -1 -1 0 664.5170373323191 174.2757168661448 704.5516918758309 187.96879947458564 1.4741887 1.6302501 4.313623 8.209756 1.6318728 78.96386 0.11774813 0.30151188373565674 

