Car -1 -1 0 465.37003919728164 179.01525182450698 523.3811032790469 221.57823766654658 1.5594766 1.5582433 3.3621178 -4.511294 1.8190587 28.668556 1.6398985 64.74524256680135 
Car -1 -1 0 740.8973245642036 182.96447548817721 894.667420870947 286.1677042883495 1.4993519 1.6316042 3.982825 3.5022125 1.7077764 12.874379 1.5813621 73.37065766534388 
Car -1 -1 0 811.1265437139322 187.64481332184567 1166.7335580787799 375.0 1.4549273 1.631858 4.0842886 3.5440636 1.6546214 7.696051 1.5665488 100.39449853943658 
Car -1 -1 0 227.168409790114 190.74015850856267 414.9108971056453 294.6091160505591 1.4235097 1.6574748 4.371196 -4.8502874 1.796448 12.845272 1.5539206 106.80978674313393 
Car -1 -1 0 715.6425364004292 180.27161700487312 810.4201395452372 247.4889791957366 1.491935 1.627073 3.828699 3.779068 1.7004341 18.360245 1.5793083 47.771800392053024 
Car -1 -1 0 693.9600533679137 181.0729828723789 765.463693476749 230.4923240842096 1.451652 1.599072 3.9027464 3.8723269 1.7455641 23.826962 1.5396205 30.250186103051426 
Car -1 -1 0 628.8169712667604 175.31859517650886 677.7636662604056 191.2502521057339 1.457277 1.6856658 4.4977846 4.0686073 1.6903425 67.265625 0.05582673 18.786241604973718 
Car -1 -1 0 491.01956668522183 178.31272769651537 541.0768303279807 213.30046348083835 1.4918985 1.5803535 3.9398875 -4.263499 1.7599077 33.410603 1.632662 21.130775601494108 
Car -1 -1 0 692.323734549213 180.36667111632295 740.825653292307 219.43495549287914 1.4587531 1.5204831 3.4545949 4.294811 1.7824917 29.351757 1.5892167 8.000983788176393 

