Car -1 -1 0 344.95198973772096 197.50469368274725 498.9306876315573 315.32392508883396 1.4522756 1.5790924 3.7001815 -2.802318 1.9104762 11.543673 1.5473642 92.42704626031278 
Car -1 -1 0 681.4502317767918 188.09654624550427 781.4313061148074 262.8808742304983 1.4613917 1.6075572 4.164688 2.735808 1.8656914 17.04566 1.5576684 87.9499158498447 
Car -1 -1 0 515.9718681745983 188.74965811360616 562.9113052287445 230.6067624237817 1.5288016 1.6240722 4.0653386 -2.8444154 2.2338166 29.955235 1.5528606 37.76565973622906 
Car -1 -1 0 422.64866916143313 191.5847313601765 524.9513758297834 265.2733976138289 1.4245702 1.6336275 4.3195305 -3.0846572 1.9273984 17.20868 1.5691923 46.12940376868669 
Car -1 -1 0 628.8598059478846 183.34782325897783 655.5160449256117 207.82369687057013 1.5928669 1.5561616 3.798361 2.2507954 2.3558826 50.536587 1.5331523 12.562377150318332 
Car -1 -1 0 650.6286215548926 187.16058091470904 709.1992657747782 231.93874366260823 1.5098511 1.575129 3.8869476 2.6156259 2.0968595 27.605919 1.4922903 26.360271495108577 
Car -1 -1 0 667.8498644938458 187.80863985097477 741.2233202753052 241.11252737933447 1.4292125 1.6082773 4.01595 2.8652964 1.9384311 22.52975 1.5297908 23.604783205580958 
Car -1 -1 0 547.415536680602 187.97461504647475 579.2144246639215 217.02416455171056 1.477829 1.5570518 3.5750887 -2.5472007 2.3610792 40.35843 1.5686257 5.729312909438798 
Car -1 -1 0 643.9478186397874 178.8614539847295 692.042967111628 223.86999241136542 1.8485523 1.5836303 3.6130412 2.532916 2.1304076 31.99198 1.4956799 16.943494921319385 

