Car -1 -1 0 679.6203866956956 171.69932075483138 768.3737285387543 237.8441419466002 1.5453119 1.6519978 3.864861 2.8635893 1.5183356 18.800173 1.5575411 71.42049386468435 
Car -1 -1 0 703.8063492110696 177.83244432678046 838.2726406381402 268.8296175280853 1.4252867 1.5266688 3.6157885 2.821599 1.5300691 13.344666 1.5238622 49.55714792633013 
Car -1 -1 0 652.7027077520272 170.76873716633042 698.5625585233058 207.65417698011095 1.4791448 1.585284 3.7961764 2.7638273 1.3955234 30.838356 1.5633512 43.897679516799116 
Car -1 -1 0 755.5957475116294 152.83643070597756 1081.6565650984917 374.43695248588347 1.7428677 1.7017206 4.32079 2.868546 1.5854313 7.837734 1.5737593 101.18898786186257 
Car -1 -1 0 0.0 180.92761938219084 304.234112808542 300.6803795259264 1.5068398 1.5901158 3.8000236 -6.468972 1.6278622 10.002252 -0.00972967 49.932085828987155 
Car -1 -1 0 327.4708923606744 168.54632022504794 469.7668625916982 224.59536312725433 1.605994 1.6536083 3.7758431 -6.211516 1.4825643 21.53832 -0.019699793 32.71750388418667 
Car -1 -1 0 93.92525136923197 174.20738207056536 364.8498351549603 275.280165961433 1.5854384 1.6376879 3.7239792 -6.2813063 1.6100886 12.242095 -0.043959707 44.44230994650238 
Car -1 -1 0 385.2563965371772 172.82182973672917 504.4380836769657 209.23764506762126 1.4230552 1.6495123 4.409521 -6.6101694 1.4217979 29.191395 0.07853391 16.35575682596229 
Car -1 -1 0 174.662901312609 163.94684116777887 421.3577809029057 253.72819155655543 1.6935074 1.6888039 4.223024 -6.105836 1.5254954 14.488855 -0.016343057 36.35723813464526 
Car -1 -1 0 276.5630884772481 171.2621789213202 450.26423180258337 233.1892334140959 1.5340321 1.6117533 3.9533453 -6.2971 1.4946 18.726557 0.02391527 8.680983148223913 
Car -1 -1 0 205.78625931010387 160.1650568907132 414.87732432990975 242.07595661297708 1.7731429 1.6707517 4.126291 -6.7416224 1.4984626 16.598394 -0.0707399 0.3678845167160034 
Car -1 -1 0 697.4334536884794 163.16023209104532 748.6559126873556 180.72835198087614 1.4797815 1.6345127 4.2840476 9.714312 0.66326475 61.89321 0.14456643 0.8210671021311444 

