Car -1 -1 0 673.8979424746115 179.69391139001272 791.5037747090688 264.52590223688424 1.5318185 1.6669178 4.3212924 2.4833312 1.7001389 15.568797 1.5374637 100.10743940924048 
Car -1 -1 0 113.31255948596855 198.0622993695375 390.31063837821677 289.23267249233663 1.4203802 1.5967803 4.0470037 -6.0896387 1.8893766 12.569035 0.028167136 76.01306087844195 
Car -1 -1 0 0.0 198.3593740262395 312.62234109107607 314.7545708538007 1.4294456 1.5908948 3.9766428 -6.4527473 1.8141947 10.0546255 0.017331328 80.91371233741955 
Car -1 -1 0 245.14308839372262 188.76442633443378 422.6560600551731 253.99791161230578 1.4899676 1.602449 3.7624846 -6.709853 1.901813 17.794128 0.043927968 60.047349559041315 
Car -1 -1 0 650.2316809633198 179.0459447516031 693.2166594217579 218.1207223366516 1.5274855 1.6037238 3.7074556 2.5869484 1.8068058 30.674362 1.5974331 22.300756015938074 
Car -1 -1 0 377.21886458736276 185.8077466188706 499.4846390244186 227.6063745388754 1.4661417 1.6363815 4.159324 -6.389529 1.9727882 27.109283 0.14571407 14.381229243936742 
Car -1 -1 0 404.85369555956686 182.87205502510213 503.7776043928382 215.51258893539674 1.4628596 1.6556745 4.3513346 -7.22851 1.9471214 33.90622 -0.06723289 11.573825652661476 
Car -1 -1 0 642.7980267431569 177.19978257818056 680.4741379664027 213.05447939957256 1.6632173 1.5508132 3.5284178 2.529361 1.888809 35.678333 1.5538843 6.635893765112158 
Car -1 -1 0 163.6373072708861 193.6604580810103 376.5519064601244 272.5586506153436 1.4825735 1.5613799 3.7035093 -6.9409666 1.9401758 14.954777 0.07330097 2.491669247409428 
Car -1 -1 0 359.13301694452605 182.95896851709767 487.38745392897397 234.36203635185234 1.5675347 1.608533 3.7012553 -6.0007815 1.9101614 23.436356 0.12496463 3.3284983396333803 
Car -1 -1 0 501.5603163138309 182.34709703757008 530.7953228684125 210.26962286800847 1.5086503 1.6252074 3.77862 -5.4907923 2.0914736 42.315613 1.4334016 3.7626518519385272 
Car -1 -1 0 547.4708972746079 176.50486352573554 570.0197659942187 192.1364139122868 1.5304623 1.5297929 3.7392833 -5.15048 1.9123838 73.52074 1.715365 0.2562739849090576 

