Car -1 -1 0 770.1792784805891 175.35833266553112 1022.0778193474786 340.9359925991291 1.5192977 1.6288869 3.973012 3.1043954 1.5565403 8.706025 1.6199901 108.67161757551133 
Car -1 -1 0 191.40214742954976 185.47303818761264 375.9478021429332 294.0872052239859 1.6478837 1.6235275 3.9681323 -5.796666 1.9169016 13.395389 1.5740031 95.97841206380738 
Car -1 -1 0 997.709109761407 145.4754985599982 1242.0 256.0272324105305 1.5131491 1.6612916 4.3502846 8.391367 1.1384127 10.720758 0.006557714 96.07137226300321 
Car -1 -1 0 398.42511486642474 183.4215398544673 480.01584336975276 234.31259064169808 1.529519 1.6686326 3.9245949 -5.6801796 1.9179597 24.519756 1.622066 36.78718663074379 
Car -1 -1 0 443.40362796876514 182.99098448411473 500.6785696548115 222.1013941569352 1.4670136 1.5772855 3.8261423 -5.641344 1.9155111 29.994102 1.592046 27.57721348342892 
Car -1 -1 0 470.3990162348047 182.2215823356992 516.486838637563 214.99619551245314 1.4502285 1.5219235 3.5650904 -5.5398946 1.9251717 34.77217 1.6090372 12.610922189155604 
Car -1 -1 0 759.0360048539405 163.67090032374588 851.7586981591785 193.83834225966694 1.4808264 1.6505296 4.2815695 9.817501 1.0300562 36.4048 0.076637544 16.253250310180686 
Car -1 -1 0 968.0307483859171 155.14263996149882 1045.110700065092 180.67095632905512 1.5111239 1.6145899 3.8220952 23.983479 0.4627169 43.652992 -0.07177692 4.6190202161407745 
Car -1 -1 0 0.0 206.3978347351128 275.47653465337135 366.6241110756488 1.4433129 1.5472144 3.7346208 -5.892289 1.9562187 9.158544 1.5798168 15.184377514015301 
Car -1 -1 0 652.5310867613703 172.41168704816988 683.376983660674 202.40924688729234 1.6825178 1.6244498 4.1255856 3.3997173 1.6577089 42.559536 1.6052896 2.3378346595810613 
Car -1 -1 0 983.1883675449994 154.69474716152365 1066.3964860182177 181.32985939656308 1.4885979 1.600445 3.9533212 23.75914 0.4737033 41.34294 -0.11259231 2.046723111934998 
Car -1 -1 0 1034.4904296996226 150.1442594485659 1133.2727252575278 182.70723346508333 1.5555754 1.6406212 3.8460665 23.239466 0.47070152 35.422874 -0.07068826 5.375260611847816 
Car -1 -1 0 516.2793170722277 178.75032222417397 541.2950044253342 202.73908417480638 1.495072 1.5864207 3.8778827 -5.3600025 1.9035318 47.970985 1.4637316 1.0360589232995758 
Car -1 -1 0 491.8397835246261 178.89917669151367 529.9096579900214 208.4476275987671 1.5492224 1.6640402 4.1937523 -5.5256925 1.9088404 40.80916 1.5496309 1.507396979865178 
Car -1 -1 0 709.0639466357358 171.79910904780155 743.8568412622633 196.06989464399183 1.4551419 1.6031079 4.1401424 7.296614 1.3918962 45.346863 1.5931321 0.3260685205459595 

