Car -1 -1 0 562.0040712086811 180.96788548096822 619.90460046336 232.67452925549648 1.5216959 1.7062514 3.271969 -0.5376619 1.3966852 22.821838 1.5339113 48.84880879445296 
Car -1 -1 0 288.1260330365618 184.43902552775847 355.4021659558124 219.1792242935423 1.4316195 1.6005648 3.5564601 -12.39182 1.3996134 31.420767 1.5464193 33.486300160946016 
Car -1 -1 0 335.61042713517804 179.4942290541324 496.56133349465836 286.8567806973317 1.587323 1.6594409 4.1363215 -3.151181 1.5027328 12.715554 1.5948069 123.3603649802155 
Car -1 -1 0 483.57203599042884 180.53998482451453 545.932614430976 228.0905714978604 1.5537329 1.7098045 4.130759 -3.1969743 1.4009522 25.559402 1.5647409 57.733102718530695 
Car -1 -1 0 53.00518345447509 183.225005978757 278.06711578163447 279.61966386166534 1.4516516 1.6132394 3.816367 -7.5317144 1.4216728 12.742731 1.5820591 54.18844280617474 
Car -1 -1 0 326.4260988241207 180.7060847232718 425.56227487067656 230.0957839954443 1.5371585 1.6079787 3.931127 -7.7352066 1.3968055 24.440046 1.7276967 13.20677026484207 
Car -1 -1 0 427.2725785975306 175.1918475160714 474.1414493728204 205.88156655845222 1.5404162 1.6517648 3.6304595 -8.192347 1.0372868 37.904278 1.5797724 6.14276568318754 
Car -1 -1 0 469.7043979306213 179.57081057914974 498.82092231908257 201.19430051317008 1.4877951 1.533201 3.5831504 -8.730589 1.099401 51.26769 1.5500355 2.1624022452893112 
Car -1 -1 0 534.1090392647476 177.69771322771635 560.828628427092 201.99898664314014 1.6723409 1.5835985 4.035963 -4.320796 1.1549757 51.590347 1.4053516 0.522819490220943 

