Car -1 -1 0 682.7289672774355 184.5762245342435 781.0036068190201 254.21465308263944 1.36338 1.5832285 4.1010547 2.720675 1.6708724 16.872513 1.565656 76.45254861649563 
Car -1 -1 0 662.8851131214203 178.43891556919735 720.2749338118424 222.49521595059036 1.43101 1.5861691 4.148873 2.8777332 1.6486467 26.040276 1.5674155 45.439002939556865 
Car -1 -1 0 552.2188558179496 176.1925567309973 588.5086290830834 203.8329024261372 1.4810483 1.5632553 3.7699351 -2.1856356 1.6800897 41.074406 1.6533351 14.067830121706638 
Car -1 -1 0 17.94721098846467 179.7421040920278 351.1135603672222 293.3324087913665 1.5134606 1.6206098 3.9889376 -6.0918074 1.6234694 10.623209 0.045585968 134.74431843290716 
Car -1 -1 0 643.1462214594151 170.3766106267667 674.6348468796616 199.86385284775372 1.7391102 1.5667142 3.721418 2.9983742 1.5929976 44.440685 1.5377876 25.147153331631642 
Car -1 -1 0 261.6325499865421 171.33693617283095 455.68596828884904 237.86040976437926 1.571775 1.6865562 4.2347364 -6.131478 1.5359306 17.939997 0.023097854 67.45405597578187 
Car -1 -1 0 284.9428371065127 174.2835431882539 446.4202059721211 230.55373722076732 1.5342216 1.6234393 4.046173 -6.852064 1.5765418 20.537577 0.0055087293 7.2512668046512205 
Car -1 -1 0 352.0646265105745 181.1180644826986 498.0337109830249 228.18844955216622 1.4258221 1.6035316 4.2520466 -5.864464 1.7024993 23.178318 0.08455301 12.735005245517561 
Car -1 -1 0 384.45205053254966 178.7629573275557 507.5104199840579 220.5523028053808 1.4199169 1.5887439 4.0646925 -5.8991127 1.644184 26.128424 0.24110016 10.491371885405453 
Car -1 -1 0 490.94524243071214 174.73985691907578 549.6382977266078 198.04512474124235 1.5113952 1.6326951 3.804371 -5.8890734 1.6391726 47.91919 -0.081842996 9.38629313369319 
Car -1 -1 0 420.68149854730797 174.25698261174216 519.0239131389377 209.69230163272056 1.5438194 1.6597304 4.1239014 -6.2125425 1.6085584 32.400414 -0.031400554 2.7974017981139054 

