Car -1 -1 0 411.32036226622415 188.31498343726915 476.82877111045764 232.3462722376247 1.5018532 1.5624111 3.5262058 -6.267575 2.1332412 27.669155 1.6160679 65.0818004833177 
Car -1 -1 0 650.7470842360325 174.98903924248802 701.0277219931593 212.64259068864027 1.5176816 1.5887464 3.9529533 2.8133543 1.6163806 31.333673 1.5090009 41.620633758077446 
Car -1 -1 0 85.4848464481246 201.10574843255054 170.18861343648277 235.93272708349528 1.4602355 1.6045231 3.8437693 -23.462051 2.9183967 35.311726 1.5617015 24.544474139641224 
Car -1 -1 0 35.415316665165 203.86622628107799 122.43664705917344 238.9667750900851 1.4738413 1.6425127 3.514134 -25.761782 3.0613837 35.173645 1.577451 28.873017709064698 
Car -1 -1 0 483.09537127041244 181.20025350860828 520.9206483653468 211.53282101099262 1.6129986 1.6194798 4.1172276 -6.1432734 2.1178808 41.577774 1.5570341 10.283750340921975 
Car -1 -1 0 448.79733058209223 186.83167924972878 500.2450257203745 221.76364576970977 1.4337428 1.587011 4.0279856 -6.151627 2.1170385 33.251877 1.5788823 31.283846386394263 
Car -1 -1 0 130.59427578487472 198.9726418474337 214.77232205558727 234.69124428894492 1.4731877 1.6412567 3.92652 -20.839357 2.797153 34.606594 1.5771967 30.720578000317307 
Car -1 -1 0 189.61677961744826 196.59866289211843 263.0109315348193 231.99192807119886 1.4620407 1.6351237 3.9996104 -18.281773 2.668791 34.615852 1.4977825 8.683006507669726 
Car -1 -1 0 822.4164728774508 161.94949694833934 861.4074212693538 181.444950794151 1.4706833 1.6529357 4.052946 18.13343 0.64807737 56.478863 1.5437984 1.1625825097663391 
Car -1 -1 0 1171.9841212916758 140.19937656685448 1242.0 165.74951637553332 1.4797915 1.5997865 4.244329 37.614674 -0.4649844 45.09802 1.5657345 0.276419460773468 

