Car -1 -1 0 404.1778775204715 187.7425406874636 503.5446055338378 253.10226724697026 1.4357082 1.7523558 4.416834 -3.9656558 1.8754723 19.08755 1.5518981 105.81820572235262 
Car -1 -1 0 475.1916994514029 186.50800332737492 526.5735760458901 226.75066021218495 1.4255527 1.5097566 3.4193656 -4.2211437 1.9958946 28.429642 1.5707167 46.302884454369725 
Car -1 -1 0 631.08918480898 178.22678734664203 664.7254324877925 208.15190775071446 1.5003293 1.606131 3.80163 2.015627 1.8030953 38.758854 1.5711567 23.43249264290317 
Car -1 -1 0 247.82957672320543 196.85656701159652 382.0511113509125 268.50961615516565 1.3830378 1.6295493 3.8531 -6.823078 2.017731 17.149662 1.5668374 60.61984067153255 
Car -1 -1 0 730.1385526063864 167.2008504177132 837.9626741565888 204.46349955691898 1.6012608 1.7254446 4.3653374 7.649523 1.3583319 31.911098 0.019437212 26.61169349485928 
Car -1 -1 0 728.8747989810108 162.02692109179625 824.152466577014 198.82010761253616 1.7378573 1.7270442 4.1938567 8.066031 1.2264603 35.069267 -0.06052633 7.496784854063904 
Car -1 -1 0 1137.1401558705743 130.43140821244862 1242.0 173.08605529188515 1.7292962 1.7268655 4.063711 25.175806 0.009407781 31.32866 1.6257596 4.1713599501830565 
Car -1 -1 0 919.7881952478647 144.83984288991275 982.8148750273673 181.08945816388305 2.0280318 1.7454965 3.942365 19.979305 0.4607432 42.362717 1.5421743 1.4705868410659855 
Car -1 -1 0 868.5875898022907 158.08380982316476 918.1897938616459 180.72040463011888 1.5215164 1.5677495 3.720099 19.788603 0.52873933 50.455856 1.4178276 1.2014861169191906 

