Car -1 -1 0 728.1239935637154 183.9529192127425 822.8758473885775 252.24618916010402 1.5673938 1.573588 3.3970156 4.225997 1.883957 18.850805 1.5304061 73.38654536829075 
Car -1 -1 0 768.8124527438976 191.54574133336416 921.4556226838095 290.19726694533733 1.4112401 1.6024889 4.1051974 4.087801 1.8070683 13.195659 1.6123164 76.37538268077009 
Car -1 -1 0 481.35700129549485 188.11715992320174 544.8302019535066 229.94080912785742 1.4830383 1.7417545 4.0817423 -3.8197885 2.1455612 29.218983 1.646055 45.57748820517704 
Car -1 -1 0 711.2907653756209 185.55908368744412 777.4071910089193 235.9444578238976 1.4842904 1.577169 3.7709627 4.41792 1.9424062 24.115713 1.5913224 23.58080915353046 
Car -1 -1 0 698.4419210152507 184.37509101055062 751.7417311519554 225.23164252257914 1.505007 1.6064162 3.755735 4.6579986 2.0065308 29.525272 1.5784268 11.006084170445911 
Car -1 -1 0 572.2289284447843 185.65460953620314 598.9545861407677 206.79155057907587 1.5234158 1.6130612 3.6993308 -1.8357861 2.5553565 56.24834 1.6685376 5.5970165150617275 
Car -1 -1 0 846.4771979053821 148.5684239667983 1242.0 375.0 1.8417935 1.7254831 4.49178 3.868305 1.6871586 6.848617 1.5608866 15.504732281097724 
Car -1 -1 0 1082.9633176673428 149.3440611141441 1235.6859868797465 236.36515187907688 1.9861698 1.6479528 3.9069977 13.9171295 1.4495788 18.55537 1.7928171 5.737444746904901 
Car -1 -1 0 521.7657760308706 187.334816897925 568.4967503000328 222.47778497543797 1.5190942 1.5337278 3.9486723 -3.0564103 2.2607589 34.913418 1.6718417 2.3443196754068993 
Car -1 -1 0 1006.3721590510936 174.9972858166052 1080.552896686979 208.44663565240856 1.4591572 1.582515 3.9714658 20.233154 1.5658107 33.82363 1.7201111 1.0534359077407889 
Car -1 -1 0 912.94588641681 180.06620284323714 959.7042633713008 205.75107191680112 1.4737372 1.5613649 3.7565336 20.06971 1.9376673 44.456337 1.6887894 0.5618557037452355 

