Car -1 -1 0 316.8987802802655 184.79926917151727 503.99194102310145 312.4980331491833 1.4930933 1.708383 4.372471 -2.7630062 1.7123165 11.044695 1.5577514 125.43287184983078 
Car -1 -1 0 505.7054932395888 183.33520061807582 560.9915084955248 228.2084446900587 1.4716461 1.5871427 3.4411087 -2.7027664 1.8775377 26.207752 1.5884559 45.62589559938407 
Car -1 -1 0 755.3840710249012 190.29536374643996 1130.3094343507557 375.0 1.4850249 1.6600666 3.9862907 2.6002445 1.6963933 6.74953 1.5689914 82.79475030739857 
Car -1 -1 0 652.4849156229864 178.86818958089435 709.5216799680319 227.5424383294579 1.6396544 1.6526017 3.5912766 2.5610464 1.8762906 26.572453 1.5436411 77.53572919449627 
Car -1 -1 0 717.0422597387876 179.4440200670757 867.4286738550869 290.177714031189 1.5728288 1.5517701 3.6233804 2.927915 1.7019238 12.300673 1.5411599 53.2162992192552 
Car -1 -1 0 640.6658123669475 176.36529954647827 681.724266818949 212.693174150088 1.7111751 1.6406173 3.8569446 2.5457544 1.8974925 36.32622 1.5301216 10.736426697264879 
Car -1 -1 0 550.7935381509316 181.3008627137472 582.4652220755378 204.24900485595225 1.4974728 1.5114846 3.6676426 -2.962335 2.1102185 50.419746 1.7111406 6.798725357726824 
Car -1 -1 0 635.7682169408638 174.7732560814857 663.4733719193987 204.37803325535523 1.9903282 1.6265497 3.9467955 2.780986 2.1306586 50.762215 1.5437934 5.750517968867673 
Car -1 -1 0 643.5985118111307 180.9315142049392 691.603241052653 220.5335173599974 1.5792787 1.5887623 3.5759637 2.4645734 1.9508299 31.355757 1.5088948 0.643764136323793 

