Car -1 -1 0 743.4352652907273 175.62080269324818 1000.6661019373157 360.4689971592496 1.6371006 1.6552761 4.030616 2.7249353 1.6774628 8.488548 1.59828 113.64311117088847 
Car -1 -1 0 660.8149955854605 172.7665345960335 725.6784309431414 229.23250065839417 1.7042624 1.5661715 3.543247 2.6570156 1.7016224 23.581194 1.527782 90.57506279193454 
Car -1 -1 0 689.1793642260342 182.9521368158416 819.2760404568285 271.2622970152019 1.45594 1.6270227 4.3424892 2.7332873 1.6909654 14.595736 1.537075 70.27538064692895 
Car -1 -1 0 0.0 191.9625474129715 294.07198395571277 336.7475178447197 1.5077679 1.6350688 3.9914296 -6.137364 1.7608478 8.65419 -0.04275849 88.10678946903413 
Car -1 -1 0 643.1325031214069 177.17237440643106 677.9658070537098 207.0266962951951 1.4513792 1.4998422 3.4302466 2.5952752 1.6849966 37.30595 1.5530401 23.670182999873195 
Car -1 -1 0 27.899613127668772 192.401120156605 345.3097816348229 293.7439742355064 1.4238188 1.5857378 4.02487 -6.4392643 1.7526692 11.299831 -0.022999022 20.72340326005888 
Car -1 -1 0 330.68698848225193 182.18822752259814 482.5730937738289 233.80601083140405 1.4853432 1.6296813 4.1750903 -6.153758 1.7843049 22.116026 0.08731567 22.455215198325927 
Car -1 -1 0 416.21942130596113 180.614454466751 517.5394111683321 214.6609709717817 1.4735458 1.6411102 4.212516 -6.408208 1.8350816 32.64277 0.07274957 14.486946764280235 
Car -1 -1 0 361.5046006911348 169.33158235233876 482.92302437747395 217.300323759375 1.7419794 1.7194786 4.172674 -6.9754143 1.614063 27.182472 -0.05833405 17.612712223522035 
Car -1 -1 0 440.16686497338503 179.89083009862634 530.692377055211 211.78578353166188 1.4835762 1.6402596 4.0512657 -5.960454 1.8330655 34.904316 0.055587206 4.590597940722276 
Car -1 -1 0 624.6324398393115 173.80207118594413 643.2448081286949 189.1999247507508 1.4704688 1.6696734 4.1713147 2.3807113 1.5668414 71.25432 1.5641226 0.5646998767862774 
Car -1 -1 0 365.3908285878757 183.09591533306744 493.4621061202261 227.59998911400993 1.4577215 1.5751227 4.005637 -6.1375084 1.8222408 24.848434 0.022175943 0.29455646872520447 
Car -1 -1 0 237.09860466733724 182.51744112324928 415.1858400134111 248.30226884140473 1.5293823 1.5751693 3.7768576 -6.895976 1.7785523 17.806812 -0.005471143 0.5484532414106255 

