Car -1 -1 0 325.59823087238965 188.46417143479806 442.7009254332757 256.43280745976676 1.4769591 1.6746771 4.022153 -5.663878 1.9243544 18.646317 1.5982717 58.5692825508522 
Car -1 -1 0 399.06806797882734 185.080918203913 475.2771011439789 234.6674596949503 1.4592345 1.559998 3.7614174 -5.652378 1.8993006 24.069748 1.5956922 50.70511142210386 
Car -1 -1 0 441.97565988310714 183.26774296063627 497.0931325085803 223.93463128413916 1.4803581 1.5009903 3.452038 -5.540582 1.9223256 28.888195 1.5821766 21.89798588386367 
Car -1 -1 0 1111.834169602077 134.036504921995 1242.0 176.61423302567775 1.6879711 1.677341 4.085684 23.185394 0.14907226 29.508566 0.031995256 30.811100925885277 
Car -1 -1 0 499.73653122191024 178.49949832740293 536.6091924976098 208.31291117555722 1.6323447 1.6888139 4.109336 -5.3113136 1.9798663 42.35168 1.5592844 6.850403875533146 
Car -1 -1 0 1018.2904454946641 145.13073186204375 1111.0376183301457 173.99458322381935 1.4828597 1.5821232 3.9033775 23.867916 0.058596447 37.915775 -0.028984819 11.660947803485207 
Car -1 -1 0 471.63657956977016 181.7014741634777 516.8770672787587 214.63063849910012 1.4468362 1.5976995 4.133335 -5.5120735 1.9003105 34.90153 1.5528691 10.634603357113344 
Car -1 -1 0 725.0560527444896 167.97232764053695 768.7393326793011 196.102092705397 1.4577756 1.6107935 3.9021978 7.431048 1.2047913 39.349922 1.5627717 14.514413263182309 
Car -1 -1 0 1040.251064524947 143.84124392949954 1148.1086708945675 174.1676101650225 1.4543797 1.6413295 4.1919374 23.732456 0.0629974 35.426155 0.0010854085 6.4840684685416745 
Car -1 -1 0 480.02049075973025 167.3621289000145 515.6419959759882 185.40595183645806 1.6201916 1.761743 4.2033706 -10.336468 1.127065 67.042595 1.8207211 2.207247398644014 
Car -1 -1 0 1069.8510113683694 141.18310631558865 1188.6466058745282 177.15894325016762 1.5738516 1.7261174 4.076026 23.31731 0.18833017 32.478104 0.024466831 1.2069678731770863 
Car -1 -1 0 756.0985310401481 162.67151394397985 846.0938757060283 194.40095723979658 1.5055811 1.6478078 3.9355454 9.360622 1.0224159 35.3765 -0.16675973 1.1348297140838424 
Car -1 -1 0 520.667003039336 168.5564173574315 539.1110455550378 183.8354037973302 1.6612456 1.6348698 4.210287 -8.868676 1.1939799 80.56418 1.5608051 0.2538350522518158 
Car -1 -1 0 782.5255769358553 157.60377430478255 836.1081360713982 194.7339161493371 1.5355604 1.6412749 4.2643805 8.791058 0.9048693 32.05034 1.6823695 0.25368890166282654 

