Car -1 -1 0 699.6535756998346 178.35809511027017 923.0868879181857 342.8199289753553 1.7039421 1.6707085 4.2466607 2.4127824 1.7950146 9.779493 1.525044 158.45072686043187 
Car -1 -1 0 14.016640910171086 204.8030682509817 428.2855284399874 375.0 1.4069344 1.5702311 3.5954118 -2.7447739 1.7552472 6.061428 1.561574 90.7980303176332 
Car -1 -1 0 231.46011633141026 194.206828785393 425.9929154416174 258.281991748674 1.4554257 1.6170194 4.152966 -6.7950296 2.0043087 17.738056 0.00041019934 37.45499525845811 
Car -1 -1 0 86.64471346213588 195.43771190650762 347.769593191133 288.23812862641233 1.4782388 1.5982468 3.7787995 -6.8446455 1.9117558 12.902763 -0.08017598 92.08609153266514 
Car -1 -1 0 629.1869578073233 185.76946647358076 662.712890023798 214.69592581077933 1.585402 1.6258368 4.1347117 2.1482053 2.4021864 43.527416 1.5238644 16.034608356095205 
Car -1 -1 0 386.86260959116186 189.1194679967705 503.93024491396756 230.56454641703945 1.4949498 1.6144737 4.1048074 -6.2906947 2.1460085 27.855968 0.10866617 16.179635066327638 
Car -1 -1 0 409.2987487144622 188.76162050156387 506.36459974773794 223.36262506557173 1.4990646 1.6210868 4.0670524 -6.910252 2.249151 33.076263 0.06765323 5.271018857524104 
Car -1 -1 0 264.0503429018588 190.4403945733549 429.3759959522078 247.4329566155507 1.494268 1.6241843 4.057579 -7.3068247 2.0098763 20.29983 0.021064654 6.699536510571236 
Car -1 -1 0 443.4624613885133 188.18177384841408 528.3218499451216 218.22414384706616 1.493953 1.6052543 4.122465 -6.4138336 2.3129444 37.66835 0.040171407 1.6851630440646994 
Car -1 -1 0 401.9740820118755 191.83698662989244 508.1673757848681 228.78046184478268 1.439856 1.5899723 4.0411243 -6.397366 2.2570195 30.089594 0.0885481 1.3413608558521233 

