Car -1 -1 0 802.3598665129804 179.06579792444583 1229.0079056399836 375.0 1.6016825 1.6534067 3.9778876 3.0022395 1.6740927 6.3935423 1.606694 105.61328603986384 
Car -1 -1 0 709.6768283407346 186.86133325827228 849.5241862280583 283.7161617177966 1.4562536 1.5783427 3.8063636 2.9603953 1.752522 13.333681 1.538698 84.35307187299875 
Car -1 -1 0 361.9117918187592 183.88877519776918 522.1683895925555 282.65516018477877 1.4378449 1.6714816 4.439966 -2.8426056 1.6756004 13.2785845 1.6330693 120.8095769838705 
Car -1 -1 0 684.412774003957 186.0255951777144 775.3275938660149 249.35531911546855 1.3717496 1.6602557 4.325302 2.9812374 1.7526598 18.698383 1.5770693 36.459250764363816 
Car -1 -1 0 511.56300670387543 177.5722144071437 558.8138880150374 219.37471339957895 1.5168624 1.5053353 3.2703633 -2.851833 1.7118804 28.18734 1.5719092 35.607096267916766 
Car -1 -1 0 666.2562997911227 180.403325478682 708.8865761450481 214.2730796462746 1.3976629 1.5655931 4.144829 3.4838126 1.7625973 32.79217 1.5898935 21.074625270915217 
Car -1 -1 0 448.95311423199155 177.92526008585224 534.7093789401564 243.44085633775677 1.569761 1.6269585 3.7458653 -3.066757 1.7198985 19.471155 1.5928028 31.5269569792821 
Car -1 -1 0 654.3719972764337 174.9546812960308 676.6591795410286 197.10045145914137 1.549721 1.5671058 3.4949884 4.054753 1.7081544 52.625298 1.6335559 11.148991566989407 
Car -1 -1 0 537.7336343558702 176.79777360725816 578.4986254906712 210.42306409326875 1.5338607 1.5601163 3.7519507 -2.462822 1.7370864 35.271645 1.6166998 6.21408857093957 

