Car -1 -1 0 768.1258685026681 179.5342225919955 1052.2152546382206 369.8196762006675 1.5424523 1.5624651 3.4621716 2.873355 1.6299452 7.7105594 1.5597154 140.80060143094917 
Car -1 -1 0 321.68645069140024 195.72489730260344 453.53139219907 287.9402075846058 1.4501055 1.5525626 3.54503 -4.151128 1.9515284 14.027113 1.5450324 88.11178728398706 
Car -1 -1 0 680.7300496896693 180.5056719406889 757.1599471602226 246.1381995615977 1.4523376 1.5167867 3.254331 2.6418405 1.6607744 18.003376 1.6045187 78.74699456147198 
Car -1 -1 0 491.4989726220965 182.81943609493837 531.0123210003743 215.72110745870643 1.5518012 1.543239 3.732587 -4.9946465 2.0891695 37.03624 1.5641178 40.95780191818502 
Car -1 -1 0 428.435714863996 180.8311680809701 507.5226225935916 242.39210416261827 1.7505338 1.6369736 3.9791675 -4.4157414 2.027657 23.05259 1.6008987 93.56300837839646 
Car -1 -1 0 645.9715461617045 176.17841705860246 687.6625025581761 212.2531757499167 1.577971 1.5823519 3.809441 2.6303701 1.7427047 33.834618 1.5516076 26.22134468766218 
Car -1 -1 0 627.9173765833597 175.60093425414848 648.2329940758499 191.40787045603506 1.5574265 1.5819886 3.695919 2.9375582 1.8455794 73.730835 1.7479999 3.0155927482604796 
Car -1 -1 0 565.3740215721944 176.3871156666228 588.105150629232 195.79711121663107 1.7070647 1.6401585 3.734657 -3.0359871 2.040689 66.15545 1.4034774 0.948405309286345 
Car -1 -1 0 548.2245505354981 183.51014172588958 571.5451612007698 199.5634363105314 1.490893 1.52852 3.757691 -4.9011927 2.5774627 71.600586 1.7211595 0.3356076776981354 

