Car -1 -1 0 662.2543341554641 175.63160625532362 727.1456312923395 226.01669377845315 1.5852617 1.6246932 3.8366694 2.8499916 1.6885135 24.869331 1.5265471 80.65286847898948 
Car -1 -1 0 349.62737120539043 190.498895991344 441.3043171849099 250.147403680134 1.5286212 1.5857806 3.5559974 -6.223116 2.094643 21.349728 1.5942848 75.59527477421072 
Car -1 -1 0 456.6890250048224 179.48244631445044 504.42142400654393 217.4818410732102 1.701357 1.6857889 4.2646008 -6.2246523 2.0446644 35.214275 1.5411125 18.957927886045958 
Car -1 -1 0 404.5551368974884 189.05032700243515 476.9256722902354 234.09650718252533 1.4534855 1.6513499 4.106807 -6.1780686 2.102478 26.841469 1.5924621 54.42426269970424 
Car -1 -1 0 18.55933536989016 200.78325359440623 130.06848302135757 247.0100854991907 1.5406725 1.6126137 3.5799444 -20.671526 2.6965935 28.05022 1.5995326 41.047266864415455 
Car -1 -1 0 88.87745863298017 201.01326008877865 188.5813232203165 244.95057365933846 1.4546747 1.5608182 3.6809328 -18.23098 2.6253586 28.135696 1.5432255 1.9559124765977423 
Car -1 -1 0 629.9216395526122 175.07424966383022 646.6104860499596 189.559064974388 1.4361284 1.6681415 3.9096804 2.9453936 1.6703484 74.13201 1.6087106 3.618735628885581 
Car -1 -1 0 0.0 203.00926179894876 74.32799237495313 247.90821113027047 1.5052226 1.6510341 3.831328 -23.512573 2.7921724 28.81805 1.4910349 4.646959937086738 
Car -1 -1 0 532.5742547978823 181.2866426502099 553.0274623144085 197.9098386518226 1.4547875 1.6301696 4.248836 -6.2119045 2.2683644 67.46807 1.5439371 0.922141789355935 
Car -1 -1 0 511.257243149065 180.61095953935305 535.0209198210848 202.8662271077189 1.4852204 1.5602357 4.0687294 -6.15854 2.0636137 51.70668 1.4839027 1.2675348436679352 
Car -1 -1 0 563.7486726700914 177.75788371997893 592.842098878704 192.55318266220482 1.4767139 1.6784551 4.271029 -3.2496076 2.00761 75.82417 1.8813564 0.609262184621512 

