Car -1 -1 0 723.998151105444 189.1235674495972 901.5961512431122 305.46089184206613 1.3735881 1.6043246 3.9911249 2.8734915 1.6682943 11.073696 1.5716035 98.3704270363901 
Car -1 -1 0 685.4979189882862 181.05395487161795 763.5217862635993 238.02071982554222 1.3963385 1.5628871 4.0170746 3.1214373 1.6496104 20.275463 1.5735441 74.6065144152127 
Car -1 -1 0 551.2619702345941 176.70112170348756 589.5588841738956 209.6327577812646 1.5057567 1.589758 3.8197381 -1.8687711 1.7046058 35.36811 1.5923965 22.788818658426916 
Car -1 -1 0 655.639173673308 172.17590798693885 692.9026222119122 205.1250516191014 1.6837757 1.6278144 4.007846 3.4353876 1.6491234 38.88047 1.5654284 32.32492932983904 
Car -1 -1 0 106.55822635495731 172.51301585168085 405.9030051459473 273.239095861731 1.5966992 1.6900146 4.3214684 -5.896079 1.5912939 12.363643 0.037726007 88.00194819541383 
Car -1 -1 0 284.1869188373674 182.6991145352466 475.4847982366891 245.6927219262829 1.4387379 1.6157866 4.1484385 -5.506916 1.6907821 17.61044 0.026033668 37.41068144275215 
Car -1 -1 0 327.9281020811626 182.42571521255837 487.2517681589959 236.58476654867624 1.4266353 1.5910261 4.020605 -5.625153 1.7093886 20.333855 0.09402849 30.808901040223056 
Car -1 -1 0 156.2951808080587 170.38527622135624 395.3082647977991 256.4397386393991 1.6720152 1.6832496 4.1538815 -6.748093 1.6240485 14.882158 0.010252183 10.503054572345112 
Car -1 -1 0 694.4685966417809 170.69587588347707 739.9515749867201 184.99318519041574 1.4523019 1.6436869 4.4678545 11.040714 1.233082 74.190994 0.03437882 4.075374217024885 
Car -1 -1 0 0.0 179.64374557466266 326.52261514908423 338.31801168203106 1.4978385 1.5357643 3.509326 -5.0672693 1.577673 7.68183 -0.019576337 19.56548302798184 
Car -1 -1 0 395.64743190286737 175.5622471212228 505.389865453319 220.86327353334505 1.5980151 1.6778239 3.785632 -5.7859783 1.7017391 26.605051 -0.10317036 7.998813689560196 
Car -1 -1 0 487.6514010099145 176.1824421832961 554.1811595554198 202.64971736393318 1.5105786 1.6346388 3.800353 -5.16162 1.7104292 42.37178 -0.071923584 1.2077459731270266 
Car -1 -1 0 532.9454888014266 165.95862926155917 577.7697853503665 182.12770439412182 1.533031 1.6332653 4.229857 -5.178139 0.87926304 69.29919 -0.034149915 1.1442628205961185 

