Car -1 -1 0 748.0005793540125 187.69610991759126 974.4374920342252 334.4443438031128 1.454432 1.57125 3.4132237 2.9642549 1.6805356 9.247913 1.5205175 112.45717224220051 
Car -1 -1 0 126.991481579815 173.25153700807962 380.5213334884883 263.834438532033 1.6159256 1.6798887 4.0403004 -6.6696444 1.6241262 13.882463 -0.081707686 87.24644429596651 
Car -1 -1 0 406.53458183589316 172.8083819811218 505.84810586687985 207.6060725270421 1.5333719 1.68634 4.1359835 -6.879972 1.5313616 32.64191 -0.0019052452 33.698711863227715 
Car -1 -1 0 770.7108681631477 176.0117605027197 945.4814352607484 240.93133957852515 1.6183537 1.688451 4.122554 6.471733 1.7069371 19.16625 0.11479512 39.921928504273346 
Car -1 -1 0 714.5207018408208 169.18843769894124 844.8122686119408 219.7583530817314 1.8254821 1.7300314 4.443455 6.3021026 1.6931618 27.020155 -0.04953057 46.38076332268922 
Car -1 -1 0 0.0 166.4361104229172 322.1736794415782 314.5328716983354 1.6765213 1.6501168 3.925095 -5.899147 1.6038679 9.066769 -0.03780239 92.09860833799901 
Car -1 -1 0 809.34733653127 184.4153613877687 1015.9104721359544 249.61286241945265 1.4009776 1.6168005 4.0744634 6.8584127 1.6800636 16.605146 0.0019891919 38.54633798722728 
Car -1 -1 0 439.37081193970744 165.78242346921445 527.267588861741 200.3203370817593 1.755214 1.7622668 4.4381366 -6.544739 1.3958368 37.79671 -0.114181645 19.602084220229163 
Car -1 -1 0 319.7877230109549 162.55989762476682 465.32735931621664 218.8555886558508 1.727854 1.6853033 4.1314964 -6.854909 1.4119024 23.05332 0.031621933 4.059058920216625 
Car -1 -1 0 518.9900304276174 173.28687921608542 544.2008075127422 193.43691167982857 1.5251353 1.6143234 3.7124734 -6.0786085 1.5601851 56.557648 1.5597172 3.4668231851343885 
Car -1 -1 0 333.65048669249205 169.88452127558887 460.65973103762104 217.97457571425844 1.6322991 1.6350374 3.9968367 -7.389222 1.5315073 25.36153 -0.02676153 1.832216189606946 

