Car -1 -1 0 234.15063623798054 208.07407404373848 447.0906072459485 352.5551162263101 1.5219567 1.6641402 3.957763 -3.6406612 2.1339867 10.553394 1.5633905 127.38337649358746 
Car -1 -1 0 730.4137647665195 194.48939202039114 939.1523189684307 353.6128857055892 1.5782573 1.5755594 3.589283 2.6920733 1.9157637 9.45149 1.5583465 86.35135711353152 
Car -1 -1 0 679.7358145351511 196.89132257995232 795.9443170156144 285.2254819942515 1.4731205 1.6346753 4.2748566 2.5596905 2.0564916 15.358012 1.5508935 76.97761791562384 
Car -1 -1 0 378.58503620020934 206.43968669586084 490.01908952172727 289.9378563170335 1.4604223 1.5761714 3.953052 -3.7817044 2.3068445 16.2001 1.5611919 68.66579812065393 
Car -1 -1 0 666.6597048478407 194.7052120659117 743.9437057976587 254.05679091569206 1.4700048 1.654242 4.2354183 2.751328 2.188287 21.58117 1.5469027 39.9864483016459 
Car -1 -1 0 471.56257166517906 201.9399174380071 524.3190981290129 249.635224677092 1.4679086 1.5228057 3.8375268 -4.0345182 2.6165783 26.542006 1.5226554 27.148187859146162 
Car -1 -1 0 433.3343349106042 204.02904220153383 504.34143657114055 263.23437446555863 1.4866002 1.5614545 3.4840407 -4.15356 2.502308 21.742533 1.5392972 20.201569489417167 
Car -1 -1 0 655.5308968901786 194.8093888146283 710.840923050595 241.88652153747336 1.546073 1.5542221 3.6651268 2.7175617 2.4337714 27.305641 1.5231216 20.171112174562886 
Car -1 -1 0 625.8511214256424 195.2452435260881 659.9825866395141 221.6498310906343 1.5780673 1.6522298 4.098569 2.2137907 3.1610122 48.875237 1.4502629 4.983593192486322 
Car -1 -1 0 553.0984179853998 197.63822030047027 591.895461916808 214.0445070592282 1.5981847 1.6328187 4.103896 -3.9999619 4.355426 78.282684 -0.74187434 0.6353222845777602 

