Car -1 -1 0 345.4571974340802 171.15611798064685 475.12724325942355 259.2653903875189 1.5538841 1.6609062 3.9317417 -3.884872 1.5239404 14.7141905 1.5416448 128.23899544402616 
Car -1 -1 0 684.0770014500415 165.16167905965517 811.8539801845327 259.7003843371385 1.551146 1.5824698 3.739259 2.4725504 1.424934 13.737897 1.5315292 83.16906835913235 
Car -1 -1 0 653.2421960197497 164.9121598494419 742.9263842672719 226.32846655244717 1.4799998 1.6479079 4.3041224 2.2730525 1.2886186 19.587992 1.506584 59.7307948525971 
Car -1 -1 0 745.4446622865852 173.831157784157 968.6600499238336 321.84423501374545 1.5156913 1.5492986 3.296317 2.8711536 1.5302904 9.095522 1.5211776 105.6967785564496 
Car -1 -1 0 415.0828438310625 168.8553051912847 502.2888654050782 227.85942045649622 1.4970417 1.6261911 4.006255 -4.126033 1.3955874 20.311836 1.5683482 44.23883598117653 
Car -1 -1 0 648.9413013166951 161.59637594079305 714.1751428580757 207.50597847183448 1.4799578 1.6648555 4.239619 2.4428396 1.117053 25.420208 1.5184386 7.9887713045965745 
Car -1 -1 0 478.27260989481493 166.26665251331903 526.9220809982022 204.02022606264651 1.5035825 1.5708077 3.7952797 -4.478872 1.2412331 30.64812 1.5520965 6.288638321941053 
Car -1 -1 0 453.0759129878134 166.73075369711665 509.0488521977719 211.61152775481796 1.484827 1.5233715 3.585635 -4.5058975 1.2822466 25.699848 1.5208181 2.419183812407264 
Car -1 -1 0 576.6130983917687 162.472144524406 601.9055869551078 179.96829348754784 1.5853976 1.5932274 3.7509208 -1.9245983 0.64465487 67.39401 1.3262632 0.6692495778693677 
Car -1 -1 0 641.8938939043888 162.87034463917425 689.84531035877 199.04948883469223 1.4814527 1.6166419 3.8542254 2.3963504 1.0726448 31.508966 1.5228249 0.8198119324673504 
Car -1 -1 0 0.0 113.76736394019447 149.78621025532686 182.87497154918773 1.5722196 1.5787005 3.6903303 -13.384045 0.22798014 17.41563 0.117618665 0.27467280626296997 

