Car -1 -1 0 128.412888923668 183.6799337004162 300.5933997347757 265.5127733179775 1.5632238 1.6428187 4.0710406 -8.378519 1.5338867 15.788527 1.5444221 99.78040139739429 
Car -1 -1 0 304.97742717825935 189.29521019516739 387.34324159006326 233.57743553264785 1.3243012 1.5652363 3.6132574 -8.494194 1.4691752 23.683233 1.5183148 24.170580709276344 
Car -1 -1 0 449.7453033974665 184.34564349901777 513.2439427856388 227.7810812310159 1.4577512 1.5136727 3.4732435 -4.4540157 1.428551 25.900005 1.6237404 40.74244906056002 
Car -1 -1 0 335.72832529503023 191.5315463783669 458.5918794021893 273.0561380828336 1.4082997 1.5828633 3.7691607 -4.1131563 1.553839 14.640524 1.5169573 111.38664173655252 
Car -1 -1 0 397.83099129652635 180.74580718173365 450.19673745662385 212.88851515960394 1.4591796 1.606724 3.5652394 -8.705519 1.2562604 34.418484 1.5682728 22.245572274282463 
Car -1 -1 0 486.46776205547934 181.81121300406875 532.4394189465964 213.1083654885758 1.4842746 1.5353848 3.77459 -4.8404765 1.3228161 36.03035 1.64408 20.581253824460916 
Car -1 -1 0 578.9973641968053 181.5032792998619 609.534774886268 208.63357992051166 1.4382253 1.6189804 3.3778486 -0.68175846 1.2414234 39.798466 1.572915 7.318537714463401 
Car -1 -1 0 91.86051791933328 187.3974623837855 216.0806982068921 241.08148796750416 1.4105991 1.5789669 3.7163348 -13.057182 1.4801117 20.974348 1.4687383 10.625207170005103 
Car -1 -1 0 378.26324921501396 180.70748556486424 421.39057626655875 206.1212089034356 1.4946592 1.584841 3.6583934 -12.669099 1.2295173 44.10884 1.572709 6.724743431036346 
Car -1 -1 0 440.4471674556292 181.74625594748335 480.0676743336778 207.26018178782232 1.4567842 1.5422963 3.7747052 -8.726144 1.2586874 42.943977 1.5862112 2.776042121449705 
Car -1 -1 0 514.1649164081269 180.35639819006408 544.8028716303472 204.92789108334716 1.4812098 1.5993702 3.9773016 -4.9502726 1.1882832 45.438175 1.37965 0.8702204529158033 

