Car -1 -1 0 457.63481119809666 179.03622821844897 518.6489276216055 222.21636918849183 1.5197258 1.5602348 3.4328914 -4.584734 1.7718551 27.662964 1.6357613 50.451334242349596 
Car -1 -1 0 750.8231456098611 182.29087022070527 923.4404052442129 295.69769299192325 1.5019609 1.6459255 3.808512 3.488442 1.6810923 11.785197 1.5791848 90.27348905390905 
Car -1 -1 0 190.74255717034055 190.55524274065897 400.5412038896235 304.75710440587574 1.4174535 1.6497436 4.385985 -4.8372574 1.7627606 11.859038 1.5412986 124.1126687346684 
Car -1 -1 0 836.941753080566 185.97579955465346 1242.0 375.0 1.4437449 1.6153697 4.127404 3.5260243 1.6029431 6.6749053 1.5902721 102.8414422729369 
Car -1 -1 0 696.6550311474797 179.21003739876122 771.3640346238199 231.0637648046811 1.4615418 1.619426 4.0866814 3.8433843 1.6812961 22.893503 1.5586345 35.702882360255444 
Car -1 -1 0 721.8999834643414 179.89351564721483 821.904856518115 252.9637127077315 1.516036 1.6286286 3.8120146 3.75182 1.7033141 17.2686 1.5975027 60.14614949867441 
Car -1 -1 0 485.5467478306104 177.95880419569826 535.30709853407 214.20738513735841 1.5005779 1.6080616 3.723799 -4.3725176 1.742342 32.28634 1.6016147 28.067869125276072 
Car -1 -1 0 692.729292123302 179.3173476126237 743.2974656021079 219.5822094607841 1.4592094 1.5301218 3.3419337 4.2053857 1.7284055 28.370192 1.5849199 13.37992399962233 
Car -1 -1 0 637.8288286953333 174.87777604036705 687.9445212617737 190.89123289160034 1.4436665 1.6867924 4.531019 4.8626194 1.6320174 66.219025 0.040277228 14.952062567035838 
Car -1 -1 0 18.129016034354546 178.5080198247085 175.2515225515356 226.3988706372585 1.491019 1.6089191 4.169543 -16.779314 1.6845484 23.698603 0.09503814 2.8589296058144202 

