Car -1 -1 0 302.171994041031 181.007597322496 391.8341958100106 231.9341695442425 1.4853749 1.5777225 3.7089093 -8.149708 1.3626373 22.838644 1.5482386 65.14468441288642 
Car -1 -1 0 371.71320256462656 176.65146095145406 499.8891003545482 266.68770961362713 1.5822597 1.6851268 4.176538 -3.325439 1.4317553 14.732917 1.5565753 92.0967906388286 
Car -1 -1 0 558.2841304586225 177.85440308700092 605.565277056872 220.91072845983115 1.5139177 1.6637468 3.323129 -0.95754075 1.2550848 26.970612 1.5292559 37.48198867897865 
Car -1 -1 0 2.5600436073117847 177.78205622040807 253.23741787188794 292.11057450578664 1.6080856 1.631949 3.8491683 -7.6893177 1.5035279 12.035996 1.5703592 117.53612541195506 
Car -1 -1 0 475.3591181981557 180.40916877429592 527.5673958670493 219.16683569191676 1.4321992 1.5976825 3.7918904 -4.119086 1.2545851 28.47845 1.5464872 49.31585132290581 
Car -1 -1 0 158.00021327640206 184.42025311263853 271.0424999916045 231.27564847558978 1.4044378 1.5924873 4.075288 -12.734299 1.3805952 23.609295 1.5383607 23.902459946080292 
Car -1 -1 0 264.81141308572916 178.08272395138505 340.2222267117769 216.30633569876534 1.5164526 1.629807 3.6308725 -12.763527 1.2334647 30.3386 1.5755506 16.77163908873725 
Car -1 -1 0 513.7554688061095 177.60817892341598 547.1861790098706 205.80227304305146 1.5177305 1.5897112 3.916339 -4.2954774 1.1082063 40.678738 1.5401067 5.3691970681083045 
Car -1 -1 0 351.64842010979146 180.89337832932347 410.3712238775948 217.83150023056393 1.3937337 1.543867 3.6108391 -9.046524 1.2306458 28.994595 1.4749272 2.334557235772875 

