Car -1 -1 0 682.3539959209725 166.9133006442288 782.0374719793057 247.45413868463956 1.6533874 1.5792334 3.577634 2.7042453 1.5314333 16.626411 1.5372683 129.79747852660356 
Car -1 -1 0 761.5202629119997 184.91602176948732 1093.8569836309782 375.0 1.4641128 1.6266361 4.071317 2.833006 1.6233819 7.485382 1.5630043 107.39500652612192 
Car -1 -1 0 653.1621899252444 173.06170185141818 698.2518521787908 208.73408031685307 1.4128107 1.5647007 3.4141877 2.725255 1.4220273 30.307514 1.5658212 41.412852607397255 
Car -1 -1 0 206.63715575832146 175.4642061647651 434.13344555494336 250.88147868727455 1.4901791 1.633224 4.1663938 -6.005497 1.5487616 15.257855 0.05805401 49.01323699964282 
Car -1 -1 0 369.01938586587835 173.35779757832393 496.95294479681917 214.69659506538025 1.4196101 1.593536 4.1434383 -6.2283263 1.4381844 25.701189 0.050829183 26.654986950391375 
Car -1 -1 0 261.89510893281 173.06311338749816 450.2101057432593 236.27736813749297 1.4889033 1.6269448 4.098896 -6.198737 1.4943569 17.909168 0.04685656 25.107966687538486 
Car -1 -1 0 405.8935118413744 171.31280695599847 515.9914357836503 210.42056000059154 1.4621406 1.603939 3.8970861 -5.6739726 1.4045191 27.826372 0.024721742 25.3625196522984 
Car -1 -1 0 282.4420910453461 161.26998352313512 444.34981899184754 226.30705023328963 1.7307943 1.6928909 3.973584 -6.7707386 1.4225154 20.161537 -0.057728354 16.556538758007292 
Car -1 -1 0 464.4734163732329 164.29317559757104 532.2907574723449 190.3821791149762 1.6736515 1.6583871 4.147502 -7.2351007 1.1244606 47.18692 0.033955436 2.1192627871995255 
Car -1 -1 0 502.0462465496917 166.84365439854403 555.4641511176661 185.98842749412958 1.5302296 1.6324512 4.1089554 -6.532333 1.0498261 58.571934 0.041065317 0.27714216709136963 

