Car -1 -1 0 685.723317791854 172.96116357900345 814.8192110797905 274.52916362729616 1.7832325 1.7127402 4.325405 2.7058659 1.7857633 14.85669 1.5450618 106.2027188757051 
Car -1 -1 0 655.4157921617299 181.70065462422426 717.1745185133304 228.0819848967983 1.4819369 1.6563292 3.9820166 2.6644907 1.8235449 25.84291 1.535728 32.99968622578995 
Car -1 -1 0 0.0 188.01050714296042 293.5056146939812 314.23329787650675 1.4881887 1.6070046 3.9232802 -6.4984555 1.7067661 9.558069 0.022527607 86.14498696306187 
Car -1 -1 0 164.22810989951785 188.4938550641917 406.03377457361535 266.4920110957287 1.4057726 1.6037877 4.136324 -6.359189 1.7385333 14.374112 0.08654454 46.86342208078924 
Car -1 -1 0 77.1083787778587 189.06421991365136 382.6737252798678 286.7604425725976 1.4640956 1.6341112 4.2255383 -6.1367664 1.7525433 11.970314 0.024643637 49.04714897302348 
Car -1 -1 0 639.5847208660969 179.91746922665277 674.5917650822481 210.8420577275308 1.5045516 1.6005465 3.8556256 2.450849 1.8946469 37.917522 1.5747571 24.235977280721595 
Car -1 -1 0 226.9664956820199 186.5454851983806 421.3738423851002 254.3841672358505 1.4756289 1.5864501 3.925165 -6.58298 1.8123732 16.892876 0.03089307 9.75129110723147 
Car -1 -1 0 667.2892388798755 184.8281043279078 750.570911328843 243.24420104427745 1.4321948 1.6211146 3.8141055 2.7084088 1.8038564 20.44308 1.510294 14.2051553167631 
Car -1 -1 0 280.478126416356 182.02057145476945 439.7698321050752 245.60637539182028 1.5754422 1.6471052 3.6707392 -6.491374 1.8295662 19.074131 -0.05824883 22.99718144785767 
Car -1 -1 0 309.8897312744074 170.9030616611924 464.11308799737066 231.24524039115272 1.714361 1.690377 4.076248 -6.508566 1.6589334 21.419844 -0.037239105 23.392022757614846 
Car -1 -1 0 380.2908193883456 176.17530839073288 495.4754550413396 219.17198600484699 1.6309533 1.6847177 4.151177 -6.685983 1.7657899 28.399967 -0.024346603 12.183230275804895 
Car -1 -1 0 426.53475193337687 178.56555253897918 518.8933083058174 210.26319325815206 1.5314178 1.6990079 4.337662 -6.791809 1.8247318 36.124573 -0.03724228 3.9972382069563013 
Car -1 -1 0 332.3415701704595 170.12843925437423 472.5961775483608 228.0446934359822 1.8396814 1.6820801 4.155155 -6.7458553 1.7531052 23.802906 -0.020579534 1.135358766432461 

