Car -1 -1 0 795.0366258543316 179.48811848346713 963.7583171803172 248.29296723153317 1.4301167 1.5737236 3.6478398 6.3489084 1.6078446 17.354132 1.0604072 96.5710944914878 
Car -1 -1 0 633.5320753213615 181.6534489550291 690.8126733511125 220.1773282756438 1.439455 1.5669284 3.4435513 2.0980487 1.8230486 29.624962 1.4018866 67.08784277928872 
Car -1 -1 0 340.5111761862082 187.29765392391866 470.00530721852823 231.40595894352626 1.4573205 1.624943 4.0602465 -7.062792 1.9781845 25.198591 0.0043808217 40.79683763379148 
Car -1 -1 0 615.6539044934609 178.68204224445603 652.8262744070471 209.47892639308307 1.5546144 1.5983036 4.054084 1.2933753 1.8887706 39.290108 1.4977679 10.462157610789252 
Car -1 -1 0 391.0618787816714 184.4094521338093 490.9642568096523 219.1991593063938 1.4766659 1.6225305 4.0430274 -7.457575 2.0058746 32.13677 0.048208546 14.793996830377306 
Car -1 -1 0 258.0497455143566 185.02176448028234 425.43196624341743 239.78787385679968 1.4628196 1.6148171 4.148817 -7.5070705 1.8220124 20.470432 0.010620641 12.124045426945974 
Car -1 -1 0 0.0 190.09129605293197 307.32082900547215 304.6685766187058 1.5204592 1.6214458 3.9159493 -6.772373 1.7960858 10.684526 0.021670952 18.64606647779377 
Car -1 -1 0 494.44866589612934 183.2192685255441 522.1975811301511 209.39452852941525 1.4566652 1.5952876 3.8540945 -6.1715007 2.1148 43.78642 1.4157959 2.191895906086202 
Car -1 -1 0 118.55488013197683 163.70879576534782 393.883297653208 278.0480221239956 1.9356759 1.733263 4.1646376 -6.264005 1.7808545 13.159257 -0.037540533 5.671180972658584 
Car -1 -1 0 664.1497605868476 169.99524021217132 713.9958525902869 187.68711140849916 1.480379 1.612782 4.1594625 6.7400913 1.24117 61.365463 0.09013425 0.2501020133495331 

