Car -1 -1 0 762.755108120826 184.85763483498403 1037.6680977274007 289.66564704745974 1.4875672 1.590392 3.6953332 4.4538217 1.692056 11.371763 -0.06863939 127.43201605917695 
Car -1 -1 0 10.358841158322974 183.69077073883255 300.19027543975574 277.09839671348453 1.4727896 1.6016276 3.9708886 -7.6902266 1.6744102 12.506986 -0.05946448 136.16279329547535 
Car -1 -1 0 452.19695172685346 178.16260721312221 489.7403172043209 203.67939475151297 1.6676534 1.6684653 3.8287072 -9.661253 2.051704 50.11217 1.1319959 24.2582266666345 
Car -1 -1 0 163.38988395434654 173.95294968160925 347.6432033843374 248.8474337985349 1.6871035 1.6768061 3.6972637 -8.420943 1.7155085 17.469109 -0.19505365 33.17963852182434 
Car -1 -1 0 725.3814156071873 185.07830810043208 962.1769154929987 268.5871595152666 1.4529889 1.6052592 3.9518974 4.3057833 1.6985471 13.647967 -0.022086566 24.24675584809072 
Car -1 -1 0 72.47290414986068 177.50552590597175 307.61012526932336 261.2251138684223 1.5926602 1.6375757 3.872445 -8.501086 1.6958072 14.923027 -0.13780266 14.20012643304804 
Car -1 -1 0 995.4005960049841 183.9387032892832 1061.3975126058194 208.3699162229289 1.4594724 1.6411859 3.8509347 27.191444 2.2124782 46.98199 1.4069991 27.81907367104519 
Car -1 -1 0 1078.0038358134602 186.35937636731867 1139.196224743353 224.58702007709977 1.4513973 1.633385 3.9800305 21.371353 2.0665305 30.843342 2.31012 14.053667914635358 
Car -1 -1 0 219.37507502721888 176.19482338887937 377.6259742738919 239.81487260087292 1.6430669 1.671365 3.7712033 -8.478756 1.7411821 19.976343 -0.2122876 8.587934428582678 
Car -1 -1 0 260.6911580183339 169.6377083216059 373.6126272946281 222.55184626942344 1.8200711 1.6701808 3.66459 -10.495541 1.7094412 26.156998 -0.29947954 4.570359729177849 

