Car -1 -1 0 770.1060555863993 182.1230519466914 939.3964566428969 291.3606395386782 1.4615827 1.6053371 3.6275768 3.7937603 1.6366485 11.796331 1.5933881 90.05797104130824 
Car -1 -1 0 175.0119254477665 191.1483245858471 400.01342549267326 318.7006991237156 1.5131605 1.6531475 3.959489 -4.657877 1.8456862 11.123016 1.5858654 138.490352789202 
Car -1 -1 0 718.4893826413532 179.99320311039514 827.3702443290471 252.46374526457163 1.4550195 1.6130583 4.196306 3.6905491 1.643975 16.99862 1.5702937 71.62825463882056 
Car -1 -1 0 345.5620850649224 187.3464741016789 464.12614275645257 263.92957517519983 1.4929194 1.5905908 3.9174776 -4.6018934 1.8696151 16.783213 1.5869918 97.80937527002678 
Car -1 -1 0 514.7966331956289 178.67501535775543 552.8826272713757 209.1576607947816 1.5099528 1.5452504 3.4116786 -3.9575195 1.831562 38.13359 1.6048656 30.592817049222546 
Car -1 -1 0 415.79240335333463 184.66520829247753 502.51511463200166 238.1179586325566 1.4101098 1.6120839 4.3757715 -4.504298 1.8102834 22.230118 1.607782 48.80665338692359 
Car -1 -1 0 693.7200178901116 178.56015521794927 746.6268030986802 221.26763429483668 1.5040226 1.5281818 3.4465573 4.1682796 1.7360101 27.60371 1.5808835 13.488715545658035 
Car -1 -1 0 702.7182176256646 180.70616021999288 774.4528704033116 234.0566067741433 1.4509505 1.598109 3.9046626 3.867447 1.7137351 22.175585 1.595929 18.996913130003882 
Car -1 -1 0 565.8109185869046 176.49187854837444 609.4961015567384 190.35890613509332 1.451283 1.6638014 4.5177355 -2.3178701 1.8445678 77.01793 0.06931791 13.557695487174419 
Car -1 -1 0 529.9261651496836 178.18620404797446 571.2720556341022 204.89175378687514 1.473047 1.6365242 4.1532364 -3.4431376 1.8054872 42.82354 1.6937333 3.1025519003610924 
Car -1 -1 0 1040.3131227881913 166.10056983957193 1155.4117889367617 212.99908287808447 1.6557887 1.6384914 3.6171298 18.388206 1.4173534 27.370722 1.4463483 2.3925719728533266 
Car -1 -1 0 956.8801641958603 158.68391319786713 1042.7289269514315 201.85071290927408 1.8557949 1.5853426 3.9707096 17.76249 1.2466049 33.05373 1.5038751 0.6419303152100009 
Car -1 -1 0 468.86064173392674 177.0355828520999 509.94484378939376 203.16073548559586 1.5285126 1.5218086 3.8041797 -7.4134846 1.7997545 44.82573 1.6869717 1.4943656202449387 

