Car -1 -1 0 128.77085694783682 193.68902177646936 308.4556544453011 277.4765737641651 1.4062134 1.5639136 3.8176453 -7.528309 1.5982094 14.370505 1.5589349 98.1778104549688 
Car -1 -1 0 442.7401434012054 186.7504774674883 501.78300571964354 227.84525706379125 1.4171033 1.6379054 4.3560896 -5.009487 1.4798589 27.173973 1.5164287 49.34072492658702 
Car -1 -1 0 316.83563695450744 186.31864228396176 389.7111138657969 234.66407333804472 1.4306252 1.6239015 3.8268752 -8.159084 1.4696178 23.389233 1.3977704 15.478673790512065 
Car -1 -1 0 292.16168763664297 185.22969597080115 473.0079323848241 305.6764119791967 1.5733817 1.5892248 4.1183825 -3.3190153 1.5736448 11.451051 1.572116 86.90210881649996 
Car -1 -1 0 574.9381790169132 182.8582280646783 607.4123678820724 211.902084507214 1.4576905 1.6299169 3.122665 -0.81688964 1.3393707 37.646927 1.5624809 20.467125820573127 
Car -1 -1 0 111.23056353387416 190.98618859533454 248.27789655903263 245.7241745781499 1.4392191 1.5957309 4.1685357 -12.542703 1.6279788 21.427723 1.5741383 17.702706911130832 
Car -1 -1 0 239.5103298809577 185.88628539722035 325.53706114486687 227.06950799975886 1.515724 1.6254146 4.16897 -12.804218 1.5443922 28.628693 1.547128 28.265513448508525 
Car -1 -1 0 375.4675316833787 185.9578289247723 434.33874446730545 220.4010409994242 1.4228907 1.6019126 3.700222 -8.827297 1.4574777 31.639692 1.5548899 6.312974941000844 
Car -1 -1 0 436.7566808571146 184.76137579650165 478.47663867161884 212.01407041537846 1.4846802 1.5983438 3.7994242 -8.489046 1.4599295 41.06308 1.5691391 4.032341469106493 

