Car -1 -1 0 756.9435408050753 196.02307317922515 952.5403742907821 323.6921954409715 1.4233284 1.6159117 4.2514515 3.435842 1.844317 10.966437 1.5942748 90.10047367858171 
Car -1 -1 0 501.8272166253303 176.36496157690684 556.75186309185 218.46811480442418 1.5266815 1.6580002 4.081155 -3.1000266 1.6756421 28.559368 1.586768 65.5137899251614 
Car -1 -1 0 722.3338091471456 188.59089387953082 827.4953276974665 270.2657771536185 1.5659153 1.5493851 3.2164855 3.5697207 1.9521003 16.082996 1.5505254 77.65912280224377 
Car -1 -1 0 687.3858754157434 183.17028058191485 758.563450654018 238.32944636018394 1.5651437 1.544302 3.27558 3.5035906 1.9150147 22.786991 1.5071623 66.27361352381806 
Car -1 -1 0 666.1260645093448 181.0352286846355 723.500726409076 225.58998545949618 1.5320016 1.5510807 3.7865357 3.1698048 1.8651397 27.44994 1.5188892 34.64122214615556 
Car -1 -1 0 345.30151493557406 179.4530427921097 501.28246259118947 290.63994579512666 1.5587866 1.6089072 3.893436 -2.967387 1.6892283 12.305204 1.5841208 32.324220180213125 
Car -1 -1 0 657.9272331041235 180.34970744891712 701.967754233643 215.52883875949706 1.4794947 1.5477707 3.9467106 3.1777296 1.8449354 33.185596 1.5462002 9.095329387653955 
Car -1 -1 0 523.7975759885526 178.4645600014321 565.8455777943733 212.52764637598608 1.4925213 1.5414057 3.7466974 -3.0089278 1.7727072 34.13642 1.602025 4.641172963701714 
Car -1 -1 0 80.35417118981725 143.35435620356805 451.06598072044255 375.0 1.8285221 1.6518023 4.1349273 -2.709301 1.6355739 6.814809 1.5353286 8.402138481734607 

