Car -1 -1 0 311.2588738831383 197.53816421756127 436.6290804566087 269.6810396354068 1.389585 1.6013787 3.6905336 -5.681788 2.0426502 17.15554 0.88305604 111.00597725660036 
Car -1 -1 0 788.6442651031605 179.43761811882672 888.9131903769962 240.85125938266484 1.3527055 1.6916015 3.9955938 5.7065005 1.5397282 18.41771 1.681851 57.96243315418385 
Car -1 -1 0 701.0209885931397 176.30384257875303 769.8644097227293 233.03395044606043 1.4020429 1.548701 3.3322475 3.3658257 1.5047636 19.76289 1.6486006 51.18067044417948 
Car -1 -1 0 185.89239045870593 188.42806342317112 251.5366861730743 230.62339856818696 1.4837925 1.6165538 4.018752 -15.742559 2.1538873 28.97355 0.8922157 52.80258928041771 
Car -1 -1 0 384.67396007857934 178.60287332269095 467.0818182535157 216.05141883197433 1.670709 1.6349951 3.3833454 -8.420453 1.9422438 33.261 -0.001003741 28.896155646341132 
Car -1 -1 0 133.68964427689593 184.73790820402323 159.9314301743938 206.20842450483877 1.5471555 1.6513677 3.5825787 -35.95613 2.5037177 56.119865 1.0192337 5.109002020728245 
Car -1 -1 0 448.22234757474314 168.26428977245985 705.2498002897966 316.9308884833866 1.8735639 1.7673576 4.517224 -0.73868704 1.8157222 11.415651 0.90563035 24.135251522008275 
Car -1 -1 0 861.600979496943 170.3974072068133 1025.000153714684 226.29584669884431 1.4750676 1.6038451 4.075974 9.653572 1.4102421 21.153187 0.92980707 4.356347409048875 
Car -1 -1 0 323.3351100919141 184.84439551112177 410.25904432407555 215.4879703063121 1.546675 1.6297598 4.039095 -12.727634 2.1925504 37.98658 -0.03237901 0.6044969424651101 
Car -1 -1 0 164.544472338022 185.1976630959188 215.2353663175751 223.333025847109 1.5795059 1.6050413 4.137721 -19.477894 2.1878407 33.41613 0.9391296 0.25065112113952637 

