Car -1 -1 0 687.283319479457 181.4465026126116 767.2008487433952 244.01149513168542 1.4080561 1.5523871 3.38654 2.909145 1.6477249 18.416822 1.5913633 77.3429545937917 
Car -1 -1 0 741.2427936565954 171.73377232480468 875.7565807704212 226.08474946882242 1.7008799 1.67557 3.9722629 6.401189 1.665823 23.541555 0.06316379 91.98898041254812 
Car -1 -1 0 166.8454763665628 187.41857120517233 408.936904016171 267.15335747508334 1.411437 1.574565 3.9468036 -6.0449467 1.7070744 13.853926 0.0024593328 86.55908739744125 
Car -1 -1 0 251.6479689637415 182.3017897477338 459.0581172281912 251.95152477996217 1.4475975 1.6096644 4.052163 -5.5563655 1.6693077 16.079945 0.023543509 78.34298912973081 
Car -1 -1 0 326.60488775544684 178.61064100396246 482.9410065709637 232.938277594989 1.4825244 1.6239052 4.048324 -5.87495 1.6576238 20.926495 0.1054453 31.354551252707292 
Car -1 -1 0 638.0938445302205 174.5564973427386 661.9468991789828 197.42571131097208 1.5818039 1.6587481 4.042034 2.9142528 1.7099981 52.271828 1.6187651 9.626882171332948 
Car -1 -1 0 324.2176718939709 177.5198389721938 464.5862275767735 226.31812946227453 1.511385 1.6370165 4.0732665 -6.8883286 1.6682255 23.384096 -0.025497165 9.78215680267506 
Car -1 -1 0 364.14349412255393 178.2511412540636 492.9254932319448 221.7444391427908 1.4807065 1.6218243 4.1566496 -6.3723884 1.6792493 25.662891 0.03351318 12.413094360542901 
Car -1 -1 0 279.19246965237863 177.68006087281154 453.50844782516026 239.26667986017569 1.4891202 1.5901799 3.9479518 -6.189231 1.6199296 18.578396 0.09499413 18.612183007768397 
Car -1 -1 0 0.0 183.38094464889411 312.33178961665465 291.0688415849176 1.4966941 1.5729156 3.7786763 -6.7833166 1.6718602 11.105314 -0.061409146 11.46647982516011 
Car -1 -1 0 686.8992439202348 176.84678680109943 771.1999060762445 208.47625819862594 1.5589739 1.6321411 3.9754255 6.037135 1.7671597 36.70781 -0.049563076 5.280139227818055 
Car -1 -1 0 424.7225375720606 168.0106820881816 519.960644847378 205.9670976347004 1.79867 1.6809179 4.270723 -6.65291 1.5691558 35.210922 0.08506993 2.6828930689916985 

