Car -1 -1 0 679.0203409589554 176.77123572084616 762.6047991744284 234.0089530599609 1.4499632 1.5992429 4.1576405 3.0695715 1.5736645 20.676088 1.5307314 49.381414845555916 
Car -1 -1 0 314.68701601374283 193.38970238248285 427.49059358276475 260.99309254648733 1.44396 1.6072676 4.1174555 -6.0303245 2.0360112 18.734844 1.559932 89.15739857885059 
Car -1 -1 0 406.5784503223434 188.95959659975748 482.97028721012344 234.68143924389724 1.4365852 1.6719542 4.157757 -5.8920255 2.070177 26.272276 1.6138365 65.50605806187404 
Car -1 -1 0 165.64882417021218 200.98544144445293 348.83562434928854 305.0512882387297 1.4387717 1.5282272 3.5175066 -5.9746714 2.002532 12.694836 1.5626212 99.3818971651078 
Car -1 -1 0 940.0199254683607 143.1836529867486 1193.2155784108047 219.81331804986445 1.4639857 1.6136533 4.094306 9.118022 0.89714295 14.627696 0.017705692 107.5199253761429 
Car -1 -1 0 483.33998014207367 181.75309579055838 527.0547137516326 212.9522800076816 1.6418324 1.6520367 4.1508427 -5.913522 2.177504 41.30737 1.6360314 12.82333418483593 
Car -1 -1 0 913.1970319965784 145.5535946669668 1106.8502940309959 213.3705925771463 1.5285505 1.6039909 3.7140985 9.3944025 0.91321725 17.10944 -0.024068069 37.436449507327026 
Car -1 -1 0 657.0751604108475 177.68534017585222 697.417882502263 210.23004100269648 1.5138152 1.5070045 3.5548358 3.3204226 1.7664235 35.913185 1.5210378 18.5214069639121 
Car -1 -1 0 668.2712953704979 173.85431724807975 726.2437273563393 220.83716622747087 1.5658296 1.6243775 3.890882 3.0911899 1.6046782 26.075968 1.5713912 30.775746263560926 
Car -1 -1 0 857.9729868875538 152.22941188055674 1022.713605486775 211.9354795502424 1.5413042 1.605753 3.7705991 8.91529 1.0088831 19.602041 -0.093639955 31.750776965811635 
Car -1 -1 0 800.1753596567544 158.89553629686802 950.7810440194213 210.0699011457027 1.5256355 1.6626033 4.052522 8.153789 1.1094987 22.355814 -0.0067572664 30.458728548309313 
Car -1 -1 0 454.9183899923142 186.98031542305964 503.4648756515499 224.0485728299064 1.4992111 1.5055435 3.4749036 -5.7704554 2.164969 32.259216 1.5824167 4.529181343706714 
Car -1 -1 0 1107.61566536827 139.0282572396267 1242.0 183.7864797000606 1.5062463 1.5729597 3.854526 19.803888 0.3679101 25.146936 -0.041130647 1.9371012786123503 
Car -1 -1 0 637.0862365905208 174.97823402045097 665.9509662275462 199.65924388155804 1.6423215 1.5750686 3.894052 2.8896012 1.7963879 50.343285 1.514137 0.5735996673810441 
Car -1 -1 0 522.022861129939 180.67802897342983 542.6978689088442 201.1046988333404 1.4882649 1.5441673 3.8511133 -6.021825 2.1183777 56.10699 1.4538294 0.2813494801521301 

