Car -1 -1 0 724.0245498115255 181.39729306848886 889.9537224244739 296.27633953107147 1.5009038 1.6249909 3.8843944 2.9668953 1.6619747 11.659777 1.5726848 99.78409939974867 
Car -1 -1 0 666.5214166401988 179.25719677685245 729.8764577440842 227.62910546379592 1.4349208 1.5779763 3.6308289 2.834456 1.6616195 23.716702 1.5537057 74.35334199886468 
Car -1 -1 0 799.4853085917715 197.29640435398036 1228.6762381817985 375.0 1.4370365 1.5847445 3.5122266 2.9443445 1.7064587 6.1638684 1.526536 86.78368545037307 
Car -1 -1 0 325.303110471652 178.3670665623204 478.7077710574545 227.63034499282188 1.4343052 1.6323 4.251088 -6.347551 1.6125057 22.281559 0.10821103 55.80026608341088 
Car -1 -1 0 647.2089028846009 172.4594825796223 687.9589665575079 208.8889851228248 1.6509097 1.6372309 3.8905005 2.7312126 1.6330308 34.64527 1.5690521 26.084153960996318 
Car -1 -1 0 176.18431280134135 173.33555191562385 413.3892184125033 261.39366342451274 1.6604459 1.679047 4.033381 -6.189362 1.6707008 14.490329 0.0177867 54.494656978999046 
Car -1 -1 0 66.52439552370484 179.19223730632012 367.3340917959115 282.9244624862446 1.553833 1.6144176 4.0096574 -6.215294 1.6642551 11.739961 -0.01158357 17.22811140918135 
Car -1 -1 0 435.50199311989104 176.38098692809848 525.6041861608824 208.35536902752906 1.4987416 1.6216624 4.0165734 -6.235001 1.6752274 35.076267 0.111139365 4.897424012126459 
Car -1 -1 0 0.0 159.3979040051849 306.19843332865423 304.5473398611082 1.8122303 1.6778471 4.056271 -6.538081 1.6442273 9.888387 -0.020236433 14.994123155552767 
Car -1 -1 0 544.877263751984 174.62207534763004 568.4087007316089 193.26007141453425 1.5440179 1.6306902 3.9201765 -4.525145 1.7011278 62.132793 1.5994614 1.2111576369364772 

