Car -1 -1 0 671.0103009517164 178.07045875515902 742.5554826356971 231.45345095646326 1.4420514 1.613476 3.7721057 2.838315 1.6130275 21.755306 1.5607985 76.26939573177786 
Car -1 -1 0 742.6917322116523 182.1317526927428 964.2879655141408 329.1063292286838 1.5228083 1.6419635 3.8911672 2.9710436 1.6722116 9.670553 1.5670323 98.70555739267294 
Car -1 -1 0 289.06242488685666 176.13718446631972 462.6966087643251 231.78854847857738 1.4715667 1.6696774 4.3384457 -6.494706 1.568677 20.273544 0.11012118 65.84664377435634 
Car -1 -1 0 102.5623876634441 172.7806702419668 382.4072810642389 271.34640288312943 1.5865567 1.6566015 4.0247636 -6.216565 1.5853763 12.5094185 0.033498473 72.72580742617251 
Car -1 -1 0 649.5255823363393 172.31446157680836 692.82525832187 210.42143702599517 1.6200652 1.6459258 3.797538 2.7248852 1.5971273 32.577354 1.5749598 31.64827224984039 
Car -1 -1 0 0.0 176.44085569680757 321.67758397395335 303.10992612331853 1.568464 1.6229904 4.0057907 -6.2640934 1.6219472 9.871677 0.038043797 21.54263639030788 
Car -1 -1 0 427.50070420509644 174.8240563274149 520.697835077737 209.66704595867867 1.5386987 1.6374695 3.9393833 -6.1034164 1.630548 32.799465 -0.01114291 8.68122219742146 
Car -1 -1 0 355.0634543726674 162.4484523188219 492.0705166962647 218.19822360987374 1.8739773 1.7295678 4.3192096 -6.422122 1.5242043 25.201466 0.038674757 11.068365046107772 
Car -1 -1 0 638.4604682568634 174.10839486784533 672.8553451415589 206.07426636574493 1.6060205 1.6044418 4.0120926 2.4067507 1.6763134 38.421192 1.5782717 2.8505825547758885 
Car -1 -1 0 638.6300518704601 171.83161318481137 668.1631158947382 196.62561026626594 1.583986 1.5770599 3.6014938 2.876121 1.5186697 47.932552 1.5228242 2.5452857735977092 
Car -1 -1 0 413.380725310569 177.51746389029913 515.7237944163994 214.5206623256668 1.4861196 1.6046284 3.9111989 -6.001655 1.6865693 30.110027 0.05251546 0.916185813160351 
Car -1 -1 0 332.0035076509523 156.4203532811852 374.98788072613024 181.10352103716787 1.6403611 1.6051284 4.079316 -17.685516 0.5482354 50.00692 1.5499718 0.27452296018600464 

