Car -1 -1 0 683.1977967436274 181.93759648555175 758.4973146281732 241.72790027434135 1.4225309 1.5595733 3.3974059 2.9028575 1.6883278 19.400175 1.5893676 71.81428187386511 
Car -1 -1 0 736.6320578554825 173.5017000249905 862.1507907871022 224.18515942219352 1.6539538 1.6687282 3.8818693 6.3707905 1.6768403 24.533138 0.067080595 61.19851104611137 
Car -1 -1 0 184.73870078079702 186.1856304673399 421.4642133694335 260.85045763750617 1.4203466 1.6106128 4.2054267 -6.1987443 1.7111938 14.886225 0.023782257 76.33941440963031 
Car -1 -1 0 267.41076827291903 183.53500642973455 469.7879325916756 248.65491701167124 1.4398509 1.6305952 4.242769 -5.593139 1.705179 17.077576 0.014622039 72.28850899823287 
Car -1 -1 0 334.5845757386903 181.09524430831968 488.45720067725284 231.93745836354944 1.449553 1.624243 4.18281 -5.9066014 1.7089877 21.792255 0.053008743 32.720983768600085 
Car -1 -1 0 377.6752861975398 178.5062477467564 498.7138628430225 220.65768671822394 1.4954606 1.6168317 4.07883 -6.270898 1.71107 26.67506 0.01976619 13.731241997427382 
Car -1 -1 0 340.2942537370157 178.07594599965714 471.3317256792387 224.68717734457488 1.502865 1.6197822 4.002939 -6.8023424 1.6859527 24.383554 -0.052827448 9.563282495388398 
Car -1 -1 0 0.0 162.70439898361954 275.2622150905424 313.5355525231929 1.7872047 1.6889164 3.8878775 -6.7090015 1.6669416 9.438866 -0.023204315 43.49035300734239 
Car -1 -1 0 297.078011591135 180.15546664775576 461.91730257032737 237.64188986589792 1.4623442 1.5834013 3.9304037 -6.1249104 1.6681902 19.460209 0.046244696 14.421203620646828 
Car -1 -1 0 56.71345062210513 183.25154076274498 343.4445285697829 281.45591093016765 1.4902655 1.5783157 3.8590975 -6.650353 1.6764958 12.030948 -0.054192767 11.105146600578614 
Car -1 -1 0 426.08337520624144 168.37774684280464 518.3268103090182 205.20123453427396 1.8036814 1.6849136 4.279899 -6.8630776 1.5844262 36.29694 0.053034633 7.187894583344562 
Car -1 -1 0 393.18936072104356 177.82603602597052 502.8407185620793 218.02997284434622 1.5667434 1.6626357 4.045859 -6.496899 1.7747898 29.268993 0.04554367 1.3974900605008445 
Car -1 -1 0 430.0800237309425 177.0406192058113 519.1168139300396 211.11697161352416 1.5467658 1.6241906 3.8317783 -6.3005934 1.7489413 33.91205 0.063303865 0.8775165250475547 
Car -1 -1 0 630.7839825153472 175.35426217744552 663.36491438935 198.19733694214983 1.6061707 1.6495949 3.9865563 2.7286024 1.7980592 53.283943 1.4244003 0.5419250232594502 

