Car -1 -1 0 715.4947267633436 183.80238314827213 862.230171710196 282.2826773734294 1.4028285 1.5878175 4.180082 2.9771428 1.6293764 12.836958 1.5750134 95.43371357495047 
Car -1 -1 0 525.3164041101533 176.5630798977106 570.6611087536354 218.2960185265687 1.4780627 1.5441365 3.5279613 -2.3041139 1.6294353 27.659735 1.539573 58.96608359412328 
Car -1 -1 0 652.2986950646963 170.00088228743115 704.7598663945392 211.9750943052994 1.7064084 1.6463001 4.0749946 2.931333 1.5904183 31.41958 1.5062062 70.31022816183703 
Car -1 -1 0 151.04528990868832 185.88356068932083 407.50240538495757 275.0124456760826 1.4344462 1.5713245 3.827189 -5.7139072 1.680583 12.750076 0.049956903 71.695142259377 
Car -1 -1 0 2.295007800224823 185.86993927710776 371.9641012659931 301.6936652830277 1.4339734 1.6193731 4.2322454 -5.6889124 1.631137 10.032286 0.041828863 91.96398832880216 
Car -1 -1 0 443.81767261057144 175.23032483996965 527.3558012742349 205.39213459146444 1.405074 1.587454 3.8058927 -5.9034247 1.5222354 34.66513 -0.061585564 64.83248051185772 
Car -1 -1 0 292.30741652960563 175.9460952491727 458.8108840361825 237.7800906370388 1.5218601 1.6507953 3.910351 -6.0143094 1.6074741 18.92109 -0.12182462 42.87950762204141 
Car -1 -1 0 693.4369556958359 168.9516720962764 743.7279519564831 184.75151238317738 1.4438095 1.6449714 4.4349113 10.064863 1.0872095 66.81411 0.025644638 3.772538221035729 
Car -1 -1 0 215.92482224549937 178.76302988870594 414.2302067414158 245.87164301730766 1.4569604 1.5671868 3.963958 -6.7291794 1.6011484 16.714256 0.055434484 2.144937660344354 
Car -1 -1 0 630.0053002485729 173.5545316946864 653.1161002596375 190.73058030206906 1.4978588 1.6524465 4.2042665 2.8610208 1.5632923 65.246925 1.5091659 0.6129442528830932 
Car -1 -1 0 496.7269308425396 175.86582746967676 531.0319790533712 204.01931106015428 1.4852003 1.6324792 3.8200727 -5.4157867 1.6629058 40.53607 1.3649334 0.2578948140144348 

