Car -1 -1 0 260.18315889787675 188.12156581758381 428.923690925339 289.6728716340968 1.5088346 1.6378492 3.8487732 -4.638349 1.829901 13.237961 1.5845705 120.76927239198933 
Car -1 -1 0 753.2792743754558 182.36872997713303 886.5624636825053 273.18225610504896 1.4682809 1.5967736 3.6297781 3.879158 1.675627 13.887281 1.5988336 77.99587127899684 
Car -1 -1 0 828.3493483682776 188.92571529982425 1118.7757341231925 362.0897047756173 1.4563594 1.5998353 3.7909544 3.828054 1.6855738 8.358745 1.6189896 99.51013699888823 
Car -1 -1 0 381.51554283245935 184.79123285085356 483.589419333668 251.0486942760724 1.4951546 1.5767038 3.928649 -4.523862 1.8424633 18.997038 1.6129441 75.54154683474712 
Car -1 -1 0 710.2407118482539 179.58686496675762 805.8641976135038 243.07407953030994 1.4577124 1.6312008 4.2420807 3.8002377 1.6562275 19.14627 1.5622792 69.0752011918776 
Car -1 -1 0 522.6973474811406 178.29692627892567 559.710407014486 206.7726238645258 1.4908912 1.5000006 3.4404578 -3.7681487 1.8076851 40.22489 1.6443658 24.76491175565573 
Car -1 -1 0 439.3854404264171 183.75659444606413 511.78362145132155 231.97774931473015 1.4183446 1.5887426 3.971964 -4.3830194 1.8133588 24.136082 1.5969968 53.37036094036305 
Car -1 -1 0 691.5719717657229 178.25100249711377 739.4845251643109 217.550145116436 1.4966527 1.5126696 3.393604 4.2985 1.7312264 29.65411 1.5839657 9.57881388247341 
Car -1 -1 0 674.7426707122943 178.5164748443925 714.3877499810299 211.88711022614436 1.5071464 1.5711718 3.936821 4.0982914 1.7993855 35.25029 1.596775 3.2845355645590453 
Car -1 -1 0 697.2801272099971 180.2186168683028 764.3721804207744 229.69095882485686 1.4932926 1.5966918 3.7905893 3.9868565 1.7601475 24.24479 1.5649278 0.4144924283027649 
Car -1 -1 0 560.9757284408005 177.06776309435483 600.8015105297698 190.6076644326493 1.458392 1.6286043 4.230819 -3.1294925 1.9266014 79.23673 0.05846069 3.6516288299291726 
Car -1 -1 0 538.7554050350233 177.87339436618953 570.6117859320528 202.87583528544266 1.4640608 1.5915339 3.757387 -3.3750525 1.7897416 44.91544 1.6001035 0.27626124024391174 

