Car -1 -1 0 289.4887838402015 187.78224940729368 443.11536377759586 281.2035282083757 1.5083182 1.6549845 3.9122877 -4.5976114 1.8439193 14.25008 1.5888593 106.98410030144271 
Car -1 -1 0 809.0267417679644 188.13759855075037 1056.9803377377489 336.699164213366 1.4543374 1.6033182 3.8290312 3.8803272 1.6944371 9.398512 1.5993023 89.31285197334557 
Car -1 -1 0 744.0984458565633 181.25878325162643 864.5869184523275 265.89042964827297 1.4927987 1.595275 3.6031544 3.8728147 1.6876734 14.909172 1.5952404 83.13013275523976 
Car -1 -1 0 526.3117471257578 178.69772882258658 561.8662507739916 206.58601076141628 1.4988112 1.5157964 3.340262 -3.6999526 1.846522 41.215137 1.6383476 25.43620071178804 
Car -1 -1 0 707.9879861687331 180.8534838978799 796.9225983688954 240.9091633943442 1.453892 1.6286374 4.224743 3.8601565 1.7007234 20.147606 1.5661733 72.67884332530909 
Car -1 -1 0 394.45584341103864 184.73487382000698 493.1251393669405 247.23725010726983 1.4939153 1.5804124 3.9194899 -4.4708614 1.8567841 20.024357 1.6451735 66.23797797592493 
Car -1 -1 0 447.44456872437434 183.70174025908725 518.4928791414761 229.89650599045834 1.4188411 1.5904412 4.108232 -4.3274045 1.8295639 25.230812 1.6166825 40.850524905673765 
Car -1 -1 0 541.6003550836932 178.4077155535295 571.3606231438548 202.59338409880553 1.4465998 1.5791242 3.8395956 -3.3421903 1.8152568 45.96885 1.5800662 1.2413007994697574 
Car -1 -1 0 689.855720535077 178.83179034556494 735.3721233482504 216.8008819614121 1.4996314 1.505321 3.4840813 4.344551 1.7693963 30.806072 1.5889328 1.3811905338244985 
Car -1 -1 0 1003.0117071485726 171.82924291313273 1137.9458121884325 222.8786453883045 1.5888509 1.7004459 3.8618753 15.489896 1.5569564 24.50539 1.3979309 0.8197502833877236 
Car -1 -1 0 682.8863944117311 179.40811217684382 726.7951270636887 211.99137264351586 1.5043992 1.6516272 4.1598363 4.721278 1.8524129 36.23188 1.5698012 0.2680520713329315 

