Car -1 -1 0 0.0 202.6356773427272 403.8369449789951 375.0 1.5380981 1.5609301 3.3829494 -2.9638643 1.8573093 6.0324345 1.558057 74.31081499624685 
Car -1 -1 0 710.0337236676804 195.59381749229217 782.121164782412 254.63779675838478 1.4255911 1.5731193 4.1821284 3.904884 2.1611154 21.202372 1.6330154 60.44817541016911 
Car -1 -1 0 555.7088464013149 188.27475772825733 592.2585244087014 218.79890166445253 1.474835 1.6709507 4.2326355 -1.8776522 2.3573906 39.158127 1.5959828 32.812341476761425 
Car -1 -1 0 804.9790233504851 190.79362351542068 1082.9441160443052 375.0 1.6165268 1.6034833 3.5608573 3.5578496 1.8701669 8.417997 1.5746356 107.38337422015402 
Car -1 -1 0 749.5537208445955 196.1779188602589 870.6467568151204 286.70688185858194 1.5186214 1.6170628 3.98516 4.0486345 2.0749269 15.179682 1.6199814 39.984962340511224 
Car -1 -1 0 676.9984770437433 189.17727096796798 713.9061623622888 222.1409103789143 1.5500052 1.5488876 3.705765 4.4333797 2.443836 37.64333 1.5890251 8.373244802741551 
Car -1 -1 0 453.9541386654178 177.73628123321643 551.2845435738568 265.41006169056135 1.8206617 1.6632876 4.121428 -2.4240706 1.951664 17.287504 1.5857881 77.77894705988815 
Car -1 -1 0 682.7813136003341 189.1320371221039 728.1100303541091 227.96228228013723 1.6071122 1.5766664 3.2816029 4.321701 2.3867817 32.904934 1.5529828 9.6515486159816 
Car -1 -1 0 700.0666616842049 192.6095087729985 756.9532119265069 238.98159782157518 1.4797138 1.5616679 3.5679853 4.2743907 2.2506926 26.35836 1.5923249 18.998401303234967 
Car -1 -1 0 498.7319343935961 190.00898256906183 566.2390714963908 247.17170901214428 1.5701375 1.5945491 3.7853768 -2.3588047 2.1602387 22.89651 1.6108916 0.9840154869344581 

