Car -1 -1 0 726.6986730497604 178.79831112864824 834.2311881844729 261.7595114068808 1.533691 1.6086543 3.5568602 3.5157156 1.6756256 15.413723 1.6184297 82.49452968974695 
Car -1 -1 0 702.783221228629 175.29614554721573 784.3889476193104 237.95039267965313 1.6009079 1.6609519 4.066177 3.7191901 1.6777291 20.646618 1.592239 61.95742434882099 
Car -1 -1 0 289.18675434287826 181.34138045859623 472.37007497656606 238.4062245788683 1.422905 1.6516386 4.348082 -5.9581685 1.658625 19.147938 -0.030317094 80.69552968712121 
Car -1 -1 0 124.90375183964137 181.52320681928396 421.6469341683662 277.56568072548987 1.4709706 1.6668379 4.3532033 -5.613377 1.6316034 12.306183 0.10804775 79.6370904702005 
Car -1 -1 0 674.2553400398518 179.27364796754327 722.698996708578 213.3336842980478 1.4878186 1.5374776 3.388984 4.1298738 1.8055837 33.949635 1.4659035 26.34462963824913 
Car -1 -1 0 374.75626827689524 178.7082853870479 497.0086630745039 225.03202073185503 1.5186853 1.6152279 3.7901583 -5.8699875 1.7254231 24.670078 0.0013982096 33.64499142217896 
Car -1 -1 0 404.71330922687275 180.37275099198854 526.2306851886325 223.3268658692435 1.5155201 1.6416571 4.1390085 -5.2539625 1.8021464 26.634415 0.024717703 7.870217924370937 
Car -1 -1 0 425.50989899648084 176.86958093058047 529.6268492678596 217.48939778792104 1.5835779 1.6687653 3.8713875 -5.296794 1.7515209 29.24519 0.0507997 11.575988066456688 
Car -1 -1 0 461.1834171966986 177.06969759086869 554.641355955229 211.31056054637102 1.5544341 1.6301515 4.0968113 -4.7484913 1.7588749 33.99592 0.08964415 1.2347288931988254 
Car -1 -1 0 519.5147692722052 175.85469223720125 551.3602601635578 206.03911057393867 1.5751481 1.6644162 4.1476564 -4.0835266 1.751235 40.20909 1.4928882 1.4075743352254535 
Car -1 -1 0 449.7284651116098 179.03496865960852 547.1460299707655 215.2995691907745 1.5220495 1.604127 3.9566905 -4.8066807 1.7998316 31.511295 0.05816976 2.966883765395863 
Car -1 -1 0 0.0 176.04292399868478 351.3592945511788 325.8730758440567 1.52053 1.5666773 3.7557654 -5.153424 1.5620401 8.3789 0.12612765 1.3432927110810762 
Car -1 -1 0 500.7773757593547 170.91853698835985 569.0856122755785 196.8516127651934 1.6947659 1.6934558 4.291091 -4.954239 1.5682802 48.195038 0.09257913 0.30379384756088257 

