Car -1 -1 0 750.6158721070196 182.4451414220429 876.5285778950118 268.6438163372264 1.4658327 1.6094862 3.9171429 3.9838789 1.6877623 14.704382 1.6137152 102.29152134405832 
Car -1 -1 0 394.68103337428363 184.41100639595498 493.1885723939057 248.15834920529326 1.5007753 1.62977 3.82642 -4.3823776 1.8467467 19.647419 1.6222546 89.63647338959818 
Car -1 -1 0 807.8688400669378 183.20755110089706 1056.110285714652 328.4699552441507 1.508956 1.5759591 3.5191915 3.9711027 1.6717436 9.547979 1.5209408 113.98489864871122 
Car -1 -1 0 716.9236719527623 178.15141861131147 800.6690590862364 238.04140161612335 1.4999752 1.6297803 3.7748976 4.08993 1.6630161 20.30723 1.5863005 44.347214117304496 
Car -1 -1 0 694.4627971486541 178.63906761729675 763.5315599272365 225.51925407007153 1.4790549 1.5980906 4.120186 4.102462 1.6992149 25.369652 1.5318544 30.043932790527617 
Car -1 -1 0 544.4777575191835 177.90536528531368 576.573833147459 202.71587120164855 1.518676 1.5864758 3.585983 -3.1394744 1.8589897 46.764175 1.6441652 10.951281894422367 
Car -1 -1 0 486.7168353626284 181.30036988798062 542.717903998795 218.46374549336875 1.424242 1.578439 4.083466 -3.957824 1.808053 30.695217 1.6411349 19.898348263129236 
Car -1 -1 0 460.9163941440445 181.78822939835808 527.2374814397364 229.3792641395261 1.4993573 1.5380524 3.841843 -3.9830618 1.8384312 25.425657 1.6228282 24.68483723186696 
Car -1 -1 0 682.0844556815925 177.02846018370676 726.0215930098162 209.85326290298798 1.5394626 1.5762271 3.5608947 4.6769705 1.7589247 36.117325 1.5233644 4.683358528555644 
Car -1 -1 0 962.9026739085213 172.4906201247424 1044.0472139867745 205.76844773168787 1.5534647 1.6059624 4.097701 19.41831 1.5365013 35.77452 1.5128238 0.2615804672241211 

