Car -1 -1 0 0.0 186.52296939940962 244.1500592498224 303.45252622660547 1.5211172 1.5781368 3.8957956 -7.4887056 1.5453184 11.351604 1.5598985 120.74290664359076 
Car -1 -1 0 562.5014493390793 180.8056026006897 618.677797027262 232.6319997335664 1.5659378 1.6984453 3.2020059 -0.5381795 1.4326864 23.340391 1.5477929 51.019285859962174 
Car -1 -1 0 272.7524737066533 184.36396039601703 339.5358910031938 221.7380131532347 1.4681236 1.5857661 3.5129678 -12.503355 1.4346657 30.057867 1.4820548 35.27338242229093 
Car -1 -1 0 473.9150539343289 183.9418841553718 540.2741464833099 230.98066746959873 1.4540012 1.6843328 4.146991 -3.2875013 1.4146267 24.297848 1.5659972 44.412850414240026 
Car -1 -1 0 419.5927373146562 182.1181934258388 467.39778995499506 213.13295700151798 1.4797217 1.6139141 3.7678075 -8.179316 1.331939 36.19564 1.5518535 31.531519223586383 
Car -1 -1 0 276.16293142515747 176.75729000651913 481.29992091102866 311.4568945509493 1.6406772 1.6669924 4.0645876 -3.1525288 1.5376515 10.817469 1.6076313 100.52934767376858 
Car -1 -1 0 314.120821432376 180.3678423047641 407.9735977753377 234.31523996646172 1.5896593 1.5977018 3.751049 -7.786169 1.4468083 23.089943 1.6129565 7.543575186993905 
Car -1 -1 0 90.5842865376753 188.79365586681806 230.30105398490693 245.88890249393012 1.396384 1.5973701 3.7706163 -12.078481 1.504132 19.734434 1.5339088 16.82049751232157 
Car -1 -1 0 510.27858408598513 182.87455322856866 547.6929707889293 212.37964383820054 1.4573877 1.5816927 3.6382551 -4.0142026 1.3417481 37.334354 1.5609093 5.99839652678858 
Car -1 -1 0 466.15324407962146 179.7253272662443 494.62883819382944 202.9851658732542 1.5385201 1.566061 3.6396663 -8.680417 1.17536 49.420624 1.4980197 5.657271021687033 
Car -1 -1 0 386.3679373029384 179.60481134707936 422.08137417897905 203.94451884898564 1.4670472 1.57608 4.029341 -12.773325 1.1288576 45.423893 1.4486208 0.2739236056804657 

