Car -1 -1 0 679.1472520025779 180.53327800280238 759.3455677664193 242.8125153842369 1.4488221 1.6028172 4.0077577 2.8219252 1.6757122 19.30067 1.5884567 113.81779353529859 
Car -1 -1 0 142.86825463997172 197.1366604450346 338.8474099735096 303.6039491342639 1.460495 1.5783836 3.678728 -6.1828566 1.9464885 12.591239 1.5575852 108.7117926685259 
Car -1 -1 0 807.2089942628646 162.61085771449135 981.6385177324845 218.50167738813084 1.5868238 1.7169178 4.504021 8.360059 1.2960056 21.415876 -0.03212224 90.83392514013278 
Car -1 -1 0 940.5446561964877 161.36979811683773 1242.0 259.39381299795974 1.5240347 1.6829008 4.3785963 8.118626 1.3454833 12.081081 0.009828448 126.87252130641038 
Car -1 -1 0 376.6268789818462 186.3718606505942 461.1605353473316 239.39055704221914 1.5144637 1.6494974 4.1485844 -6.156206 1.998523 23.754951 1.5808854 55.79377921898616 
Car -1 -1 0 455.1648795139258 184.298407792719 506.6436090555298 219.12934331356453 1.5251808 1.6014673 3.9393902 -6.1584587 2.110973 34.92371 1.6230726 10.217132734328146 
Car -1 -1 0 880.5073444197628 152.19795213750942 1118.4263692778804 235.48197272880543 1.6615524 1.6942846 4.118514 8.106591 1.2494552 15.255811 -0.006650944 75.43051388487092 
Car -1 -1 0 1128.7853303600084 143.50111220300812 1242.0 184.20384059843522 1.5145341 1.6064734 3.9555812 22.455084 0.4223234 27.653973 -0.001301164 10.49579628813713 
Car -1 -1 0 479.64033007095264 183.05036349842163 520.0901482487054 212.82755759329322 1.531409 1.571735 3.8917725 -6.0914865 2.130441 40.422653 1.5991598 5.8546454383436455 
Car -1 -1 0 637.2014934527708 178.02873760860376 666.5406039904171 201.7344175441521 1.4841026 1.6176418 3.9857206 2.7785168 1.8432577 48.064987 1.54414 0.28254052996635437 

