Car -1 -1 0 366.46876277710913 194.33084363128253 491.19599410624147 268.3373520759286 1.3891952 1.5675073 3.6793752 -4.2572365 1.9425013 16.633896 0.95632243 117.17557563238641 
Car -1 -1 0 858.8594815878856 171.8160022287473 984.8364223884992 239.70551828382986 1.3976023 1.7245747 4.188141 7.1890974 1.3762336 17.054068 1.7222306 53.383713125358554 
Car -1 -1 0 253.3402710221479 185.5467295877496 311.87974746113343 227.57260869566002 1.5087907 1.608775 3.812177 -13.265974 2.057805 29.172237 0.9966468 49.49543250094637 
Car -1 -1 0 774.1631301936582 171.3802417573173 846.6716021998891 232.17055304950992 1.4075311 1.5677996 3.3801055 5.0644045 1.3734078 18.520115 1.7745744 69.46039972164601 
Car -1 -1 0 439.3086996322928 176.43599332969953 524.4251671647042 212.55021551665945 1.5903128 1.6107144 3.5219502 -5.7930117 1.7586987 32.94288 0.0992672 46.6422160932879 
Car -1 -1 0 30.62467097937884 190.6248488981569 74.5064992404645 224.85113540512478 1.5807179 1.6876056 3.8521268 -28.895617 2.5552375 37.51275 0.94432235 23.367808519360864 
Car -1 -1 0 237.21548337267262 185.32282962498587 280.88323460026686 219.9721949902177 1.4586532 1.5325384 3.9194732 -16.529892 2.081172 33.946617 1.0367117 13.873313259490622 
Car -1 -1 0 952.4260009841171 165.41774251695043 1135.7558118946815 227.54612258909287 1.4759622 1.592802 3.8913906 11.414619 1.2993015 19.219826 1.0314555 19.951152763496594 
Car -1 -1 0 368.4071685516642 182.11999550446987 457.0515050235531 211.6744954907284 1.4991877 1.6453325 4.2119174 -10.330012 1.9990352 38.03898 0.029236378 5.575352370695127 
Car -1 -1 0 501.47550396028754 161.47706077144545 786.6342081526981 329.3684497525992 1.891737 1.7682179 4.492848 0.23581558 1.7635459 10.479798 0.964432 5.479853850491085 

