Car -1 -1 0 720.0191554154965 173.41398309890528 901.9172859314442 307.4743259660714 1.641239 1.5727248 3.5385456 2.7535448 1.6508999 10.64828 1.530115 136.58734128595478 
Car -1 -1 0 662.2796776099523 178.79258497975547 722.7825640049582 225.73227831833884 1.4446031 1.5882924 3.3467398 2.7275577 1.6587015 24.323189 1.5496634 65.66987411913533 
Car -1 -1 0 715.042938693357 172.88369352847405 818.4799472565367 214.92904557909787 1.6644623 1.6738181 3.896853 6.356936 1.6657128 29.477837 0.039297286 42.16458991167923 
Car -1 -1 0 290.45315570022126 181.037057872191 464.8078251061896 235.874596848127 1.4172103 1.6118546 4.251319 -6.2584734 1.650935 19.755268 0.022392929 48.569776888890175 
Car -1 -1 0 0.0 182.101081270952 335.32258225405195 312.63190466068556 1.4840312 1.6387503 4.214501 -5.963974 1.6167021 9.348803 0.088954575 90.29498696606997 
Car -1 -1 0 346.5767145164712 177.3726293273422 493.0994382322495 228.3186480216398 1.4794309 1.6247761 4.0210376 -5.693902 1.6222401 21.953773 0.018833145 45.57169518435666 
Car -1 -1 0 98.28333593384642 179.71760513010167 383.6412396317027 277.3721233450521 1.489203 1.5973327 3.9174056 -5.9532356 1.6107799 11.950386 0.016263757 57.43824686534229 
Car -1 -1 0 381.23412921764213 176.02520368396523 501.2609078296882 217.88372314806722 1.4813898 1.6050014 4.017755 -6.156146 1.602562 26.624449 0.07236939 7.9533016547506605 
Car -1 -1 0 219.6827004752845 178.34220181210407 412.2587640420574 245.89753634425736 1.4931736 1.5832257 3.8686614 -6.768894 1.6280286 16.905735 -0.016678335 3.2240587047417453 
Car -1 -1 0 149.03972978645461 162.75595466241592 378.3264120422149 256.2738301767479 1.7365792 1.681895 3.7383904 -6.713139 1.5490636 14.304729 -0.03516406 20.78605720985026 
Car -1 -1 0 625.3925210742799 174.22866194717773 654.5662476360134 194.39454420044746 1.5631021 1.6444103 3.8236444 2.4187465 1.6778536 58.21698 1.4186182 2.9400947839061464 
Car -1 -1 0 356.9127540548264 175.05509870955865 485.5675436190857 221.7616428366758 1.5060902 1.5942204 3.8965888 -6.320422 1.5836961 24.402138 0.12716484 5.880074781493843 
Car -1 -1 0 468.5920294945078 175.99002361885493 513.1403064709573 210.41100292576164 1.4484203 1.618613 3.7076766 -5.305404 1.5984032 32.608196 1.5094235 4.024379002963102 
Car -1 -1 0 440.31394953903646 166.48068173753418 520.3922906020397 198.16651661806017 1.7708194 1.6568385 4.27514 -7.324355 1.414635 41.161423 -0.004017226 2.121470583321414 
Car -1 -1 0 390.1575482263282 175.78338643593978 493.5942208562788 214.45124245490794 1.5171038 1.5941954 3.848465 -6.74528 1.639452 29.286633 -0.027135573 0.6261472724963738 
Car -1 -1 0 660.7825642341937 173.4510914875353 684.4875223966678 191.09918743811502 1.6054026 1.6543394 4.2560663 5.9058948 1.6634264 67.95037 1.5200353 0.3188876807689667 

