Car -1 -1 0 712.2589779220878 184.2410706799646 834.0818088104362 227.04327656176315 1.5153025 1.674504 4.1471004 6.026628 1.953203 26.877293 -0.015904201 63.99458090717409 
Car -1 -1 0 0.0 185.2739423854952 317.6241340914593 305.620323823342 1.418067 1.6007648 4.09467 -6.249341 1.5986313 9.588947 -0.049625352 119.57533871729497 
Car -1 -1 0 90.29105816654662 186.67915558044996 396.40378059869283 282.2854156202123 1.4365593 1.6311595 4.243862 -5.8969636 1.6834083 11.99134 -0.03616102 71.08635391109341 
Car -1 -1 0 833.8728601017253 192.40034857552288 1046.64520049067 267.4642362965432 1.4028065 1.5454789 3.6907141 6.710555 1.8293653 14.848795 -0.06852518 91.7686099526096 
Car -1 -1 0 796.7148493201641 185.75010402585048 970.2385334581937 252.9826256846867 1.4802327 1.5684066 3.5222676 6.430747 1.8029749 17.146389 -0.07329312 52.42931909711884 
Car -1 -1 0 642.7255929044485 182.25855917828224 673.2729966475553 209.39014192922411 1.4244812 1.5738776 4.1453648 2.736675 1.9916532 41.423515 1.5950336 14.523527425760067 
Car -1 -1 0 260.0119362872729 181.1964420017858 460.4044205451557 250.16867171884476 1.4890552 1.6208202 4.0693326 -5.665739 1.6923122 16.686592 0.040996093 70.8219489460688 
Car -1 -1 0 435.53497179410414 179.36952711974158 531.1949350048777 212.42490903770323 1.5456194 1.6504261 4.318907 -6.077359 1.8702126 35.023712 0.04530631 24.33407259359156 
Car -1 -1 0 322.7507285650094 171.52132523416077 479.51349159649465 231.92420202677079 1.7415513 1.6958938 4.2321186 -6.1692533 1.7031271 21.69033 -0.018415596 28.38988299811172 
Car -1 -1 0 378.4513187984446 181.94088843129956 499.2865291510538 223.77912149543272 1.4760926 1.6165657 4.072336 -6.247669 1.8228385 26.680098 0.022071602 13.352296104749147 
Car -1 -1 0 306.2204276874075 180.65713065752843 477.2454953421501 240.10484903797257 1.4802097 1.5939819 4.020957 -5.6529927 1.6949782 19.022337 0.019895326 20.724535311527774 
Car -1 -1 0 460.82996174201475 178.92641500762554 540.8347304041794 210.0211942753064 1.5844004 1.6410087 3.9456968 -5.6738863 1.9108808 37.94482 0.014142854 4.622474947528234 
Car -1 -1 0 159.70928562825964 183.62866027184813 398.57932252184963 263.29396508546046 1.4728857 1.6058366 4.0608377 -6.491389 1.7032495 14.507626 -0.057843357 1.889774624752531 
Car -1 -1 0 568.9522493707012 181.236201282317 590.5006194057006 198.31424332778067 1.4527509 1.5855086 4.0946116 -2.6786284 2.2379992 65.50921 1.621411 1.1675634077710386 

