Car -1 -1 0 0.0 181.93366607079562 257.43069333098646 309.2661637042005 1.5328285 1.583123 3.4430816 -6.824352 1.6654115 9.672527 0.042214762 86.0803492852093 
Car -1 -1 0 652.1799842938865 179.634819889008 705.4326440806544 221.4334900276948 1.468375 1.6477573 4.292988 2.6269474 1.7535641 28.195904 1.5656576 49.482122558220034 
Car -1 -1 0 79.0658137126959 182.87082814879446 372.95059581822596 278.4697086981414 1.4841058 1.6327696 4.1059103 -6.32327 1.6650234 12.203475 0.0059026834 96.24585404069663 
Car -1 -1 0 175.6331798062093 182.069267591919 414.68445419970936 260.92634490940134 1.473328 1.6491356 4.151089 -6.265184 1.6724303 14.645407 0.05821248 50.574601311372625 
Car -1 -1 0 298.9669297675651 181.21153528226333 475.81507522993235 237.26322453425246 1.4749684 1.6645973 4.442137 -6.1512566 1.7208146 20.251045 0.064531416 34.750521163808635 
Car -1 -1 0 407.68809805858183 178.56032674926553 517.8413730398873 216.86850188022694 1.5029747 1.6590626 4.191851 -5.9280996 1.7431958 29.475674 -0.033442013 17.376931033718222 
Car -1 -1 0 352.50420309225615 180.31600345552775 479.9876169590963 225.9242786753488 1.4736974 1.5721102 3.9079022 -6.5657096 1.7395915 24.680956 0.12833215 7.387903921328787 
Car -1 -1 0 489.2207201398502 177.1849686411436 551.0669873082219 201.9415976232912 1.5563557 1.5918741 3.6952062 -5.7701344 1.843163 46.751476 0.13105294 6.5948253137729305 
Car -1 -1 0 690.2436963288433 177.3690941065201 771.4542867706118 207.7689184278047 1.5339332 1.6821573 3.9552128 6.2603283 1.7742186 37.53215 0.013071351 3.771126352473795 
Car -1 -1 0 547.3063911948861 177.32822598307266 566.1507729190191 194.6319680171314 1.518617 1.5333996 3.7336483 -4.821122 1.9406747 66.18045 1.5492767 0.3209112286567688 
Car -1 -1 0 309.12257781645275 181.9083464127099 454.68324136026763 232.30464200290638 1.4936581 1.5814021 4.055561 -7.071619 1.7890341 22.625746 0.060914896 0.5287025239519725 
Car -1 -1 0 361.5474048992882 177.5383995157957 479.790256462081 220.58870174347373 1.5698559 1.6210377 4.051216 -7.080975 1.7524065 27.303457 -0.0021214106 0.2996952533721924 
Car -1 -1 0 464.40297980541334 176.6418963925218 541.4860818928728 203.99844042893577 1.5426253 1.6907688 4.3382545 -6.1501026 1.7684301 41.99127 -0.082481764 0.2712894380092621 

