Car -1 -1 0 804.9481963406906 183.65838302463578 1216.7753856116392 375.0 1.4251335 1.5370398 3.5605226 3.077322 1.548575 6.4225216 1.5137991 116.22850361301964 
Car -1 -1 0 7.076144071021463 187.3308423408634 296.96476396251006 329.86441515939987 1.4758567 1.6092669 3.8354757 -5.830428 1.7117074 9.810554 1.5361731 108.4966907619556 
Car -1 -1 0 465.6092991436391 176.11523519107536 520.6916852080773 205.9334892928322 1.4162718 1.4908127 3.579393 -5.9481993 1.5903568 36.60252 1.0139407 46.70980861446599 
Car -1 -1 0 114.77298849932426 179.4962260834287 196.87959171933917 220.30040329973102 1.4369347 1.561185 3.681057 -17.506153 1.7129548 28.016705 1.349256 6.131929055004395 
Car -1 -1 0 660.0374225597802 170.35435727090433 719.7305583859414 189.78368196784174 1.4673829 1.6370935 4.310855 6.224576 1.2785993 55.94999 -0.32081628 10.967308628183329 
Car -1 -1 0 546.6234751151836 172.62932334575046 579.4751445126199 193.28746729103995 1.4492267 1.669725 4.2900376 -3.3598926 1.4334648 52.84345 1.6839267 1.9113403567134788 
Car -1 -1 0 352.407356573761 177.1738594756499 416.3397614710706 203.71285787299675 1.4900067 1.6271515 3.864444 -13.402577 1.7574183 42.8785 0.62176186 6.86043714804897 
Car -1 -1 0 942.7417081864713 142.25918086415462 989.2299008529315 158.57264597930546 1.5269718 1.6380951 4.045908 35.394024 -1.4504641 71.75034 0.39313117 0.4289352297782898 
Car -1 -1 0 171.75587487386005 178.97278485061696 256.5731640435917 221.69924430604374 1.4497163 1.6219007 3.848359 -14.729111 1.6967351 27.096466 1.4033182 0.8042850008009007 

