Car -1 -1 0 923.5863029243591 184.54769709784634 1233.8436433566383 304.42696108389043 1.4002336 1.5255898 3.6017685 6.7239 1.6062548 10.760378 1.106235 120.28204656071445 
Car -1 -1 0 662.4904864205662 184.1229755201145 733.778565473478 234.40711846446138 1.4330324 1.5176558 3.3920019 2.7601526 1.8219033 23.127808 1.4571762 72.64466669579336 
Car -1 -1 0 137.28605381343752 192.4925339097275 375.01642503861024 275.1603868891797 1.4969604 1.6210487 3.9071636 -6.8549414 1.9074299 14.266794 0.0019003011 42.63412459430978 
Car -1 -1 0 636.4860660102727 182.11979659058568 681.7903320859677 218.184273224529 1.4836483 1.5807881 4.075013 2.1928658 1.9318244 32.824753 1.5196815 24.204675772434566 
Car -1 -1 0 276.84051731001637 193.2123198928747 446.5756233026528 251.7798387390174 1.4245579 1.5912851 3.9147844 -6.4116616 1.9824322 18.947737 -0.014735329 63.10979011354619 
Car -1 -1 0 46.603826673624226 193.38734100738495 328.1412822528128 293.8334835312751 1.4917805 1.5742617 3.695527 -6.7685833 1.8509026 11.829256 0.0016761516 36.33765419312472 
Car -1 -1 0 361.3068863931342 188.54032401258712 482.03139964751284 231.39569787326565 1.444987 1.5780721 3.9034681 -6.7129107 2.03046 25.978165 0.08524937 24.39955717203964 
Car -1 -1 0 305.50044265907474 188.62806846548557 451.1861029735697 241.98121547359412 1.4857708 1.5863461 3.8173468 -6.7739644 1.9714608 21.397104 -0.013750108 7.8267548422145685 
Car -1 -1 0 399.68062287766764 184.08722033220164 496.67274441285406 222.1585252383887 1.5364497 1.5847087 3.7246141 -6.868591 2.0337214 30.851564 0.16615473 14.427870261300209 
Car -1 -1 0 486.2448837978573 185.50919293972822 531.4747459160851 216.11096238843257 1.4368924 1.6468045 4.156948 -5.20123 2.1355567 37.72806 1.6063118 16.041015495340826 
Car -1 -1 0 334.2263024718077 189.9633922054953 468.2372878866931 236.63772341722188 1.4377642 1.565527 3.931016 -6.751421 2.0171785 23.62696 0.01293553 11.760960159322105 
Car -1 -1 0 517.0220258311278 181.4895064791617 550.1219530686362 205.8607507449878 1.5760806 1.5787419 3.9500964 -5.2363234 2.2004545 50.13603 1.6533465 0.847612904448568 
Car -1 -1 0 382.41011446423016 186.27637551399837 486.7663065414067 226.0711749775041 1.4928763 1.5619376 3.719894 -6.881904 2.0412 28.575603 0.06507927 0.252241313457489 

