Car -1 -1 0 232.40665406120277 195.13085746517675 406.4091770760092 284.88504360048455 1.4501798 1.7056427 4.3897085 -5.7677364 1.9817523 14.990456 1.6104639 126.09390603567098 
Car -1 -1 0 715.6315672828676 178.40424011928914 837.7946644229755 266.51875112674094 1.5123343 1.6054075 3.9973755 3.2230296 1.6404628 14.647004 1.5849533 99.82682639410979 
Car -1 -1 0 774.0291684626811 182.82717347589 1027.6548160893342 332.17542350806184 1.4251058 1.6326575 3.9257402 3.33369 1.5782583 9.113951 1.575027 91.67517087664277 
Car -1 -1 0 679.9196598864887 182.53223583151777 744.1962312719085 230.3314458859086 1.4506061 1.5050664 3.6141677 3.399376 1.8037235 24.484352 1.5222435 66.33286407255208 
Car -1 -1 0 360.03545016907464 189.42289216575531 451.69956342687016 248.83067442317147 1.4848527 1.5435967 3.5752084 -5.775484 2.0053365 20.855122 1.6019487 59.30826654028867 
Car -1 -1 0 999.6287074668946 156.55377227039014 1242.0 267.5731789655659 1.5417814 1.6275797 3.90558 8.266927 1.315412 10.876775 -0.021934189 116.00559378368915 
Car -1 -1 0 436.3726072465512 186.15322952742724 505.3990068349314 225.96205931931368 1.4526043 1.624089 4.1008997 -5.651951 2.0428672 29.889517 1.6939505 28.215594341865003 
Car -1 -1 0 648.9629842009883 179.42313514525387 688.1958851663233 209.9774135214693 1.5268998 1.5750813 3.7368007 3.1241572 1.8975546 38.79654 1.5062563 11.709143808116616 
Car -1 -1 0 665.3766165508474 181.1986688586899 719.2767792068728 220.65872640957514 1.4993092 1.6266177 4.0197806 3.4051728 1.8736984 30.326422 1.5238166 11.196029030209745 
Car -1 -1 0 504.2037626144418 181.16046118127701 530.9130080169707 206.7469143806252 1.4758854 1.5802504 3.8433602 -5.7464733 2.0163636 44.937164 1.4343362 0.9940744352047032 

