Car -1 -1 0 728.9499123758989 180.7375885771334 913.785800216809 309.4098292102012 1.497566 1.5692422 3.5111604 2.8259125 1.6303897 10.385633 1.5507808 129.0739484292082 
Car -1 -1 0 367.04638348631846 193.27369956911141 470.9487843436813 269.44334780078447 1.4603181 1.5599718 3.579369 -4.259354 1.9821244 16.622505 1.5360212 85.98676787745758 
Car -1 -1 0 668.5165967326694 182.3723395695122 734.5093954252608 239.6513927061541 1.4623699 1.544556 3.2865975 2.5537915 1.756505 20.635242 1.5952315 100.68856133589188 
Car -1 -1 0 496.5929977248858 183.53398150074517 532.7662063527395 214.19491238844546 1.5497391 1.5479561 3.7766657 -5.1718903 2.1653867 39.693165 1.5555763 32.21999614810609 
Car -1 -1 0 445.40633327541275 181.62854244071787 511.3414425712868 236.18550434582156 1.7437658 1.6371214 3.9243402 -4.575103 2.0796576 25.657131 1.5691328 58.2128524280947 
Car -1 -1 0 639.6427524391314 178.6738106381616 678.3171866166833 212.11101992564252 1.5714351 1.5361662 3.425168 2.4395266 1.8781064 36.27015 1.5178199 23.271262316895317 
Car -1 -1 0 623.5864599498136 178.8148314364259 647.5349031717 193.498926358561 1.4770358 1.5867951 4.1392736 2.7889652 2.1279187 76.578835 1.8508947 2.5656977232064175 
Car -1 -1 0 548.7505833269249 183.12764417828691 572.2151652237139 198.29310230605734 1.4524956 1.563248 4.1387644 -5.0151005 2.5397077 74.1958 1.7170901 1.01032685812436 
Car -1 -1 0 526.7363362102122 183.7165245058787 547.9152032304952 204.7708059919894 1.4969331 1.5622382 3.9490442 -5.555455 2.3625407 55.453564 1.4684287 0.6191434792147507 

