Car -1 -1 0 218.86362630846588 191.66295884669282 446.73787438026875 325.37932815485846 1.4454274 1.7355572 4.466784 -3.742178 1.7825497 10.682514 1.5511996 140.15556586845884 
Car -1 -1 0 401.0255346755725 188.19513933151592 489.8000749485599 252.7213790227194 1.4162836 1.5121458 3.365898 -4.0657763 1.841882 18.328522 1.5632665 78.82391997345164 
Car -1 -1 0 642.8159565511131 176.37537769268246 684.8172480658383 212.27647981710336 1.4758625 1.6142167 3.577403 2.3397405 1.6398726 31.810068 1.5798988 62.3354787600912 
Car -1 -1 0 0.0 205.4978448747282 264.39630708215526 339.0435203800411 1.3692374 1.6434007 3.9813497 -6.7259145 1.9285237 10.367538 1.5660505 83.13622156143168 
Car -1 -1 0 771.7493937659743 163.84635753578357 911.3277181933723 211.48623140456272 1.5889544 1.7145667 4.295091 7.944675 1.2885183 24.988289 0.030564839 29.90580642353155 
Car -1 -1 0 486.3441485454418 180.85612429308873 520.9933579051205 205.84871742701247 1.5278203 1.5975682 4.0217333 -6.9139376 2.0764248 47.437294 1.594786 4.940700207942976 
Car -1 -1 0 746.2914470859245 162.22834224246475 863.7830816127627 203.6228401436802 1.5565977 1.6715946 4.1202474 7.5169716 1.1570306 28.009853 0.02016463 12.969609597000717 
Car -1 -1 0 716.1789895452695 166.53895680562346 811.4311560837201 201.03496633521206 1.5887192 1.6818147 4.1817355 7.2396655 1.2978787 34.149906 0.03782341 7.320985792803784 
Car -1 -1 0 452.561258438382 178.44493657446614 494.7389769490404 215.11048254659661 1.7052488 1.642673 4.0558844 -6.772142 2.002486 36.27639 1.4961523 2.5678731048545447 
Car -1 -1 0 911.2927983776933 153.98620498222266 963.3695286448121 179.20936584553186 1.5023341 1.5496442 3.6282098 20.285864 0.3785361 44.79946 1.5585538 2.647866828729582 

