Car -1 -1 0 238.03582905038317 185.93902623030866 450.7793716631515 315.3563853189418 1.49739 1.6079342 3.6996908 -3.458462 1.5095332 10.203122 1.5899943 88.91295856410603 
Car -1 -1 0 583.572899173812 178.73242201569028 622.132262934183 214.12596704147225 1.5623875 1.6731431 2.9950309 -0.23999311 1.2761943 33.26519 1.52724 36.33400233554681 
Car -1 -1 0 365.9014436226905 182.16101672332718 440.11281100578117 224.4616741554471 1.422692 1.603208 3.9310966 -7.325277 1.3199543 26.147406 1.5649205 35.12407057349053 
Car -1 -1 0 465.51083785874704 177.53421636207287 539.1099496515504 234.77539264411823 1.6270849 1.6382853 4.1566696 -3.180647 1.4087381 22.52451 1.5865383 96.75385318094973 
Car -1 -1 0 194.3445680973743 188.6255563928058 346.7330244768767 259.66687304232585 1.420436 1.5651045 3.6290956 -7.5059466 1.5072091 16.42297 1.649192 39.093449842624565 
Car -1 -1 0 78.56529368910994 186.61008894672307 236.77891184722563 248.14769541101418 1.4075835 1.5855188 4.0104675 -11.373977 1.4474465 18.54227 1.566703 35.74911760730017 
Car -1 -1 0 430.6631359495445 181.1572084649988 479.27653153646446 211.05143899431678 1.4223483 1.6476234 4.1429157 -7.6139317 1.2292479 36.289093 1.5522416 22.604343940232006 
Car -1 -1 0 327.04611278201185 180.00134363016596 387.56888441875725 211.88193869513222 1.5006931 1.6033182 3.680567 -12.337073 1.2552414 35.70936 1.6111807 2.585548104084649 
Car -1 -1 0 193.6577054607366 181.74733003557952 289.6192157447749 228.48246938139792 1.4460117 1.5250726 3.7629516 -12.16271 1.3386984 24.17096 1.5024686 1.7784027907736093 

