Car -1 -1 0 162.31028557474835 181.11059687300423 360.84411547576116 288.6073837805757 1.6357856 1.7075208 4.2419496 -6.1890693 1.8140234 13.441808 1.5549158 120.15140015500849 
Car -1 -1 0 319.76837236710077 180.18948278219207 429.69033400586966 246.33775654990072 1.5990384 1.745756 4.4216776 -6.3951306 1.8268447 20.17273 1.5421628 51.034156191962154 
Car -1 -1 0 516.075771299949 179.46000918915044 558.1621020989481 208.68190155358715 1.4254072 1.6871496 4.4514823 -3.7968292 1.7980778 38.458122 1.5964518 35.929308589499364 
Car -1 -1 0 424.5174217052881 183.6079495451147 480.8369049309211 220.97944812668433 1.4259533 1.5876421 4.0352726 -6.6026454 1.9142632 30.731752 1.5529454 37.97007384614968 
Car -1 -1 0 629.6496078333671 172.9440339530453 656.4735263186844 196.01302106381536 1.614186 1.6527323 3.9697416 2.4017928 1.6209888 52.511806 1.5410098 9.399800896347829 
Car -1 -1 0 1077.2885933803689 147.19308295495588 1242.0 205.9199743350916 1.4749523 1.5957012 3.9391432 15.375292 0.83046675 19.972527 0.6722294 35.381152872501474 
Car -1 -1 0 700.5405666941753 167.87030863910616 773.7370134990783 193.71049795226688 1.5959253 1.6934838 4.2832413 8.004571 1.2881255 45.490143 -0.03776121 8.074773093663353 
Car -1 -1 0 690.934847223467 165.2698765397882 754.1925120376288 190.1286144269687 1.6370175 1.7145765 4.136854 7.5635376 1.1375815 48.596 0.11078842 2.300582379995588 
Car -1 -1 0 1157.2574428039256 140.6424771317866 1242.0 169.83458518378941 1.4687057 1.5661637 4.0239325 30.918715 -0.15984392 37.338356 -0.037958078 0.267843633890152 

