Car -1 -1 0 705.9801233276424 189.35855093162544 858.6518475267098 287.00691029906636 1.4069974 1.5609668 3.496376 2.897449 1.7421982 12.833116 1.4646673 105.97358427445283 
Car -1 -1 0 651.2840417334309 182.50868439671336 727.3081273206353 236.27057416362857 1.4590354 1.6432903 4.419369 2.389217 1.7922584 22.647558 1.5097511 81.25130676016467 
Car -1 -1 0 0.0 198.18581291332572 287.65723045607206 333.30640631943396 1.424988 1.5770836 3.9790637 -6.22623 1.7588409 8.709306 0.005756591 101.5827138409543 
Car -1 -1 0 200.34339396939916 189.09244220834984 404.8359541474318 261.0595857902769 1.4329169 1.5608019 3.762957 -6.537983 1.8032544 15.6032505 0.038532317 48.211015875054045 
Car -1 -1 0 643.4620178074932 180.89941515543617 688.1382590955016 215.9437314099797 1.4756842 1.572328 4.0114436 2.5394359 1.870419 33.36062 1.5237979 18.701209577556572 
Car -1 -1 0 30.17763600823043 191.79852142310182 334.8788889537563 295.161638902346 1.4360778 1.5602499 3.7748857 -6.4150896 1.7487254 11.112074 0.0082658995 45.33951205677388 
Car -1 -1 0 369.7007915797479 186.36298504523833 500.50854340347854 228.1147208616003 1.427142 1.6324983 4.3344 -6.284289 1.9364246 26.242748 0.06671144 33.773718024645646 
Car -1 -1 0 121.94736253310481 191.42797833470289 368.73664181554693 276.097554249246 1.4320116 1.5491842 3.8331492 -6.6624646 1.799829 13.4334755 0.042338654 29.526896866034285 
Car -1 -1 0 291.0765517103625 182.1770544170769 446.93854826788515 238.35610314935127 1.490974 1.6005756 3.9064717 -6.795149 1.7701864 20.554264 0.13439846 23.297094858836168 
Car -1 -1 0 246.82451071520708 186.18025125305894 428.9962757180339 249.10773403682694 1.4776206 1.5960898 3.9699736 -6.718936 1.8271579 18.107273 0.010128334 18.569334257764815 
Car -1 -1 0 382.6888110045453 182.75890848586897 494.6629584723612 223.22205470680035 1.5444815 1.658057 4.070268 -6.763238 1.951874 28.819157 0.014260321 5.8161850080400574 
Car -1 -1 0 630.206610683766 176.73996321954175 656.8189220508518 200.00263325288492 1.6136038 1.6513927 3.6005695 2.437148 1.9061117 52.48583 1.5378668 4.399977945243119 

