Car -1 -1 0 726.1549273038048 185.65298875143318 930.8880381626523 265.42694522160843 1.4823893 1.5893021 3.654409 4.363859 1.759638 14.67243 -0.090966985 122.49923042782318 
Car -1 -1 0 133.42284568057661 181.24361017656895 353.82808766304686 255.96911151193967 1.5061953 1.6305186 3.9575186 -7.822263 1.6999531 15.710753 -0.070773065 123.38657017304237 
Car -1 -1 0 0.0 182.80705562807364 260.1651194750384 292.5458801983871 1.4529078 1.6169777 4.141945 -7.5885105 1.6115109 10.606225 0.04044486 56.98905238628187 
Car -1 -1 0 458.97824179430944 178.43955566191062 490.9125718519986 202.63382398549527 1.6894144 1.6922375 3.5526886 -9.964646 2.1168265 53.250786 1.2013612 17.238743975864626 
Car -1 -1 0 696.0208008220295 186.37229409537335 877.3849525482294 252.96505252298644 1.4473888 1.5891192 3.8403974 4.074223 1.7817447 16.946949 -0.055191517 20.328067171776596 
Car -1 -1 0 231.67230640763634 174.73020413583933 381.87768371877723 235.78911216234147 1.6352088 1.6613183 3.720807 -8.523398 1.6919656 20.612595 -0.21873605 23.414996846506995 
Car -1 -1 0 266.13264187527164 174.9269570754741 398.8214052850622 228.29494914087516 1.6113222 1.6275809 3.7523897 -8.748282 1.6810017 23.065475 -0.21060607 8.106584650628843 
Car -1 -1 0 182.10596424458836 177.42538786160569 360.2546047217843 245.52349128302865 1.5977093 1.6497976 3.7172253 -8.363245 1.719006 18.106638 -0.11834402 6.481829034421953 
Car -1 -1 0 997.9529264070441 188.58594910927462 1101.3979715852206 223.3278480689456 1.4768187 1.608084 3.9426513 20.93304 2.270043 34.415863 0.78841805 1.962005853652954 
Car -1 -1 0 960.7059376477833 187.73444039969635 1017.0512153529809 210.3102097183219 1.4428909 1.6414037 3.752427 26.571724 2.5285254 50.6748 1.4411936 1.034675982318193 

