Car -1 -1 0 437.3459224453788 170.63015317658912 518.65824152729 202.51268215911034 1.4784409 1.6031868 3.7580414 -6.3276873 1.3753176 34.652084 -0.22058052 38.636373313992046 
Car -1 -1 0 698.2488307928944 169.2756446550577 740.7872201659752 190.96944158490803 1.4473245 1.6369596 4.0223722 7.608139 1.2085905 50.272984 1.3679649 23.321819337976535 
Car -1 -1 0 979.8017274968814 162.0520567487281 1033.2086996523374 182.89160978433907 1.5058702 1.5773959 3.3605855 29.64189 0.7253194 53.973946 1.2814229 28.281948916391443 
Car -1 -1 0 775.2556131748403 165.94431251506336 824.2786168890998 187.64814223534748 1.4852268 1.7264916 4.153677 13.534916 1.0123858 51.58355 1.3692604 9.211582502746682 
Car -1 -1 0 902.1605834299154 160.49115694211477 965.1490237608987 187.06361323101464 1.8249338 1.7330201 4.3832765 23.228666 0.97588253 51.896996 1.3003153 5.492671406834027 
Car -1 -1 0 292.5548748699478 149.87457309099094 329.2927254175547 187.6076530939042 2.669939 1.8357794 4.7406697 -22.110485 1.0439472 53.576572 1.3276836 2.3681933147857315 
Car -1 -1 0 98.76162867836723 171.93221085729468 151.98413905512805 195.32989754075157 1.522213 1.6446676 4.0136275 -32.854767 1.4622427 49.077766 1.356543 1.3773083827105068 
Car -1 -1 0 733.9074166078781 167.58793858799734 774.7698827245755 188.60748022234327 1.4463505 1.6411605 3.3065825 10.282028 1.0839936 51.44403 1.3447049 4.020783045732865 
Car -1 -1 0 58.163983835015614 174.70258767712107 115.45853958811387 197.20723759828996 1.4641116 1.609182 4.183547 -35.786633 1.5966394 49.516697 1.3666356 0.8838273478937 
Car -1 -1 0 934.3378626655162 166.0462312270806 992.8555862667008 186.21297457608657 1.433557 1.6235625 4.316759 26.202744 0.94962513 53.56421 1.3789791 0.5041973592826051 

