Car -1 -1 0 731.4299808224926 177.83625936750292 830.2619504215165 219.64797894530855 1.3969744 1.5517733 3.5066524 6.205599 1.5929179 26.46938 1.0526124 77.20901191885014 
Car -1 -1 0 0.0 181.73579579566655 311.0750876545185 293.17746843812586 1.4728613 1.5994892 3.9723175 -6.6565742 1.6121154 10.489998 -0.011587955 30.335489527044782 
Car -1 -1 0 0.0 182.88727122741506 308.51723789753464 335.4190292517722 1.5041537 1.6127338 3.9589484 -5.6925106 1.6288154 8.097206 0.03122889 79.4737147834554 
Car -1 -1 0 623.4625531824717 176.48356952578396 665.5410712176633 205.14784053127104 1.4482269 1.5803065 3.3370717 1.8290278 1.6517364 38.680565 1.4051273 45.065801385162366 
Car -1 -1 0 238.5638461768351 175.0813985932274 406.2428605041972 240.7638741620025 1.5274409 1.5896909 3.4682298 -6.939026 1.5844988 17.659199 0.01688305 51.783406072034886 
Car -1 -1 0 405.7361497632181 175.72401236491493 499.33406363665875 208.64000888374997 1.5140373 1.6585903 4.0987754 -7.3904724 1.65366 34.22203 -0.024868693 13.041327694232978 
Car -1 -1 0 614.5544447119493 173.44771702220052 639.1337444154494 196.83135772502172 1.4999478 1.5685586 3.7944403 1.1242017 1.5412383 48.279953 1.5747302 4.479642689430805 
Car -1 -1 0 276.16879417664416 175.9882673702527 434.5397075296842 235.5889664506429 1.5437368 1.6141183 3.7298613 -6.8104296 1.6323154 19.58275 -0.0009844382 7.8165068073186506 
Car -1 -1 0 427.23113089633114 174.61153245236014 508.88984560391634 201.52500827127804 1.4989324 1.6592951 4.311272 -8.040821 1.6015524 41.21729 0.038706303 1.0753068208670966 
Car -1 -1 0 650.2810621624222 165.57323372585319 695.1849768888135 180.57739631226946 1.4448831 1.6271648 4.3190937 6.162979 0.74375355 70.477234 0.085009284 1.7339896142640172 
Car -1 -1 0 319.538676887896 164.02206368885004 465.4779302332974 227.14524970099714 1.8481784 1.7370932 4.008522 -6.557965 1.5895888 22.142166 -0.075021245 0.34262657165527344 
Car -1 -1 0 446.5991335292394 174.0376434924609 514.0634433432169 198.67364345692172 1.5430417 1.6034764 4.0329404 -8.217291 1.6200114 46.095943 -0.011178276 0.2686123251914978 

