Car -1 -1 0 743.361053273058 191.84192280028722 940.0356312724595 328.6049077690388 1.4022216 1.558551 3.398427 2.8499017 1.6993839 9.582375 1.5845132 84.55848141162392 
Car -1 -1 0 636.1732781273396 179.5718898675189 670.2912188732993 206.50221292386613 1.5071702 1.6702459 4.23411 2.5892596 1.9330081 43.593956 1.5379193 21.812778348712936 
Car -1 -1 0 143.73474258141417 184.56537154360782 380.7746019715039 264.1172672104324 1.4811589 1.6035181 4.0073113 -6.870957 1.7320493 14.575575 -0.040280994 26.738608935030438 
Car -1 -1 0 720.9812806076357 185.5351591695374 851.5256581169497 230.12092168522227 1.4567013 1.608826 4.1125793 6.088933 1.9148723 25.097874 -0.082603425 24.115297607215282 
Car -1 -1 0 701.1738499455347 183.0472895191467 816.5363869463489 222.40052016958134 1.4493175 1.6033844 4.103824 5.740426 1.8581204 27.99843 -0.067833275 26.687958061034603 
Car -1 -1 0 280.06200180513054 181.7798930700605 451.59699936839087 242.3065910000086 1.5348034 1.6497328 4.0738893 -6.507779 1.7878418 19.514248 0.05746502 21.209510157062695 
Car -1 -1 0 235.390560599606 184.59230682638844 439.80917303648533 250.565755512004 1.4476486 1.6104043 4.1941624 -6.275889 1.7367196 16.946945 0.007955039 26.185324185078958 
Car -1 -1 0 811.4037921501827 176.05146572953868 1049.2258206801428 262.02909631087687 1.6363373 1.6632628 4.1185713 6.3993783 1.7058527 14.744652 0.054302737 53.51230792648639 
Car -1 -1 0 98.20250216139738 185.80745024430112 393.4457355120129 285.29452017675754 1.5000436 1.627752 4.127446 -5.9163494 1.7322955 12.026614 0.047212873 74.57592342395523 
Car -1 -1 0 0.0 185.08245411507556 319.76234585561264 310.67322771026295 1.5097581 1.611677 3.9142313 -6.199854 1.6906896 9.763627 0.054998245 54.0299469896329 
Car -1 -1 0 344.7143870935324 178.22758896259657 474.17176997572705 229.86370172427863 1.6377337 1.6456221 3.8760958 -6.569889 1.8231019 23.982105 -0.044490375 31.353869136490392 
Car -1 -1 0 462.1386593200668 180.48974789129088 540.9292310270389 208.2631923753509 1.5051684 1.6497087 4.1512747 -6.011293 1.9422336 40.438755 0.017769236 5.650429733845171 
Car -1 -1 0 371.5408182608023 173.61234501408697 494.05376649989523 222.96602464875917 1.7522562 1.6952516 4.078816 -6.4265165 1.7810442 26.51766 0.012623526 3.959475941583014 
Car -1 -1 0 702.6120089700706 176.3381280748555 808.299497609429 218.0592878200739 1.6801848 1.6880442 4.0360537 6.048125 1.8305151 30.17493 -0.05690156 7.485548703025839 
Car -1 -1 0 456.15471246259705 179.39428203017292 531.1761360818371 209.37686930043424 1.5192971 1.6271495 3.756709 -6.039976 1.871387 37.907017 -0.06634093 7.965367328596988 
Car -1 -1 0 790.8032659807327 180.057860957225 982.4337506983744 249.84280640329132 1.5553654 1.6385132 3.9180906 6.474957 1.7350466 17.12884 -0.02502116 3.2869557840402095 
Car -1 -1 0 757.4160305936838 181.11338359210282 918.8326072348598 238.8363019909379 1.5175176 1.617133 3.9756846 6.288282 1.7578424 20.108652 -0.03931728 3.3753087943015143 

