Car -1 -1 0 692.6829817702778 176.7030019851299 787.6180371924627 241.40991131953285 1.4406952 1.6045225 4.0043774 3.1860793 1.5492201 18.324726 1.5486239 67.71796376080607 
Car -1 -1 0 386.56659454299313 189.97006795051098 471.9730391801499 240.66425600468423 1.435992 1.672489 4.328526 -5.894745 2.059483 24.098822 1.596204 76.25470442604941 
Car -1 -1 0 269.2231649177523 195.51458659618976 405.9622150828507 273.0956968911132 1.415186 1.635031 4.1179986 -6.0033455 1.9969336 16.448683 1.5509796 90.41795676784112 
Car -1 -1 0 58.34042278239766 205.06768842573626 303.6792275738873 335.4252945332143 1.4142528 1.5226498 3.5228972 -5.923426 1.9614869 10.481427 1.5515294 119.27968716368876 
Car -1 -1 0 673.648387896347 174.45357131432164 739.3294333557913 226.11088358966836 1.5578955 1.6323482 3.9974759 3.1175857 1.6152768 23.88395 1.569531 54.29828319168836 
Car -1 -1 0 1007.1385300451701 138.15841469316283 1242.0 232.8130267310958 1.5072906 1.5936024 3.8987741 9.173336 0.95479417 12.323864 -0.0191672 105.44628557285742 
Car -1 -1 0 658.954526235852 177.63325906135907 705.4177174144254 212.43703815706883 1.5045817 1.5383525 3.7240217 3.3270667 1.7400076 33.63029 1.4986169 26.929396487820753 
Car -1 -1 0 826.9271880448496 158.94540742354212 1002.8965188874647 214.5679199463183 1.4754283 1.6515658 4.213484 8.412122 1.1064925 20.081285 -0.055785522 47.92971329160828 
Car -1 -1 0 890.6173539756237 152.4746295845671 1081.0233244169692 219.22043017322034 1.5106717 1.591529 3.7549005 8.905117 1.0494211 17.246933 -0.06510195 56.83937167512989 
Car -1 -1 0 962.215445344684 141.91614808742668 1186.4441396797129 222.2344944128553 1.5517249 1.5948342 3.5763469 9.394989 0.9540154 14.7698 -0.018252388 41.896081762768304 
Car -1 -1 0 478.1279692724597 183.55636780813293 525.1443399535206 213.83586880903718 1.4864099 1.6062148 4.0645523 -5.7690864 2.095896 38.995785 1.658607 7.417429835130723 
Car -1 -1 0 438.1816289886748 188.2272458107741 498.71282461866736 227.64200438949666 1.4515342 1.5531689 3.6847842 -5.781273 2.1298537 29.943039 1.6430581 10.916725735257444 
Car -1 -1 0 517.9904768149366 181.14692620818906 547.2810013258626 202.0106711940255 1.4625914 1.5157046 3.676632 -5.7191424 2.104804 53.98203 1.6534553 2.3200442427801566 
Car -1 -1 0 590.9547596482334 175.9302762958523 617.8438501925795 190.99387089532382 1.5007164 1.5935053 3.7012546 -0.56129754 1.8278613 74.718636 1.2073565 0.6531225819339216 
Car -1 -1 0 644.2933217441797 177.1973801936315 687.5177159849926 208.80313777052552 1.6145486 1.6136774 3.9841056 3.0283968 1.8648169 39.50219 1.4525748 1.001164187224651 

