Car -1 -1 0 709.7806221999765 186.46995944978744 869.7277510534082 298.263676438074 1.4487646 1.5841379 3.8254726 2.7234962 1.7068211 11.747526 1.5518167 101.53343034494807 
Car -1 -1 0 661.9092862251181 177.1670825707441 727.7356261676779 237.5482425697986 1.7018816 1.6563514 4.0500965 2.5855603 1.8495674 22.667377 1.5880938 82.4858789494147 
Car -1 -1 0 0.0 186.0500535250721 326.3010176925692 305.67197856490276 1.4873593 1.6615745 4.256133 -6.4462175 1.6919668 10.189627 0.079888746 140.54525572675777 
Car -1 -1 0 637.1706557277395 177.21730552981617 675.5485364765095 212.76919887979477 1.7511894 1.5910487 3.483508 2.4043984 1.9903474 37.763718 1.5131857 31.3497301163284 
Car -1 -1 0 648.125592546371 181.3415640600362 702.3561767091442 223.38101288314436 1.5022712 1.6098418 4.056437 2.535964 1.8639021 28.679823 1.5251186 14.53019177102257 
Car -1 -1 0 307.8557812402652 183.1126439034445 460.4809119490871 240.80141381616542 1.5028535 1.5827408 3.7575645 -6.1508794 1.799535 19.98818 -0.047021914 19.089528297171814 
Car -1 -1 0 332.6453861242377 179.2645623641969 478.0397271750123 233.73938808542232 1.6387107 1.6787391 4.1135035 -6.3550797 1.8484564 22.756718 -0.0057176347 25.62364940059136 
Car -1 -1 0 178.62459395063422 167.20545985891206 415.9219175602902 262.7401314310975 1.8816471 1.7210656 4.2181015 -6.3912497 1.7703936 15.087865 0.0075761625 48.83149575609861 
Car -1 -1 0 488.3166785256692 180.2836477175881 551.3021298412739 203.27637709182025 1.517056 1.6370293 4.066818 -6.05536 2.0297623 48.966286 0.00354954 3.069782588585901 
Car -1 -1 0 253.8466557539615 180.62072426032626 440.0594146990269 249.2539965227107 1.5645878 1.6178961 3.9141188 -6.248211 1.7612381 17.451277 0.0045124856 1.9987767646170838 
Car -1 -1 0 392.7453500021122 182.03361304760392 491.2778573177148 218.66460101337003 1.5516756 1.6223797 3.9820824 -7.333778 1.9673698 31.83073 -0.016415106 0.6491074991500295 

