Car -1 -1 0 780.4234710691414 176.60685544612795 927.4228008612012 237.18864953082215 1.4068133 1.5440456 3.503202 6.283317 1.514992 18.895039 1.0515311 90.51064826188198 
Car -1 -1 0 629.8256807870915 175.8112955477326 681.1476527845736 211.4506405713603 1.4368248 1.5556147 3.3487768 1.927866 1.5717496 31.151268 1.4271567 68.9133987797656 
Car -1 -1 0 0.0 177.95939376530478 266.4375244535712 301.27729855508824 1.5795572 1.6163964 3.3918653 -6.8970833 1.6570259 10.129221 -0.0065748924 124.82468050156561 
Car -1 -1 0 608.9519286002416 173.36489882544737 647.9940445078983 201.26263850334476 1.4940329 1.6090734 4.1932135 1.0184748 1.5245358 40.900146 1.44836 10.08135578913058 
Car -1 -1 0 284.76586239733757 176.9756825056532 436.11583910263204 228.3872317177992 1.4852301 1.6129724 4.044506 -7.5107584 1.6160846 21.952454 0.07453035 16.911006991992448 
Car -1 -1 0 351.8502180862473 178.35839096497875 472.91334300912126 218.65614195775163 1.4252231 1.6249309 4.0421653 -7.2043047 1.6350482 26.631119 -0.030445002 29.90748681424693 
Car -1 -1 0 53.468796104508044 179.79908148917417 335.05292041676466 279.66656003993677 1.5417738 1.6201966 3.7759848 -6.7882156 1.6658385 12.071178 -0.0042658094 25.377505087863163 
Car -1 -1 0 492.8987308298555 175.8509357986699 523.386368704659 200.5716267351636 1.4684358 1.5817469 3.8055308 -6.3226876 1.6645634 45.275463 1.5148747 6.105473155790286 
Car -1 -1 0 397.91784898383816 176.4890825302543 490.1461162920533 209.16494918393377 1.4728779 1.6000338 3.9370651 -7.6433125 1.6461465 33.551666 -0.020886816 4.197604334982009 
Car -1 -1 0 658.5245130243402 163.6211683968316 705.834237072301 180.6836490433011 1.4657614 1.5847564 4.056833 6.3304763 0.6726098 62.97325 0.09909706 1.331415969342621 
Car -1 -1 0 159.00410203780302 157.78381727721737 391.0486714499701 258.1056524896794 1.8995061 1.701012 3.9103067 -6.6213336 1.6141653 14.610189 -0.05070402 0.28378239274024963 

