Car -1 -1 0 738.1448000605546 181.94267489314805 865.9902821513119 267.82871192757443 1.4121106 1.6013961 4.0869308 3.6516757 1.6192977 14.375189 1.6097958 96.81278677015129 
Car -1 -1 0 709.7616333901303 176.99061847816517 791.2649275728498 238.27499423494424 1.5028572 1.6571543 4.236042 3.8132796 1.6307204 20.144129 1.6234233 73.29487745611584 
Car -1 -1 0 479.7216797270317 178.98104534804875 537.789921128567 221.89231765425112 1.6450329 1.6717633 3.7310488 -4.136188 1.9171379 30.126074 1.6384691 70.42137140878754 
Car -1 -1 0 508.86481044132427 178.95257819437427 552.577910185721 212.95425847720975 1.5346228 1.6050811 4.08989 -3.8031802 1.8510053 35.368896 1.5941381 16.527707510623685 
Car -1 -1 0 1056.7207784848442 168.8360503360961 1242.0 246.4441826002443 1.4835997 1.5934666 4.0168247 12.14886 1.4067903 15.653541 0.6594765 20.767561630374956 
Car -1 -1 0 954.1111841413458 169.9475320085844 1150.0853839576725 232.85170078834838 1.5100043 1.6631476 4.321466 11.726461 1.4402349 19.269968 0.6337161 38.53259034416279 
Car -1 -1 0 249.37481543003062 180.43753949720218 354.241501827593 214.56379324062416 1.5772746 1.6793406 4.3522706 -14.7854185 1.9543245 34.841194 -0.09070362 10.314932114985183 
Car -1 -1 0 599.0471071986877 177.61135019867677 620.1449828420169 192.76687304124954 1.4294695 1.5864816 4.1837063 0.032549992 1.915852 71.59456 1.6952732 0.7359973700742787 
Car -1 -1 0 684.1147879105073 172.92871550223077 711.5201853585448 197.85490987866518 1.5990996 1.7120739 3.9728637 5.87619 1.60432 48.359146 1.6643693 0.2509414255619049 

