Car -1 -1 0 0.0 195.74898761634728 97.95464903422793 261.86179337890803 1.4241792 1.5849054 3.7233257 -14.840593 2.0902057 18.967026 1.14748 81.01018985165388 
Car -1 -1 0 429.2954844690487 179.3353379452426 477.91685147419577 222.244021534451 1.4809127 1.6336805 3.8911638 -5.89118 1.7470689 27.576431 1.4053569 31.0802513997883 
Car -1 -1 0 638.8431415168532 172.54862703155607 704.0860797256158 220.13393588033838 1.529529 1.5368531 3.2204406 2.0693803 1.5197133 24.898722 1.4218571 64.14521565575 
Car -1 -1 0 569.2594350712274 175.5161004419034 603.3755705433329 201.10472318872868 1.4719503 1.6068807 3.64456 -1.451421 1.6407982 43.835777 1.4068886 24.036539340183122 
Car -1 -1 0 693.9029009028469 172.5450097050149 808.1017608562892 250.8365259371132 1.5098422 1.5826577 3.8593388 2.963875 1.5038832 15.88156 1.5208145 47.301988735973 
Car -1 -1 0 724.5802693629823 147.7319115965691 925.8865275385576 295.5289149088485 1.7644941 1.7125461 4.301968 2.9182715 1.4645706 10.76636 1.5693891 93.53861293043059 
Car -1 -1 0 547.2715232285867 176.61814174133414 573.1436796194356 197.8389684267194 1.5112619 1.5669268 3.5680757 -3.7190547 1.8025718 53.948334 1.3981967 18.974821802535455 
Car -1 -1 0 608.6534906258819 172.39787007847102 659.1639979353197 210.451530355763 1.5747256 1.554047 3.3593807 1.0148044 1.55585 31.647427 1.3965602 31.15501003803517 
Car -1 -1 0 530.2038200139143 177.01580442112598 550.7060342809266 193.34452109710853 1.4997644 1.5736582 3.6569517 -6.652216 1.9102421 69.215485 1.3675735 0.5559402396112176 

