Car -1 -1 0 904.9232717604008 190.2388839579626 1242.0 316.46716521026707 1.4834349 1.5908914 3.7902367 6.1072335 1.7313596 9.494229 -6.819027e-05 89.61417964443191 
Car -1 -1 0 629.9373304049838 178.52845332379786 678.8828740799185 213.84149534114732 1.4727726 1.6354316 4.25186 1.9805822 1.7493479 32.981674 1.4877826 39.524701736706454 
Car -1 -1 0 788.0771504932804 186.42996685507657 1016.0000092119263 266.46703353953535 1.4672717 1.5895776 3.9647262 5.7916493 1.7588484 14.526692 -0.090177 79.83957391672516 
Car -1 -1 0 0.0 185.69590316037474 265.1030482035684 322.7136779666458 1.4904184 1.6304908 4.088722 -6.66903 1.6640345 8.883374 0.027650755 49.993709551744864 
Car -1 -1 0 391.2378199426939 179.31346656359582 502.203528677512 216.87361230635 1.4857299 1.651922 4.187213 -6.628414 1.7585812 29.651772 0.00019803742 29.305486842262233 
Car -1 -1 0 86.89753915804961 177.22162730435485 360.6781014607803 272.1667524086437 1.6134967 1.6733837 4.1366286 -6.939577 1.7000511 13.325154 -0.06723484 68.75517027482753 
Car -1 -1 0 747.5148691376505 184.91054171138197 935.0780965242062 248.51438077940884 1.4216267 1.5794698 4.007903 5.5058646 1.7279544 17.405619 -0.06946547 50.20260317989722 
Car -1 -1 0 866.3097295135003 187.42507814171108 1138.980938894203 285.8162574830296 1.4723101 1.5877662 3.7432332 6.440734 1.73477 12.038668 -0.0894807 27.498567144742495 
Car -1 -1 0 368.46688788552495 179.22326861587365 484.35329295976084 221.24615080950807 1.5189457 1.617219 3.9618003 -6.8292823 1.76615 27.16903 -0.013531033 21.17977792401496 
Car -1 -1 0 741.7811043484164 172.6247983698123 909.0668962558087 239.7908312273248 1.7539113 1.6941193 4.0665164 5.8459225 1.747926 19.817282 -0.064178355 17.48022156393242 
Car -1 -1 0 178.6609204533058 161.7953188722839 406.7123817809173 251.81480243166752 1.8683946 1.7327939 4.2672515 -6.8408365 1.6388667 15.914909 -0.034307193 8.418506851413415 
Car -1 -1 0 616.1213870206379 176.42178356897332 644.3943696971284 200.929292975859 1.5480936 1.5819348 3.621098 1.3414893 1.7944365 47.968445 1.5158585 0.7183281906553316 
Car -1 -1 0 398.62765369135707 153.00839185541253 436.62723051952827 176.99118715529485 1.7725232 1.5839853 3.756186 -14.656796 0.3057714 55.27683 1.6734036 0.26454994082450867 

