Car -1 -1 0 765.172077131969 178.50754375809973 899.8659820048962 233.82363573732363 1.3898121 1.5727642 3.5250614 6.20999 1.5650353 20.442116 1.0539441 80.75991443746715 
Car -1 -1 0 626.1540100664203 177.33347857203032 674.5887107081867 211.77542943066948 1.4537857 1.5166087 3.2973814 1.796695 1.6673944 32.659008 1.411047 61.40860307601189 
Car -1 -1 0 24.273877824089592 181.80883338567466 303.1563771128715 284.3410739628869 1.5226618 1.5993881 3.5179775 -7.048835 1.6772848 11.65704 0.0011699348 98.10144050760339 
Car -1 -1 0 608.0312338679915 174.8039890592233 640.8321363181675 202.20198609126942 1.5176965 1.5550029 3.9797072 0.8281125 1.6375356 42.301453 1.4971633 11.068036519756976 
Car -1 -1 0 113.63590239210751 182.90309571416105 359.7816129329641 270.54526017114625 1.5284446 1.6172752 3.7988462 -6.8833694 1.7291546 13.591296 -0.0059557264 14.867463535890712 
Car -1 -1 0 492.7965634868169 177.88741822343616 525.010805891334 202.18802954810604 1.4845653 1.6315622 4.1952014 -6.520186 1.8277725 47.078434 1.5420622 9.72370050355291 
Car -1 -1 0 379.6545386521243 177.34089487967 435.3180696621573 226.405857822724 1.4940984 1.6770573 3.9582586 -6.809037 1.6595913 24.486828 1.3174932 5.770538236101021 
Car -1 -1 0 419.5909632884498 177.15564197294466 500.3602854748006 206.5328253693772 1.5897325 1.6317143 4.137476 -8.289341 1.8345788 40.18679 0.03249143 5.842109090577998 
Car -1 -1 0 428.57919219302784 179.42608614292578 476.7386047221202 218.83535109659667 1.4512693 1.6441443 3.8505888 -6.297186 1.7362984 29.269402 1.4265561 18.883499024575894 
Car -1 -1 0 406.5075135091919 179.33493738158452 493.58107881795337 209.9528750660249 1.4354472 1.5847956 3.8524878 -7.7175727 1.758711 35.09749 0.05241872 7.965384278207127 
Car -1 -1 0 199.84262010547522 160.09355814063875 415.83178822811345 251.23482566149636 1.9235506 1.7250967 4.100726 -6.6041074 1.6542394 16.107948 -0.008420515 3.7335397390180387 

