Car -1 -1 0 765.6199364637108 193.7256223612484 1045.7948319185116 375.0 1.3949552 1.546671 3.446312 2.8107767 1.6665306 7.661498 1.5658741 84.79988425967146 
Car -1 -1 0 635.5998322380308 174.99373511409013 669.7321498954757 203.0801094055864 1.5254686 1.6166764 4.0372896 2.4345143 1.654706 41.54007 1.543419 20.108313492279542 
Car -1 -1 0 837.036108261698 174.119532578737 1118.82537762325 271.8453288774062 1.5994561 1.6479787 4.129757 6.338506 1.6235161 12.775697 0.057877447 82.81088754307085 
Car -1 -1 0 731.3962805848853 179.24493590609706 868.648962752917 228.58508121961293 1.502542 1.5929748 3.9546008 6.0463924 1.7157664 23.143364 -0.068376645 42.392636257178516 
Car -1 -1 0 313.7185651695054 172.14719054945843 465.69495798321003 228.63532539833963 1.6634388 1.6836345 4.140758 -6.6583858 1.6426249 22.129307 0.019373871 38.65456573560787 
Car -1 -1 0 80.08324152527305 177.58983128568138 343.38289892556463 270.06014856971564 1.5069617 1.5806278 3.7438793 -6.8358917 1.5955796 12.672593 -0.020754013 28.045224316990176 
Car -1 -1 0 176.2100119577669 181.1033383811572 412.688957935425 255.96840382190481 1.4460669 1.6139268 4.1919107 -6.391878 1.6264081 14.946515 -0.009694029 37.74605198856796 
Car -1 -1 0 242.3260467943499 177.10943633241777 434.1948899870602 244.2902591899989 1.538577 1.6517122 4.035495 -6.484761 1.6470993 17.518564 0.028056463 28.252861662812027 
Car -1 -1 0 773.4038740719291 179.07195347511288 949.6172807920854 240.89080695023475 1.4666967 1.5869851 3.8831935 6.268924 1.6312004 18.194124 -0.052910823 28.234249967092094 
Car -1 -1 0 0.0 181.36638738053554 351.3423303248976 299.54465505855967 1.4931402 1.6412892 4.174165 -6.010248 1.6232957 10.138758 0.035229623 67.87707381106509 
Car -1 -1 0 708.6732981174277 179.59067400305526 826.7732363227523 221.73780038587688 1.4483678 1.5850073 3.8698635 5.6484413 1.6998651 26.01366 -0.06856355 26.56346253731603 
Car -1 -1 0 805.3423056286254 177.3133307844373 1030.3147738344633 253.91088711451619 1.5034236 1.6178789 4.047553 6.368051 1.6027184 15.166552 -0.045301832 15.640864385107516 
Car -1 -1 0 443.7331108494013 174.06895606818674 526.4617501089149 205.81091665653946 1.5386081 1.6215191 3.859848 -6.1428833 1.6004937 35.896454 -0.023697402 12.350140417416634 
Car -1 -1 0 452.26783835825364 175.9970966142227 534.4809676388553 205.35707615531868 1.5234039 1.6531144 4.107689 -6.147715 1.6946418 38.464676 0.009101941 5.239230329171285 
Car -1 -1 0 710.2452507527221 172.025545383813 821.3672137401343 217.28838625761364 1.7208781 1.7066889 3.9630148 6.091573 1.6893804 28.394424 -0.055423934 7.482603861811098 
Car -1 -1 0 349.9477858123906 168.0697209989288 483.47622760175824 222.23799912704996 1.779882 1.697545 4.085011 -6.5202274 1.6226782 24.654825 0.048233047 5.933929476027873 

