Car -1 -1 0 0.0 195.40238009552 344.60724384176456 375.0 1.4453454 1.5372455 3.5406547 -4.195503 1.5772282 7.5193834 1.5935414 98.86062246053163 
Car -1 -1 0 351.2466158766285 183.02378883431368 464.28360240085203 250.61094494692188 1.4313154 1.5845346 3.9475908 -4.617776 1.3848966 17.202946 1.5780567 108.45890275789009 
Car -1 -1 0 452.0561843331972 179.90303280902316 509.3570041779811 221.43692829661686 1.4294167 1.5621367 3.7271776 -4.6095657 1.2465777 26.624256 1.5433142 66.98836378010066 
Car -1 -1 0 303.0997811497608 181.32270657228622 386.7971179855313 225.99393019063538 1.3894968 1.5922816 3.8265486 -8.754652 1.2684054 24.308998 1.5231702 24.69281891399342 
Car -1 -1 0 124.92879828330516 177.028728463795 291.26365861519014 255.12365895024323 1.4882336 1.6003722 3.6161752 -8.402476 1.3322167 15.512518 1.5640092 37.357177349560274 
Car -1 -1 0 575.4343289223514 175.2714936632006 610.7742795049838 206.5497668198045 1.503484 1.6997198 3.3151994 -0.72624886 1.025486 36.23605 1.5411297 21.655285016964363 
Car -1 -1 0 215.49948989813933 176.53496721257633 308.35791737339366 223.38485752280727 1.5504887 1.5970104 3.5495348 -12.16433 1.2632015 25.565342 1.5710013 28.04653974560605 
Car -1 -1 0 21.9631411968364 179.46911368952777 131.9830375715827 217.53706468298046 1.458174 1.5862628 3.8582187 -21.604443 1.2380539 29.488157 1.601753 3.009809126188179 
Car -1 -1 0 475.16662670221393 177.1917356818195 515.1727734809153 209.1759341735445 1.4615841 1.6007583 3.6307077 -5.357929 1.0949125 34.71512 1.5028498 0.8056082468713649 

