Car -1 -1 0 724.6283780935704 185.45818784370314 897.803920059691 300.61677363323923 1.4479285 1.565625 3.4958122 2.9396336 1.6756588 11.249936 1.5181377 88.90982552294582 
Car -1 -1 0 190.46026706629098 173.8098953129783 404.9436787838348 252.13639147239215 1.6022598 1.6798552 3.980655 -6.6748786 1.6245078 15.788973 -0.08431462 71.46408180583693 
Car -1 -1 0 704.4673396614832 169.48471943496548 827.3169742153544 217.5475630632454 1.8642569 1.7458755 4.5236273 6.207265 1.7335694 28.954268 -0.04208867 42.717701541932044 
Car -1 -1 0 45.684495778802464 168.13300054911272 367.6667082166021 288.5545617575626 1.6807172 1.6642532 3.950767 -5.925208 1.6148264 10.971836 -0.03532485 86.42670609209289 
Car -1 -1 0 418.397903738179 172.3638987822576 511.8092482264977 205.67329617157674 1.5535501 1.7026438 4.1663895 -6.862084 1.5306916 34.57275 -0.033313185 30.24465352461512 
Car -1 -1 0 754.2472606570736 176.14983721658112 906.9768800629349 233.32433135972767 1.5937757 1.6652498 4.0093517 6.3875985 1.694892 21.18021 0.06269834 22.39911865640904 
Car -1 -1 0 796.3626297923281 186.05545515053026 978.4902969927053 245.30360060582964 1.4148529 1.6193066 4.0603943 7.022209 1.7702984 18.528954 0.044042595 45.59821059961154 
Car -1 -1 0 0.0 180.16225540521262 308.879661322947 320.59120948557467 1.5007677 1.6164243 4.096081 -5.990032 1.5970982 8.655373 0.023080014 60.619603275324884 
Car -1 -1 0 448.3559519890818 167.19414044198933 529.5300219344722 200.30724574698806 1.7668545 1.8034396 4.3075986 -6.6016436 1.4648546 39.70511 -0.14585756 2.860489835756687 
Car -1 -1 0 523.3890505329997 173.49601176928024 544.3247240502321 193.20603491330502 1.5420692 1.6351206 3.9082239 -6.1251273 1.5960133 58.604885 1.4777067 1.1331398019216272 

