Car -1 -1 0 716.2127076585547 177.17779623768786 863.1261626537087 279.51622698481714 1.5483057 1.6280236 4.0217032 3.0676453 1.6389418 13.105967 1.5606332 122.45445584683605 
Car -1 -1 0 380.8222078512041 178.90673855194376 466.5438299099412 236.37266490200597 1.6727643 1.6788319 4.1689777 -5.9405417 1.8877878 23.538446 1.5825309 85.75594174249362 
Car -1 -1 0 0.0 202.74503982511885 277.76434460960195 352.0661657976747 1.4862506 1.5688655 3.4571137 -6.0464478 1.9577781 9.632254 1.5988991 118.79468431984598 
Car -1 -1 0 237.04209501353068 194.57067268548818 393.3827207002179 281.01785138592084 1.4572232 1.59937 4.0738983 -5.996279 1.9774165 15.237188 1.5826292 119.2605864408789 
Car -1 -1 0 554.9192027639992 180.62197303098856 578.5612005596626 201.39208950632707 1.4731461 1.6890708 3.9627485 -3.2124794 2.0835319 54.68754 1.5368152 6.725245728828474 
Car -1 -1 0 519.6508052067863 180.83140518880876 548.2092100240377 201.45671186727512 1.4895942 1.6578321 3.9666014 -5.7972255 2.1273966 55.676952 1.6054301 6.289579075495751 
Car -1 -1 0 436.4635278931369 183.7300841868203 494.49024172070455 223.30675126594005 1.4821291 1.6041007 3.9695125 -5.9320426 1.9659152 30.105127 1.5774746 8.16037507485202 
Car -1 -1 0 638.9803329123408 175.91203213194103 657.9305513145915 193.45945674270158 1.4490824 1.5811148 3.7102172 3.3506312 1.7204839 62.141365 1.6253659 1.4484023717962684 
Car -1 -1 0 481.4236679312855 181.150224533873 521.1102844426164 210.9890984802065 1.5124524 1.6327963 4.141748 -5.9184456 1.9942143 39.8157 1.5543377 0.7990924342300935 

