Car -1 -1 0 219.61736590470142 190.4688313358088 413.7253779437475 301.23372303362777 1.470035 1.6638051 3.9464114 -4.6792994 1.8156366 12.180508 1.574183 109.30395424250716 
Car -1 -1 0 760.1146284145389 181.37757511165654 910.6526627830133 282.5645550610622 1.502571 1.6155138 3.6016498 3.8283281 1.6756883 12.837648 1.5913985 87.14398847275635 
Car -1 -1 0 851.1745458506604 189.6295796057484 1217.9109675553714 375.0 1.4534681 1.6036885 3.8163643 3.8207822 1.6688961 7.324538 1.6143425 100.86444076723878 
Car -1 -1 0 364.489002905621 186.53163630050994 474.1838086145774 256.24009491579784 1.4657598 1.597662 3.8175783 -4.5669303 1.8410866 17.865269 1.604186 74.65882635898849 
Car -1 -1 0 714.5780788039361 179.81519008563836 816.97940315409 247.27154543338892 1.4479487 1.6275653 4.2367406 3.7573748 1.6425364 18.047512 1.5665523 65.6734240799047 
Car -1 -1 0 518.055037236112 178.5617704118209 555.8177007998434 208.44986500583474 1.5206225 1.5497832 3.2688985 -3.8859951 1.8425503 39.022476 1.6242042 24.707352352858635 
Car -1 -1 0 427.9102779588326 184.66129103823 508.3167525922148 235.11858871777113 1.402003 1.6044471 4.2758737 -4.4362583 1.8175709 23.228813 1.6080644 52.45059569644558 
Car -1 -1 0 697.8281510477004 180.52496005999345 769.4060131547117 231.45883274362112 1.4620415 1.6211531 3.8522663 3.8976839 1.7294694 23.223808 1.565091 15.098195311487414 
Car -1 -1 0 692.1207669222063 178.5009962016246 743.912494925929 219.9494750779926 1.5179663 1.5512736 3.4753747 4.2426906 1.7557561 28.641405 1.5762773 13.25353730283741 
Car -1 -1 0 535.0104329911759 178.20265656447864 573.0625918529171 204.72779131115465 1.5027623 1.6202145 4.1128983 -3.323176 1.8436458 43.86035 1.6675947 4.485551301105343 
Car -1 -1 0 561.6193504710336 177.02926741201392 603.8153714921068 190.73764387848107 1.4538057 1.6552118 4.4024625 -2.8876367 1.9117213 78.132164 0.08024267 6.221512393666732 
Car -1 -1 0 683.4506235888196 178.0984574160071 730.5996371347817 212.86471385472404 1.5240049 1.6279228 4.04463 4.5648923 1.7879624 34.279495 1.5535263 0.2944694459438324 

