Car -1 -1 0 775.0504002273658 164.93878444043358 818.668928314208 187.1122087749976 1.610591 1.6505662 4.3430777 14.131725 1.0356604 54.676353 1.4284252 15.750765317089751 
Car -1 -1 0 668.4433332024502 168.5705314639171 739.5923086697397 194.84201723988636 1.4712129 1.596675 3.7992282 5.3790054 1.2313368 41.33758 -0.07106449 50.62462041160719 
Car -1 -1 0 155.1630500528561 174.64940384822174 253.3932193364972 208.70106604861198 1.5062292 1.6079583 3.8366566 -19.011566 1.5950997 33.910965 -0.6533338 16.848882594732995 
Car -1 -1 0 809.0921903186971 164.3779751861486 851.0686327318497 184.85050484951273 1.5197313 1.6630063 4.021665 16.95157 0.89053273 55.647232 1.4680133 11.037993234878574 
Car -1 -1 0 851.1750727513318 164.99484727894978 895.9533610970658 185.24117131766255 1.4856995 1.68649 4.261192 20.102015 0.9089852 55.116707 1.5217113 5.726259105877674 
Car -1 -1 0 1053.1542044639982 163.87772877045666 1114.2862278212879 183.34565152431162 1.447014 1.7226766 3.901196 36.532494 0.7798244 55.705544 1.3873241 8.90443111830881 
Car -1 -1 0 985.8180688158828 166.24893190554553 1035.5398167108656 187.17565290819275 1.5053065 1.6099241 3.8397007 29.85946 1.0301887 53.831047 1.5825812 1.6838112274448997 
Car -1 -1 0 314.32803343900974 167.90549906103843 344.8669388936174 186.22167374633537 1.5538371 1.5483446 3.1846871 -24.34716 1.1340349 62.837982 1.5238147 0.6145390403253497 
Car -1 -1 0 690.1522217509901 166.5357336886325 744.8061776604618 187.7486827810007 1.544671 1.6211017 4.0649195 8.130478 1.0845913 54.630024 0.8900168 0.26340556144714355 

