Car -1 -1 0 727.9391568346792 186.0229226838988 897.0472627027202 298.1117197143765 1.4408586 1.5689119 3.6751978 3.0439603 1.686163 11.576738 1.5360758 52.093028851285275 
Car -1 -1 0 305.7748053903109 176.69871605313435 445.426431477618 233.95976563116508 1.5904416 1.6081984 3.5470965 -6.7987804 1.7083762 21.152666 0.10177844 81.76782484982994 
Car -1 -1 0 354.77689055297844 179.00208836746575 482.5069098683242 227.43346242365897 1.5047711 1.5996606 3.7241979 -6.209166 1.7148982 23.665668 0.10738437 46.90252769222397 
Car -1 -1 0 640.6946189098502 177.6299258530116 671.5321984402752 207.6330528635303 1.5351534 1.6048931 4.1255016 2.5202584 1.8117003 39.683178 1.6161907 22.324343435558053 
Car -1 -1 0 372.6771239681823 177.86178578366753 499.0233167942491 222.01949903521788 1.5235794 1.6647049 4.132713 -6.2254357 1.7115909 26.104052 0.07521267 15.475131447981976 
Car -1 -1 0 465.93919047591186 178.09637103386083 542.319964023352 205.65276268074393 1.5132676 1.6691066 4.1790333 -5.935418 1.8180921 40.975433 -0.0703403 9.9242740662627 
Car -1 -1 0 805.7015655763962 182.52327849791772 926.7138614959205 249.20635801488086 1.4824476 1.610403 4.138235 6.4886174 1.7613039 18.726618 1.554308 1.4747845813512512 
Car -1 -1 0 481.551057801383 178.88103747531866 519.9628808906407 214.67690057354682 1.4884899 1.618525 3.9625638 -4.8856535 1.7794255 32.764473 1.448091 0.5858049961623316 
Car -1 -1 0 418.9631385039403 164.5785578386175 453.77503635473187 183.13798289047975 1.5219376 1.6237655 3.8987243 -14.645291 0.84332216 61.1996 1.6881094 0.2574447691440582 

