Car -1 -1 0 55.89239721803495 182.9064583700301 316.8550499133349 317.64575223513197 1.6432426 1.6788707 4.155897 -6.19382 1.8285425 11.206228 1.5510848 149.88401024482062 
Car -1 -1 0 505.0490837274427 180.51650430067448 549.672824684977 213.12017851184436 1.4354886 1.7042828 4.3934565 -3.9201016 1.8306868 35.0091 1.5613797 48.26731151124719 
Car -1 -1 0 271.4941928869258 184.7768474532649 403.2036590313128 259.50532187277764 1.5528944 1.6871829 4.205888 -6.513998 1.8815029 17.776794 1.5627186 58.56737060346969 
Car -1 -1 0 479.40139486311426 179.95316405449597 510.38372083590525 208.17161651857185 1.5747273 1.6449786 4.0687466 -6.8580437 2.0228994 43.43933 1.4621552 11.59392784631969 
Car -1 -1 0 627.3183629655393 175.21608353134465 654.4729130205526 197.53502490903523 1.481004 1.6214353 3.8594427 2.146141 1.6518683 50.242508 1.543756 15.542931434603494 
Car -1 -1 0 405.9641747650611 186.82987536248282 470.6689302610932 226.98239837376764 1.3938832 1.5855366 3.991407 -6.6602345 1.9834731 28.439453 1.5756519 26.542284442956998 
Car -1 -1 0 531.8278391273351 178.09355553015612 562.0618208775938 202.11905038751635 1.4850924 1.5835677 3.7093627 -4.151232 1.8438778 47.43479 1.3745261 2.7614867045329503 
Car -1 -1 0 701.1335868592408 169.79012736965188 776.1503765151672 196.24618926258825 1.5522633 1.6758047 4.2301803 7.689127 1.3724957 43.24445 0.034079533 8.789353862872385 
Car -1 -1 0 1059.3242765622942 154.4373010017339 1169.3147412479314 200.22126448979313 1.533942 1.6563933 3.757538 18.130947 0.91691035 26.130735 1.6776762 4.93116355214023 
Car -1 -1 0 697.3122919433762 166.010290840981 765.1227664608041 191.57711816254587 1.6126838 1.6828369 4.0790286 7.7775145 1.1810015 46.364876 0.005341154 3.510988166014617 

