Car -1 -1 0 647.126910581662 176.88642189553286 733.5556512510274 245.2569364074176 1.5390091 1.582697 3.5622299 1.9436138 1.651407 18.284538 1.5079517 112.59382730816428 
Car -1 -1 0 0.0 199.70066261460528 308.95076605921605 375.0 1.4842945 1.6610408 4.26976 -4.985611 1.8639876 8.0348015 1.5260053 139.640587737133 
Car -1 -1 0 800.0293690734259 154.4467912953993 1242.0 375.0 1.6364568 1.6193265 3.6211357 2.9519515 1.5295763 6.0350547 1.5253493 134.99550804940432 
Car -1 -1 0 616.7024491045235 178.701427783683 663.6202111465049 219.39378608180698 1.4840524 1.5478531 3.3260496 1.1561909 1.7288296 28.503641 1.5196356 49.708103213036196 
Car -1 -1 0 411.9291709650379 187.02565608483596 474.9853377095536 237.3999970622205 1.4811103 1.5545053 3.537446 -5.4607973 1.9896892 24.067963 1.4896531 48.556070728177524 
Car -1 -1 0 451.1437418245989 178.72787318835225 496.5139505108704 218.9668064856815 1.701226 1.5932988 3.8023462 -6.1507893 1.9859241 33.023064 1.5058795 26.339880093981385 
Car -1 -1 0 479.21254805616235 180.84331406877695 511.4337881045723 205.71798857601698 1.5187676 1.5515289 3.8507404 -7.4351397 2.0632207 47.234856 1.5564737 7.752028528654355 
Car -1 -1 0 596.8156258900868 178.34522591365172 629.7152363505286 204.93330710546093 1.5301268 1.5480238 3.3476706 0.19069597 1.8785365 44.01655 1.4336874 8.660287933833304 
Car -1 -1 0 654.0968145007412 174.94979967451894 701.6081591919492 204.82961280746088 1.5818329 1.6390821 4.141414 3.7880967 1.7063355 40.68375 1.4000366 0.2500234544277191 

