Car -1 -1 0 0.0 207.7007885943882 346.8428520093809 375.0 1.5010209 1.5183223 3.3866336 -3.8895473 1.9258503 7.0725355 1.5283818 104.85759380067844 
Car -1 -1 0 282.8276252512018 196.96814569596444 453.2478262408201 314.03183482162655 1.4867526 1.5494932 3.7928216 -3.7414806 1.9462694 11.848315 1.5645173 97.41197236636408 
Car -1 -1 0 723.9185802310363 179.66515937254144 871.880560250719 288.7618344347714 1.5527128 1.5836692 3.7512574 3.0399857 1.6873827 12.38517 1.5776937 97.33879883492962 
Car -1 -1 0 786.1831475355613 187.08412066525347 1208.357451870065 375.0 1.4864227 1.6497095 4.400585 3.0357206 1.664914 6.8484015 1.5728698 121.73661011538066 
Car -1 -1 0 637.3488040068188 180.56406401168272 693.2792822024531 216.81845792503128 1.5591134 1.5327358 3.545287 2.5490417 1.9401568 33.750546 1.3145636 23.27005957134312 
Car -1 -1 0 592.027937308598 182.0005895266257 625.2438421814777 206.6674628870003 1.5446646 1.5850842 3.6936433 -0.10059546 2.1856077 48.599815 1.3845718 13.62412035206114 
Car -1 -1 0 762.3989038748814 180.30812439201316 870.3879804571772 226.5626776345081 1.5531694 1.623376 3.6140223 7.381324 1.8338205 25.90115 0.27053255 12.416045831362583 
Car -1 -1 0 550.228536907433 182.24726148625712 597.8429994510686 201.15237142441106 1.5664358 1.6052636 4.0987287 -3.1108346 2.421227 63.69777 -0.7277535 9.809396835412619 
Car -1 -1 0 620.5493101423858 179.50140175386076 664.098133831488 198.62913787695942 1.5087978 1.5972724 3.9031317 2.7687964 2.08303 60.320553 2.267694 2.8583499597659365 
Car -1 -1 0 801.3650763545669 227.9541901401371 892.9990686718407 284.240051769007 1.451365 1.6697849 3.5829606 7.8155255 3.430039 24.064953 1.50034 0.511018735778858 

