Car -1 -1 0 373.24959573512217 184.84925257713908 477.62815744994964 257.7650497292212 1.5480347 1.6771753 3.9991648 -4.4480615 1.880934 18.00396 1.5449486 132.56084712331833 
Car -1 -1 0 719.0121346008166 176.33566004492792 893.4744686258334 296.38513754325834 1.4921033 1.617189 4.1682777 2.7954512 1.5561774 11.1841135 1.5839287 123.69395184301843 
Car -1 -1 0 689.8827673147107 173.0199911109311 785.8902932753423 247.33241117048817 1.6078074 1.5959218 3.5605838 2.981337 1.6122293 17.420532 1.5434417 68.6354858553276 
Car -1 -1 0 436.409888632392 175.38047288129178 507.062633505871 236.46527256499755 1.8148645 1.5834448 3.7547321 -4.391239 1.9036224 23.470562 1.5700963 86.88231424161786 
Car -1 -1 0 0.0 194.83138966167317 243.86475437582683 280.9569126302869 1.434188 1.5784724 3.9693043 -9.147974 1.8690771 13.376523 0.05713723 99.80369369836703 
Car -1 -1 0 667.7137457731322 173.83845497719562 727.8430822705059 220.80338320042085 1.5594449 1.5765741 3.7386706 3.094252 1.5974174 25.934544 1.5344323 34.1943039736147 
Car -1 -1 0 475.51877443481857 178.5759562994706 531.6525637404318 222.64345688655615 1.61078 1.6063875 4.100284 -4.175247 1.8568361 28.968254 1.582494 11.982594969014592 
Car -1 -1 0 531.0586681071155 178.36208961508737 558.4270291414521 195.57228331490452 1.4413931 1.5694454 3.9309466 -5.7704973 1.9452752 63.89448 1.2542137 0.8443776462416438 
Car -1 -1 0 591.8377887958939 176.90256636112062 610.9427238296289 190.73964671785495 1.4796542 1.5802102 3.5702865 -0.9290534 1.9400384 80.15726 1.4014792 0.6099678435878019 
Car -1 -1 0 660.1664400180194 173.74565273168474 706.5126275588286 211.1254844876961 1.563988 1.5836769 3.8337305 3.2335792 1.6061954 32.21843 1.545075 0.29417580366134644 

