Car -1 -1 0 449.59365476681864 165.8010700024054 516.1614108200243 216.06533817950532 1.5534999 1.6782129 3.9496765 -4.174586 1.3355174 24.30333 1.535761 77.79016021210356 
Car -1 -1 0 722.1053563308029 175.35694303001242 874.4346649182187 284.997255299903 1.5772226 1.5545491 3.298126 3.0064962 1.6252006 12.143792 1.5189401 103.73354838029962 
Car -1 -1 0 790.4500000052794 189.95250397551584 1182.9520187587298 375.0 1.4049116 1.6059269 4.1497173 3.080944 1.6193943 6.971823 1.5654687 105.79539707154953 
Car -1 -1 0 126.15530212876155 174.72162262719536 415.07917106976043 362.02489140606707 1.6040968 1.6263368 3.8261576 -3.4467058 1.6302884 8.168575 1.5222147 72.70813189969982 
Car -1 -1 0 671.129698184057 169.4213424230866 757.7051335257235 236.29891851465513 1.588026 1.5653374 3.2920558 2.6415699 1.5065166 18.83131 1.4985907 78.45638352885386 
Car -1 -1 0 644.8150512583635 166.44960986666288 716.0672246612577 219.25934247574799 1.5737804 1.632701 3.7932715 2.2152567 1.3829234 23.463589 1.4827448 43.06529467360924 
Car -1 -1 0 632.81108464066 167.69433278333986 686.2620105896802 205.8315481924133 1.4340012 1.6428474 4.2252684 1.9522047 1.2399919 29.28713 1.513052 18.19014651098278 
Car -1 -1 0 486.6271973122758 168.37559641159487 530.3504140459596 205.52383935740357 1.4492437 1.5202591 3.6165128 -4.1461854 1.27453 29.999754 1.5104536 8.148703307804242 
Car -1 -1 0 603.2197745277845 165.56990296434694 629.6441274357818 183.83183951817398 1.5275829 1.6703204 3.9137728 0.56146455 0.91827905 62.41744 1.4166355 0.3673889935016632 

