Car -1 -1 0 433.6481334456125 181.99925156459372 500.23480194343756 227.89030803249176 1.4085197 1.5413555 3.6132152 -4.57467 1.3097984 23.878132 1.5604154 75.11862231789254 
Car -1 -1 0 296.90205678953134 185.02730580111552 439.3890851967709 268.4239817154589 1.460807 1.58166 3.821883 -4.635707 1.457507 14.508211 1.5778391 119.31567427767597 
Car -1 -1 0 163.43175619027983 177.1637531582605 278.2309306227351 229.9062820071412 1.5332848 1.6050112 3.7667894 -12.095369 1.2992057 22.783825 1.5738919 64.36898673829936 
Car -1 -1 0 15.411324873357087 181.52423768746633 238.82860010334434 282.4476295171899 1.5595368 1.6174467 3.6334898 -8.353287 1.5024939 12.932643 1.5612386 99.19035701389213 
Car -1 -1 0 263.81688516954944 183.06836368513984 365.50772637787713 234.29115916424556 1.4067769 1.5713822 3.7717395 -8.671779 1.3478028 21.639484 1.5565038 23.770194397742596 
Car -1 -1 0 575.521858126094 174.97286890658276 609.2303306248056 207.17656213412891 1.5276076 1.5992991 3.5302577 -0.73297375 1.0417309 35.87804 1.5537033 19.103127152083538 
Car -1 -1 0 457.4530879171615 177.65807473310522 509.26424443417903 212.33675703521453 1.4574047 1.5571884 3.4893107 -5.4491997 1.1397884 31.989563 1.6172839 19.42361351442577 
Car -1 -1 0 370.0323579952482 179.9546405501198 431.94770580762145 214.2313424157582 1.4266341 1.5489495 3.5389423 -9.027348 1.207663 31.729532 1.6266599 9.584427254042668 
Car -1 -1 0 421.1103574953858 174.71033410122865 449.95945254293997 194.35756426784585 1.4406221 1.5907624 4.1406584 -13.054342 0.6703222 54.84764 1.4732882 0.6649296440896239 
Car -1 -1 0 354.7645837053927 173.58736668782456 409.06241284316326 200.79150260991375 1.4513667 1.5967958 4.124395 -12.599709 0.83098406 40.448856 1.6174674 0.5482121713393887 
Car -1 -1 0 436.77156134853215 172.5013986378614 476.5473661794102 199.2694364415431 1.5219272 1.6093096 3.664848 -8.892368 0.7990413 42.70709 1.5666912 0.8073684407655632 

