Car -1 -1 0 739.6085226052867 183.7500858800665 911.763052757795 242.0057228596531 1.4744256 1.6541665 4.1430035 5.745321 1.7821093 19.484772 -0.030573513 125.14820335854502 
Car -1 -1 0 634.4877861696781 181.28157420016902 677.1885056349888 215.76182896776368 1.4774011 1.5832809 4.030031 2.1198978 1.8980201 33.964478 1.527513 34.52197167744489 
Car -1 -1 0 375.4605055741462 183.4894529328503 494.52861249875315 224.18685787019723 1.4750628 1.6233354 4.138633 -6.5650797 1.8915033 27.41977 -0.010176318 63.43118761410449 
Car -1 -1 0 920.2540323149656 183.6005721088977 1242.0 309.3483714237196 1.5194445 1.596072 3.6587582 6.3666277 1.6775727 9.742462 -0.042177793 58.79487241592702 
Car -1 -1 0 282.1605989087985 184.75358991344447 444.7453729238578 242.90507069139124 1.4539331 1.5677369 3.7820928 -6.451246 1.7832339 19.167467 0.008471173 27.120539172173444 
Car -1 -1 0 0.0 189.53346767314588 337.41835193873095 323.6350506358771 1.5072999 1.6158274 3.9282 -5.732387 1.7393373 9.180514 0.025229039 94.58115152004899 
Car -1 -1 0 156.3383410687949 174.5375108364597 398.15528717210185 268.36851247156454 1.7059247 1.6724296 3.9645147 -6.342642 1.7411506 14.125282 -0.069704995 53.8057810758918 
Car -1 -1 0 75.90494062880397 188.65568121424883 378.5911943789847 290.9380591688472 1.4726734 1.5890911 3.9802003 -5.919197 1.7420542 11.472548 0.016840221 34.19959327470237 
Car -1 -1 0 219.1437901492839 183.93560604615914 418.8062170471673 253.03370038836192 1.4817984 1.5930376 3.9553847 -6.5686483 1.7499733 16.604622 -0.030571612 8.61096734582485 
Car -1 -1 0 554.2538141470246 178.98841060216526 575.4257398861038 198.48207554381779 1.47524 1.5945982 4.102241 -3.626626 1.9867163 58.047485 1.483068 2.0815507316390196 
Car -1 -1 0 397.06675295149 177.40692247773643 493.6314897807508 211.2837695940827 1.5856922 1.7033951 4.2825336 -7.877633 1.811152 34.86785 -0.0050890595 1.1516869990698257 
Car -1 -1 0 619.6184906937984 177.09646791016942 639.0285811086432 195.4047214137325 1.4898101 1.5197223 3.5161746 1.703521 1.8611584 61.353573 1.6355003 0.26187238097190857 

