Car -1 -1 0 783.4753610134703 194.05321405547735 1127.247219391772 375.0 1.406615 1.541626 3.4591498 2.8156757 1.6553395 6.7335625 1.5675871 105.03354612336285 
Car -1 -1 0 852.8460342620368 171.40324859751357 1165.4692396361752 280.5558999168782 1.6421307 1.6623304 4.1677246 6.334945 1.6203051 11.813753 0.062000945 71.49329525671493 
Car -1 -1 0 212.3833945335206 173.58675267806706 421.6752059481456 246.2334283572538 1.5699114 1.6701529 4.1135454 -6.581027 1.587588 16.508423 0.030651398 33.713136283712835 
Car -1 -1 0 29.047646200281612 174.6010749849722 324.2165433039677 274.7488631637951 1.5043492 1.588854 3.8203077 -6.8517127 1.5347172 11.704782 -0.022470243 42.109236193037965 
Car -1 -1 0 784.8437196006308 179.5759235228617 962.5663052278871 245.06251101907006 1.4673254 1.5733684 3.6454296 6.186307 1.6347381 17.152617 -0.017039802 39.48552344904155 
Car -1 -1 0 144.92339017930817 178.83990924684122 400.20190902085534 259.00739943866836 1.4447409 1.6131713 4.1875563 -6.380229 1.5678277 13.983714 -0.022314182 39.505815951342974 
Car -1 -1 0 0.0 177.44919460074055 329.2534745660705 309.50581374353874 1.5014588 1.6250939 4.0761185 -5.903732 1.5652342 9.139325 0.030690478 71.04120134716418 
Car -1 -1 0 295.41223745131197 167.90401321634528 455.4243092014902 228.2419047738755 1.6885471 1.6857476 4.1449976 -6.7461977 1.5500224 21.09932 -0.0312372 44.13129100057766 
Car -1 -1 0 710.8150010537497 178.31296447553763 840.151772606982 221.3536480218255 1.4238434 1.5942843 4.0891895 5.7081037 1.6207454 25.068813 -0.079348415 29.407173006503886 
Car -1 -1 0 635.5701766679128 172.7998693863851 672.4550431993767 201.31658036369362 1.5248867 1.6725143 4.21014 2.4555829 1.521992 40.717476 1.5340526 20.810935603343246 
Car -1 -1 0 736.6135540111105 179.45351861624596 884.0283457709334 230.1648235322146 1.4710242 1.6030585 4.0522695 6.091571 1.6821486 22.130365 -0.07560331 28.594895085840488 
Car -1 -1 0 820.4283175824137 178.52838418275252 1064.5400597120388 259.4449977281689 1.4874299 1.6151428 4.070067 6.429656 1.6058495 14.219489 -0.015199977 16.856127748984562 
Car -1 -1 0 448.6595291867364 171.15273928535527 532.9318238984964 202.05474871112918 1.5638282 1.6549069 4.043836 -6.1321115 1.477734 37.49318 0.0762212 7.542163374402898 
Car -1 -1 0 333.86044005100536 164.28064528646243 475.3992679037426 220.0606924352046 1.75821 1.7017579 4.1652346 -6.6257033 1.4879742 23.637247 -0.020835 6.281922469773352 
Car -1 -1 0 774.5035555923555 179.35939304439682 936.1239433748543 235.8746073362329 1.455717 1.5965842 3.8826962 6.671581 1.6429529 19.788807 -0.09468176 4.611598274285275 
Car -1 -1 0 710.4333867572132 172.14852991696824 825.5269764415996 216.06050992901726 1.6085454 1.6814303 3.9599166 5.953267 1.5827031 27.379675 -0.055334926 3.973665219171795 
Car -1 -1 0 428.0625614635416 172.64959394680437 518.7866804042566 205.51093270684729 1.5519071 1.6438472 4.0830092 -6.5336776 1.5422536 34.90666 -0.004633068 0.2526375651359558 

