Car -1 -1 0 654.8357698289974 182.51958085552582 708.4076461635741 225.52663409924307 1.3964226 1.5391923 3.6277516 2.5364497 1.7700233 26.068054 1.5609939 69.55265803604361 
Car -1 -1 0 244.79655439897138 195.11816722493745 433.5608638162496 315.90422471463603 1.4344145 1.55084 3.38708 -3.8635116 1.8232179 10.898283 1.581931 114.19066486769688 
Car -1 -1 0 754.1454224660378 168.6914101645426 878.3441796338537 212.0403696315746 1.6490457 1.7011505 4.3914695 8.091758 1.4906957 28.455416 -0.07244128 36.79612920760818 
Car -1 -1 0 824.142712557378 169.99918371598199 1020.8590293915504 228.93380567169126 1.4921913 1.6995815 4.4792852 8.182114 1.4199089 19.129038 -0.0046118735 92.43923152247268 
Car -1 -1 0 407.5381812939223 188.93745763469167 464.464808422115 233.86087428371252 1.4834156 1.593898 3.9339743 -6.4924107 2.1379762 27.325573 1.4662783 38.43950845908094 
Car -1 -1 0 792.2705267678568 162.4579992560189 945.326167293689 218.28244609721227 1.6535718 1.693831 4.109308 7.9102516 1.3456326 22.25577 -0.017702738 41.438787931640626 
Car -1 -1 0 315.4731761880628 193.1402708159265 416.98863177517325 257.58603322623566 1.4791906 1.5555388 3.6032422 -6.4514465 2.0784874 19.507538 1.5623496 8.279429818169262 
Car -1 -1 0 476.03560361903794 183.8616022891262 516.0168088993752 211.8841619359058 1.4823263 1.5814154 4.1165133 -6.5325537 2.1528444 41.87538 1.5945456 2.457474438367398 
Car -1 -1 0 1018.5218164938174 153.6691093174417 1121.9942564993353 188.4730435761998 1.6342732 1.6773472 3.8963552 22.135332 0.73341644 34.767506 0.024721045 12.182326495064686 
Car -1 -1 0 981.7647970824615 157.5236694888412 1070.302401971826 187.69982857038715 1.555671 1.647472 3.710115 21.914457 0.7653465 38.05807 0.01998931 4.468927921270202 
Car -1 -1 0 1064.6016503214512 152.05885285644567 1187.5052303548032 190.03185419438424 1.6071925 1.6887741 4.1030364 22.447891 0.72704583 31.470339 0.04287123 1.7389493005643526 
Car -1 -1 0 951.3767353566833 159.85344032974373 1042.139767789919 186.72939403251337 1.4710699 1.6647022 4.171157 21.624584 0.759477 40.403637 0.037461493 0.2503504753112793 

