Car -1 -1 0 656.360915639561 176.31852341745224 708.722023031982 219.35310299727874 1.6045121 1.6176721 3.7199159 2.876072 1.753252 29.091469 1.5375248 64.2222896134956 
Car -1 -1 0 394.58383535878954 191.69723549832122 466.78412205752784 238.70841914320715 1.4552648 1.586968 3.547058 -6.252007 2.1699991 25.572025 1.6004884 52.58802258377669 
Car -1 -1 0 437.01299445788965 189.2954236446546 492.98576817356496 227.73412643472844 1.4609451 1.5531446 3.8776553 -6.146788 2.2130826 31.05219 1.5930601 31.246537944399574 
Car -1 -1 0 100.33198032746064 201.56784124088193 185.41098198482976 240.8374613296621 1.5207363 1.5794702 3.451896 -20.727173 2.8711674 32.20367 1.5646956 45.688685057933 
Car -1 -1 0 50.222941581326566 205.28419558299956 140.44025568812782 242.1834828439234 1.430227 1.588501 3.6869435 -23.481943 3.002349 33.112312 1.5417666 20.725582472626126 
Car -1 -1 0 475.8660185392442 181.396014965976 515.6679989655784 216.6208395732694 1.778893 1.605921 4.0043154 -6.163001 2.269558 39.43097 1.5542645 20.935004302686323 
Car -1 -1 0 0.0 208.76376046472492 91.40635789240231 245.81535509644783 1.4287367 1.668263 3.5412974 -25.825224 3.1613317 33.03829 1.5656883 19.025581050132057 
Car -1 -1 0 627.6200197297292 176.3464072996987 642.3267646335148 190.85497371625763 1.5173993 1.5555508 3.5496154 2.7621 1.9043388 78.137314 1.6117842 1.6859318593993189 
Car -1 -1 0 156.87006162033887 201.12000386110705 239.85962581438292 238.9260672917795 1.4471232 1.5806696 3.8146043 -18.352406 2.791273 32.39686 1.5611267 0.6670417457869416 
Car -1 -1 0 749.9477173188902 161.52949979637728 784.1459074007624 180.1141035468131 1.4762995 1.6248151 4.0427985 12.919045 0.57671833 59.400394 1.4846201 0.35820603370666504 
Car -1 -1 0 535.4350326346446 181.921087513055 557.5543847068727 197.86909445231453 1.4867377 1.5529041 3.9691541 -6.2307105 2.4124098 71.62332 1.6495929 0.32360121607780457 

