Car -1 -1 0 684.6580672965297 180.4871968636021 808.0596004756693 263.5850560514094 1.4544096 1.6498326 4.3266673 2.703221 1.6385951 15.220645 1.5373156 89.92105028886607 
Car -1 -1 0 664.5701550714343 178.5443771088942 726.2276052853183 222.64464838964128 1.4253557 1.6101012 4.2503543 3.005734 1.6474882 26.020405 1.5440565 52.70252740273569 
Car -1 -1 0 4.247331887246732 190.53183850487343 333.7123259343997 300.53332019964137 1.4699183 1.6058141 3.9415526 -6.4257603 1.7590714 10.871437 -0.06573211 47.87647076119914 
Car -1 -1 0 294.3780510657023 186.11708498827838 472.2658638867494 243.54659872285137 1.4042954 1.5960315 4.1790442 -5.8816867 1.7710838 19.015461 0.06819693 93.67935219491861 
Car -1 -1 0 0.0 196.50216163067267 266.3326217059018 338.8285395930897 1.4330302 1.5797722 3.8937497 -6.3356037 1.7396808 8.459603 0.055530805 66.00020868990836 
Car -1 -1 0 130.5874231001032 183.2309755225055 377.7947562623848 272.29742150964154 1.5070866 1.5995735 3.825922 -6.4714127 1.7128477 13.367558 0.074278705 44.89529330270389 
Car -1 -1 0 318.64402229461547 180.32008730440208 465.5370051567474 232.1225915109197 1.4731928 1.5991421 3.9261072 -6.4256 1.7054434 21.60365 -0.021467673 17.15331239019583 
Car -1 -1 0 339.9202512057539 169.3886067077955 474.1625158102288 222.4964288641942 1.7026173 1.6799364 3.993007 -6.652057 1.5915179 23.98172 -0.0047717807 20.500537976505246 
Car -1 -1 0 642.0511936715343 172.60036344801586 678.0591796843862 201.22769325073318 1.7171497 1.6938615 4.1699066 3.1282156 1.7019356 45.419434 1.5001693 13.627859168708422 
Car -1 -1 0 459.2352370803287 177.7216803743467 520.7578650518595 217.94592891515504 1.5396705 1.6133585 3.7144036 -4.897927 1.7551517 30.012957 1.6699336 0.8529881738640932 
Car -1 -1 0 493.49776734462864 173.48237473313677 553.4663935556797 196.77229576779865 1.6476666 1.6397266 4.0975895 -6.166462 1.6936713 51.95919 0.022913283 1.095730421183957 

