Car -1 -1 0 738.5839164354447 183.56038360665914 844.7743569983082 260.5380872120103 1.5588019 1.5399122 3.3214326 4.1106606 1.8325171 16.76302 1.5401332 91.39684894018136 
Car -1 -1 0 791.8172864968684 192.01739891942898 986.3806111541224 314.8550119093652 1.4316727 1.6043661 3.9852586 4.015608 1.779578 11.070852 1.6182425 77.0933191403186 
Car -1 -1 0 464.9484331115982 186.16740057338885 534.0009719688651 230.22820352561155 1.4548569 1.6962616 3.9686906 -4.044465 1.9927943 27.107813 1.6517624 48.61474236096647 
Car -1 -1 0 717.9124830870056 184.5973370834328 790.14871431041 239.65788749371197 1.4641998 1.605079 3.8465383 4.3036036 1.8538936 21.983648 1.619485 39.7189458104882 
Car -1 -1 0 702.0039102222256 182.82713828925577 759.7988439287453 226.12651109086647 1.486548 1.5950258 3.6866746 4.545575 1.8917549 27.469212 1.5751035 20.923496459163555 
Car -1 -1 0 566.62591866379 181.84181574485896 591.4982610783111 203.53083806177688 1.5248101 1.6454341 3.866388 -2.2614365 2.225272 54.286263 1.5873134 7.147263597209873 
Car -1 -1 0 503.8247591278311 184.1058862845537 554.3825495195167 221.5221464400088 1.5306082 1.5735259 4.009368 -3.5906487 2.0743618 32.81126 1.6449472 1.0590574468252978 
Car -1 -1 0 691.3511970243899 179.7227140494737 735.1934834739802 217.54256537267705 1.5649385 1.5868369 3.9695497 4.6258755 1.894589 32.609337 1.6172312 0.8975487026077563 
Car -1 -1 0 921.8177622999727 179.18014203399738 973.4638917424329 206.55477392753176 1.5049084 1.5736395 3.7787466 19.855265 1.8948866 42.52467 1.6648374 0.9517654788928281 
Car -1 -1 0 524.6863054525234 183.89766295955246 563.4521273844881 214.09860583630044 1.4557858 1.5525203 3.7766256 -3.408667 2.0683684 38.103687 1.6130487 0.66508672627266 

