Car -1 -1 0 750.992409928036 182.39945808428416 880.4762833556773 271.29903161488795 1.555208 1.5506599 3.483176 4.066619 1.7739856 14.769743 1.535887 90.08852300763674 
Car -1 -1 0 824.9412800113239 193.57686353262125 1093.5711940680762 353.19521489673735 1.4396676 1.5832905 3.879179 3.989014 1.7542697 8.986359 1.6078684 88.64610621081415 
Car -1 -1 0 724.3355570501401 183.2168343432397 804.7732858291124 244.98732380732423 1.4822327 1.5879827 3.843279 4.17262 1.7966911 19.933474 1.624471 57.211680702722035 
Car -1 -1 0 451.72196962478836 184.89548573579984 525.2110302641195 234.7942930048002 1.5263379 1.6697698 3.8350053 -4.0993824 1.9762459 24.99004 1.637521 63.26622522798456 
Car -1 -1 0 707.6191883582751 181.7001851298819 767.680825229748 228.38712845927512 1.4794021 1.5957999 3.7244725 4.443328 1.8149023 25.472963 1.6099943 26.594124535141408 
Car -1 -1 0 561.2736584168939 180.68797229250717 590.1482044635891 202.59136942865163 1.4817343 1.5756031 3.7497025 -2.4100332 2.0688882 52.138947 1.6641412 12.684576023001062 
Car -1 -1 0 690.0376511543814 180.84148909318233 736.3494442702954 219.471617014972 1.4791191 1.5669067 4.1154013 4.3259926 1.8408985 30.58693 1.6202077 13.187561811810692 
Car -1 -1 0 517.5673414096874 182.94273201240077 560.3269156392155 215.5201857183617 1.4769864 1.5393763 3.8960905 -3.4601798 2.0072129 35.932907 1.6273913 5.441310869573595 
Car -1 -1 0 492.8335585670272 184.62977977534135 546.6953193491271 223.56345255870932 1.4906287 1.5491581 3.744013 -3.75568 2.023448 30.719412 1.6510072 7.685346328299951 

