0.000000 1.000000 1.000000 1.000000
0.025000 1.000000 1.000000 0.996364
0.050000 1.000000 0.995665 0.996034
0.075000 0.995434 0.995665 0.996034
0.100000 0.993684 0.995665 0.996034
0.125000 0.993684 0.995665 0.996034
0.150000 0.993684 0.995665 0.996034
0.175000 0.993684 0.995665 0.996034
0.200000 0.993684 0.995665 0.996034
0.225000 0.993684 0.995665 0.996034
0.250000 0.993684 0.995665 0.996034
0.275000 0.993684 0.995665 0.996034
0.300000 0.993684 0.995665 0.995760
0.325000 0.993684 0.995665 0.995250
0.350000 0.993166 0.995665 0.994813
0.375000 0.993166 0.995617 0.992993
0.400000 0.993166 0.995575 0.990511
0.425000 0.993166 0.994945 0.986446
0.450000 0.993166 0.994387 0.983646
0.475000 0.993166 0.993096 0.981894
0.500000 0.993166 0.989942 0.980497
0.525000 0.993166 0.985459 0.976744
0.550000 0.993166 0.982532 0.973514
0.575000 0.993166 0.980087 0.970883
0.600000 0.993166 0.978054 0.966632
0.625000 0.992892 0.973299 0.963974
0.650000 0.992643 0.969318 0.959720
0.675000 0.991911 0.965311 0.953719
0.700000 0.991711 0.959276 0.949505
0.725000 0.990597 0.953885 0.942139
0.750000 0.988214 0.947081 0.933243
0.775000 0.983836 0.938192 0.921158
0.800000 0.976480 0.927278 0.909732
0.825000 0.971232 0.909804 0.892861
0.850000 0.967489 0.890263 0.867089
0.875000 0.963623 0.862436 0.794466
0.900000 0.952988 0.806900 0.708645
0.925000 0.940847 0.643845 0.000000
0.950000 0.638263 0.000000 0.000000
0.975000 0.000000 0.000000 0.000000
1.000000 0.000000 0.000000 0.000000
