Car -1 -1 0 573.9054623056405 173.52157970042427 623.3034673533944 217.53223350380705 1.5054047 1.6916766 3.2347467 -0.34343848 1.105402 26.231678 1.5397167 31.87974584609656 
Car -1 -1 0 215.01770371448407 159.8461635844311 427.6192073015955 289.060534354654 1.8079653 1.7473165 4.468173 -4.57303 1.4529952 12.319172 1.6028657 114.85570441243428 
Car -1 -1 0 428.93833429569514 177.92447894699987 494.91279898571827 224.51478549058425 1.4992638 1.6125507 3.7612436 -4.971075 1.2646343 25.03034 1.5490055 45.20504488522726 
Car -1 -1 0 192.29296103990157 180.47453518179236 290.4269249873255 225.63020961236026 1.498799 1.6468594 3.9891808 -13.036748 1.3414311 25.88915 1.5266157 15.54103088510709 
Car -1 -1 0 9.229022421809315 188.01969195400602 183.99453495815376 253.7990115295658 1.4165707 1.62318 4.1493444 -12.37907 1.4942887 17.793425 1.4936705 9.614339544909518 
Car -1 -1 0 525.6139489149476 174.00360993576956 552.3548217694434 198.40961616183864 1.5564562 1.5765662 3.8264349 -4.4983187 0.8414222 47.789677 1.5272508 1.914612193096345 
Car -1 -1 0 0.0 170.88568718187332 126.69621504731829 227.64483073692816 1.5965068 1.523866 3.3060691 -16.617212 1.1934359 21.931795 1.6561875 0.38379573822021484 
Car -1 -1 0 407.97838979803026 178.11692776252121 445.6597330470389 207.2686059984537 1.4351809 1.5814178 3.7566009 -9.324987 1.0856978 37.370335 1.4114406 1.3303039811791582 
Car -1 -1 0 130.63108697308144 181.17416632563047 226.90190182134245 226.7960879210617 1.5636935 1.5963162 3.8005552 -15.726177 1.4251698 26.608202 1.4725928 1.802623514668826 

