Car -1 -1 0 662.4384297939915 183.30340435385614 768.0375149169421 258.6583460181376 1.4596817 1.5912511 3.9680018 2.2868617 1.7291882 16.575258 1.5014938 59.45435261090303 
Car -1 -1 0 32.15774742763207 189.63901413323524 439.82476206690626 375.0 1.4689313 1.6587445 4.215886 -2.7036054 1.6679776 6.3990746 1.5058403 101.4983516321378 
Car -1 -1 0 745.8949175580437 150.7199784765541 1120.5495602101018 375.0 1.7821848 1.6159525 3.6080585 2.3863673 1.6431812 6.3531723 1.5481644 111.86890853656683 
Car -1 -1 0 447.9982149567133 185.01381150845012 535.1713515522116 247.2802472204963 1.4753551 1.664403 4.1574416 -3.1468453 1.8478386 20.00829 1.5897341 76.96681533385849 
Car -1 -1 0 530.4065859947827 177.5331005924538 566.8529306032384 206.52553920606903 1.5510958 1.6373925 4.184599 -3.44334 1.8332415 41.396065 1.5957255 18.92740665408945 
Car -1 -1 0 707.9745350327859 181.20748320177756 883.8509291057076 303.3206032512182 1.5246652 1.6357967 4.1535034 2.6894665 1.6806967 11.386162 1.5527548 38.485230744971666 
Car -1 -1 0 625.234109941942 173.69752098357708 654.0992105510381 200.62602042960333 1.6744846 1.6256604 3.9860194 1.921833 1.7317858 47.00402 1.5481124 5.688383626258712 
Car -1 -1 0 557.7455305370811 177.23271090376156 579.4040948917838 196.18448285535277 1.4915391 1.6389302 4.0906057 -3.3657537 1.8669381 59.798977 1.5517969 1.2239447337382634 
Car -1 -1 0 508.59918948952424 181.14854716342523 537.5300221756042 201.08055694125457 1.4926941 1.5714984 3.8573878 -6.8759403 2.178458 57.670387 1.6484373 2.040860231747311 

