Car -1 -1 0 742.6222048288358 178.398624018309 923.3717502885544 302.19346060055403 1.5571908 1.6146934 3.77363 3.2115288 1.6572552 11.133449 1.5690454 126.91424420485059 
Car -1 -1 0 676.4932381111536 181.29623369151923 741.1641790563552 228.59345878903375 1.4528794 1.5851767 3.5767772 3.3101175 1.7623489 24.63147 1.5314741 64.88344638881341 
Car -1 -1 0 825.5869176818171 185.30021024297574 1242.0 375.0 1.5005012 1.6108234 3.598516 3.148324 1.6370277 6.1037855 1.585624 83.01644062628465 
Car -1 -1 0 0.0 184.19081316440466 316.90268129012156 304.94572960271796 1.4093909 1.6172875 4.236677 -6.3034286 1.5732484 9.511256 -0.051947437 123.40323500572656 
Car -1 -1 0 729.3430256310078 179.6864542420712 827.6311974441084 214.660285768756 1.4872772 1.6334484 3.9787464 7.406083 1.7973797 31.884674 0.023662133 19.147505412111734 
Car -1 -1 0 375.9267755071439 175.03417450818816 505.6315567644028 223.72684088689516 1.5870672 1.6600146 3.9907167 -5.670081 1.6639502 24.522427 0.0467504 27.203522649273395 
Car -1 -1 0 175.5338597316556 179.21693517429046 403.3670516170375 258.69871404963243 1.542013 1.667934 4.022441 -6.5436015 1.6832495 15.081881 -0.05023964 59.47763705807058 
Car -1 -1 0 302.8243136305677 176.76736619356194 459.9479457504563 236.48374646829936 1.5447376 1.6451979 3.747442 -6.1221924 1.6558509 19.63179 0.017388543 21.487205177037776 
Car -1 -1 0 491.56224666813824 175.05252027687288 555.1489163971252 198.93717447698617 1.5606066 1.647506 4.017617 -5.723581 1.7101263 48.189236 0.02921464 9.516895966284594 
Car -1 -1 0 721.4650632031988 176.0612971717029 810.5321861739742 210.7495316280782 1.5839856 1.6636119 4.0412674 7.3637357 1.7413971 34.284527 0.15191399 4.360199356230759 
Car -1 -1 0 269.64060922774934 180.40593862865163 451.0837880957257 247.3387357330565 1.5007949 1.5986965 3.7771616 -5.834423 1.6894494 17.195246 -0.015996646 8.028256253460505 
Car -1 -1 0 450.6052312818588 160.56613119541663 526.8567808177536 192.23923253045382 1.658526 1.6491853 3.785176 -6.4316454 1.0150855 38.652794 0.024276985 5.315336833724305 
Car -1 -1 0 390.88757656781286 174.00051201484175 503.77171561448597 216.3539166543454 1.6504922 1.7095035 4.3118 -6.496193 1.6987514 29.274307 -0.11521844 3.6350582113337278 
Car -1 -1 0 346.73690413492545 180.10338310837045 490.52634736324126 231.7571377623362 1.4941204 1.6186402 3.939643 -5.7631855 1.7247939 22.043568 0.05459016 0.6954418212392899 

