Car -1 -1 0 776.3125461383697 174.09468893062325 1137.3708366253447 375.0 1.6215106 1.6116498 3.368875 2.7789211 1.6358607 6.63447 1.5365967 140.2026197312378 
Car -1 -1 0 677.8449565623183 184.15003759814581 748.4577479028536 240.99666094164257 1.4188927 1.5547597 3.432778 2.847785 1.765697 20.424276 1.5859284 85.09659483310742 
Car -1 -1 0 728.0131738341247 175.45427413808613 861.833578121555 225.54727535034726 1.6965619 1.7249247 4.328692 6.464386 1.7920351 25.515535 0.053469434 64.93797163607627 
Car -1 -1 0 283.8283588526303 183.91364788359311 468.03596517420897 246.8784631496347 1.4734755 1.6193659 4.075848 -5.743864 1.763106 18.040585 0.022378847 62.4140442005583 
Car -1 -1 0 220.05546764714026 186.70612697529194 430.9771365395848 258.37937375540275 1.454449 1.6026132 3.9997118 -6.1259823 1.7750146 15.836392 0.030246973 69.74747823765637 
Car -1 -1 0 335.8780200517204 181.58969974991294 485.13702980583156 231.39946151359638 1.4893297 1.6241226 4.242146 -6.1730485 1.7738044 22.678844 0.0026912545 35.43635663625884 
Car -1 -1 0 637.0270085399245 179.1113442301129 660.1887358956014 200.51231261263018 1.5061765 1.668192 4.227249 2.897639 1.9946128 54.178234 1.6086249 7.107260354030823 
Car -1 -1 0 438.058893097672 174.50288874838185 522.4231822623841 208.70499270769227 1.7243259 1.6749065 4.078699 -6.6394277 1.8116114 37.327957 -0.014744108 8.129713642371744 
Car -1 -1 0 0.0 164.597429115204 293.08461233432774 299.89475387173223 1.7602615 1.7009358 3.9963274 -6.886939 1.6528409 10.29615 -0.029336821 45.576215351217435 
Car -1 -1 0 350.8315374684856 179.4184443533087 471.79110062891687 224.0359375778972 1.507585 1.6056604 3.8185148 -6.9627924 1.7483228 25.553978 0.05522029 5.84091846092817 
Car -1 -1 0 386.5538214594788 179.77991258063656 502.46301462800756 220.5905713966449 1.4993819 1.6145369 4.0555797 -6.2970586 1.7748893 27.764832 0.06506103 5.514194863460244 
Car -1 -1 0 320.19806174912935 181.43832411861007 472.84858376488495 237.40513859916967 1.5114945 1.5891566 3.8847356 -6.028639 1.7680631 20.664177 0.055539116 2.9112450582753553 
Car -1 -1 0 92.96210010220743 177.52456017459232 343.9484932898874 269.83178297429316 1.5544937 1.6418691 3.6573274 -6.945583 1.6446991 13.086235 -0.01555721 7.7109944419032095 
Car -1 -1 0 678.4942466696227 176.4943319223474 718.0746928879923 208.29255910365657 1.6507599 1.5743058 3.6066718 4.8355684 1.8604223 39.717575 1.5229511 0.7715958859465324 
Car -1 -1 0 520.0496179364762 177.9142135815165 545.9319907307544 200.8255572775792 1.487103 1.6741848 3.8471763 -5.3106303 1.8500838 49.740643 1.4389008 1.0132539556112885 

