Car -1 -1 0 167.31169706179503 198.48415892813748 365.0990376549909 307.3783798179047 1.4980092 1.6264496 3.9096441 -5.8288956 2.0227132 12.810242 1.5786839 100.62105967771718 
Car -1 -1 0 381.83019558933023 191.32109939158 462.0886411098641 244.04913903004652 1.4546387 1.6001186 3.6578093 -5.883455 2.0906668 23.019382 1.573685 55.47054749862405 
Car -1 -1 0 314.1729173556969 195.0322156492979 426.1102870315107 263.6004235593485 1.4347382 1.5900917 3.7499099 -5.8902173 2.051591 18.190475 1.5669696 71.54942618834384 
Car -1 -1 0 429.56926871856786 189.28368598783157 493.38900917844944 230.132831305933 1.4288666 1.6661716 4.2165256 -5.8706183 2.1387157 29.057755 1.5807978 33.6530884296305 
Car -1 -1 0 810.9071528714026 160.67729769407896 951.7882598167404 205.59172570843918 1.4966266 1.6574506 4.2419877 9.312305 1.0908777 24.923347 -0.024511391 55.74544415016266 
Car -1 -1 0 663.9067919547304 176.842914977219 713.6640918239771 216.7528032099893 1.5801475 1.5974076 3.725937 3.3224216 1.7610549 30.834486 1.5367126 17.503881056067648 
Car -1 -1 0 473.6705878812738 186.86169590170525 523.9670280577262 220.0062010858119 1.5027709 1.590767 3.9519734 -5.533741 2.2507412 36.48479 1.6669856 18.66443219724333 
Car -1 -1 0 658.3229183587515 177.64312635282332 694.7522420581032 210.87497919073385 1.5577044 1.6162889 3.8909593 3.3257866 1.8121755 36.364685 1.6082535 16.958191036982647 
Car -1 -1 0 1081.185881342052 142.8011980995605 1197.4739834339334 179.5570390384393 1.6030791 1.656903 3.9780622 23.662312 0.29234797 32.321114 0.011754814 9.694354268316733 
Car -1 -1 0 744.5444881568021 172.87210086483472 789.7174168980266 205.51230427359107 1.4283876 1.5207344 3.399584 7.2215466 1.4292669 33.31768 1.6274254 8.03357574599528 
Car -1 -1 0 810.3537857083895 160.22470106387988 928.1668067687167 203.10905825845163 1.5758826 1.6431866 3.8849049 9.824781 1.1117903 27.455214 -0.062164716 6.121281584813424 
Car -1 -1 0 778.1115765369326 166.76794636146712 882.8811733704293 203.7397041419356 1.4724338 1.5853537 3.896759 9.152993 1.230051 29.965628 -0.23803036 2.755043837176932 
Car -1 -1 0 1111.816456270003 141.6986153060278 1240.3657706315207 179.76273874287264 1.518307 1.6271098 3.967785 23.199114 0.27557656 29.644497 0.025412023 7.5018695488959555 
Car -1 -1 0 640.0432733296891 178.82866567430148 679.2682191281654 205.04879458459416 1.577908 1.5744507 3.7466424 3.1704297 1.9779667 46.321526 1.3715647 1.4592770330359777 

