Car -1 -1 0 327.3483675189392 183.76543962032304 478.1437318877574 279.4547684683042 1.4918714 1.6446747 3.7676525 -3.5287328 1.4692607 13.099175 1.580415 113.47749510151777 
Car -1 -1 0 78.77786982725634 175.4102569735158 290.15533134444615 274.2048819366969 1.6066227 1.6505802 4.041057 -7.7665935 1.4471642 13.712103 1.572447 126.17039370564935 
Car -1 -1 0 581.5871784233357 177.67213005828322 620.2229442907561 212.74261313055112 1.496397 1.6487383 3.4417982 -0.27885556 1.174526 32.39832 1.5646014 24.199451234969736 
Car -1 -1 0 477.83908434545776 178.9942190072402 543.1565616295742 224.70463676224045 1.4852922 1.639701 4.0997367 -3.3290687 1.2831345 25.43256 1.6019361 60.83511278433984 
Car -1 -1 0 278.83733727150116 185.7310661046693 383.063629535195 240.50118275523423 1.4057465 1.6124997 3.9620242 -7.7335806 1.4218934 20.505342 1.5233715 32.08528334105353 
Car -1 -1 0 0.0 186.02417991695083 145.32972432081266 263.04922850258123 1.4288659 1.620968 4.0728335 -12.114583 1.4485736 15.450853 1.6175866 32.93152840181997 
Car -1 -1 0 445.7067247639551 178.76305648835572 484.1202837433911 206.50836200938957 1.4453549 1.6255647 3.533181 -7.723165 1.1092131 39.266205 1.5019 15.19664701135769 
Car -1 -1 0 182.03376469765132 179.69448676264744 294.18398886480725 230.6001939788003 1.4745376 1.5800985 3.695389 -11.505428 1.3146099 22.68689 1.5925806 10.24640600773997 
Car -1 -1 0 388.5563667551762 184.23674548019184 450.7613116318601 222.19828218947166 1.4233778 1.542825 3.6170776 -7.425377 1.3866717 28.762833 1.571574 7.6067803684865645 
Car -1 -1 0 494.13854278420723 175.59107174679787 518.3055140961662 193.77480150703374 1.4360319 1.5837115 4.0492377 -8.228518 0.67594194 58.828804 1.525695 0.32447323203086853 

