Car -1 -1 0 431.2798108444926 185.8015030454156 503.4532881344842 234.02405396065515 1.4393406 1.5863819 3.6063614 -4.445427 1.459821 23.316227 1.5869887 65.27016880543277 
Car -1 -1 0 263.46395440215036 188.0983778651689 364.77471592834 240.5840605001821 1.3832898 1.6087329 3.7588673 -8.457518 1.4755076 21.076584 1.517179 22.124338871263692 
Car -1 -1 0 0.6820349598300148 186.97493565179812 245.0403723886232 289.15944493677614 1.53303 1.6508468 4.046074 -8.332461 1.5694962 12.877531 1.5709715 121.83967006768219 
Car -1 -1 0 259.15523517624086 194.20831922716502 439.82114456310467 297.3009587445989 1.3983552 1.6251432 3.9753017 -4.083473 1.5744778 12.088417 1.5672214 100.04289076693088 
Car -1 -1 0 578.1581294857681 181.2957192393295 609.4809930026763 208.99542549422242 1.4479334 1.637878 3.7509747 -0.7421193 1.2430263 39.470238 1.5477998 17.531795205434797 
Car -1 -1 0 479.0931495529475 183.62330726370325 519.3746439313346 216.56076547036733 1.4393666 1.5941533 3.9507194 -4.9663224 1.3697791 33.44831 1.48832 17.546374656967043 
Car -1 -1 0 379.8337222571336 183.25207780066967 439.33521349379606 220.41699792311513 1.5448244 1.6009042 3.662171 -8.642883 1.4632031 31.715937 1.5762701 34.54583127924476 
Car -1 -1 0 507.00891839668293 183.51109512937182 541.5934938235805 209.14115207679845 1.4613092 1.5949326 3.7681758 -4.899066 1.3641205 42.877357 1.580143 11.078938042826765 
Car -1 -1 0 361.30981103473863 181.66727822229106 414.9454112803081 209.2381254940597 1.5135412 1.5880914 3.6111622 -12.541002 1.3187456 41.358833 1.7061224 5.862317434820896 
Car -1 -1 0 247.79573640002857 175.76788368627842 338.60798956563076 224.9966334672161 1.8180838 1.7012088 4.523669 -12.44421 1.4691633 28.81823 1.5611761 10.942627692502219 

