Car -1 -1 0 713.584135427317 182.74974266562768 879.5787209472851 302.89023825749433 1.4840968 1.5714822 3.7356274 2.6605084 1.6618763 11.09197 1.5671775 69.422143745581 
Car -1 -1 0 394.2460156512925 184.11083122863772 539.7491148338064 282.2824082860611 1.4841164 1.6738722 4.2701454 -2.4745486 1.730102 13.587447 1.6283498 86.38915709448806 
Car -1 -1 0 228.97849823632242 179.76264687561087 489.84329567823863 359.60845345147305 1.5293591 1.67133 4.2088165 -2.5360472 1.6303315 8.422217 1.5474693 96.19783325241407 
Car -1 -1 0 660.3522539245505 178.87520172209005 717.5490119097667 223.77316856833946 1.5182662 1.6163758 3.8922997 2.882486 1.7590661 26.891088 1.5472121 85.69929775579756 
Car -1 -1 0 773.732970778988 169.68375455287298 1235.3919399407691 375.0 1.6319296 1.6454647 3.696597 2.474624 1.6154836 5.6131296 1.5981104 118.23205322558684 
Car -1 -1 0 554.1330089023568 179.14336766495796 587.7689888957749 209.3618528285058 1.5852199 1.6455836 4.28172 -2.1382885 1.9603704 40.89158 1.5783334 18.41341064070153 
Car -1 -1 0 650.4033441111559 178.92329215807956 689.7587791289317 210.1868630408503 1.587582 1.645982 4.104742 3.2611892 1.9376771 39.53514 1.5284563 26.506348848029326 
Car -1 -1 0 440.92934055958386 184.06975022010403 530.724040754728 251.97137506788866 1.461327 1.5744758 3.715588 -2.9730606 1.7702422 18.008818 1.579393 6.306697485531787 
Car -1 -1 0 636.1763201520872 176.1371921849916 661.6264631616377 200.12004683462095 1.7870514 1.619275 3.8338273 3.0337267 2.0518613 56.247353 1.5287985 0.821043890498059 

