Car -1 -1 0 371.8296272159156 182.19712742099682 487.99883328220767 264.40247838054705 1.5496056 1.5853472 3.3647618 -3.6249695 1.4927043 15.245948 1.5872672 112.47119537754274 
Car -1 -1 0 695.0189712991225 189.07365823527923 799.7497733268212 260.3797981602521 1.3775892 1.5684559 3.4683976 2.9612288 1.4719121 15.826176 1.5514157 93.01644314913769 
Car -1 -1 0 153.84761041926575 188.13230578177271 313.1048264785233 263.76413015266166 1.4320443 1.5649257 3.44747 -7.8652744 1.5019801 15.491412 1.5997416 103.04852253999196 
Car -1 -1 0 447.66419340693307 180.8673277687024 522.6104384286464 233.8402989588983 1.5685394 1.6678405 4.0887327 -3.8581023 1.4397833 23.345295 1.5897908 55.86977235518643 
Car -1 -1 0 333.98632690203726 182.66465364803503 407.5805438947597 225.7810867853754 1.4263027 1.6147912 3.897903 -8.376775 1.3419135 25.783295 1.4967318 25.323846289900796 
Car -1 -1 0 643.239125985613 179.6989823099769 686.9177647117417 212.24448601843002 1.4980313 1.6118777 3.9342601 2.767757 1.2441033 35.0961 1.5164518 20.86772745083317 
Car -1 -1 0 488.2009568022383 182.09715435756095 534.7835357296251 215.19047108383916 1.4929299 1.6077276 3.7434797 -4.510251 1.3522439 34.327457 1.6046803 23.243805367896787 
Car -1 -1 0 586.2400141597456 178.63757449465731 610.5798749091856 201.16547720797195 1.5416222 1.5800053 3.521732 -0.6520738 1.0914701 50.99361 1.5165818 11.133442401419247 
Car -1 -1 0 439.8060345603998 173.8682045476525 474.6639251981744 200.95999867801856 1.5569154 1.5702568 3.4664676 -8.945884 0.9047959 43.090904 1.507277 6.463790629125871 
Car -1 -1 0 573.1414705610234 181.03210012478755 601.5223936171957 199.54219805304646 1.4405824 1.5738983 3.861963 -1.5668979 1.1149862 57.98085 1.7369875 1.332868446797099 
Car -1 -1 0 617.4813594434286 179.5370961064461 636.2649105726756 195.86415730296778 1.5302956 1.6258528 3.7096705 1.8718692 0.9980541 69.24928 1.5482872 1.07514947458816 

