Car -1 -1 0 727.7479110058695 176.21961763283755 818.4241857520591 216.24589869256914 1.430533 1.5296259 3.4258718 6.2685575 1.5697155 27.970255 1.0612736 72.27791721518267 
Car -1 -1 0 624.9456031342693 174.68655412622107 664.110891163865 203.88477165676534 1.547941 1.5633113 3.4035423 1.9091619 1.654789 40.27371 1.4274039 39.2353992414458 
Car -1 -1 0 0.0 182.91857021491222 352.3622721221112 307.6255818730794 1.4936657 1.6376424 4.103469 -5.764022 1.6389709 9.595875 -0.0011505471 57.83195880413172 
Car -1 -1 0 63.97266783029396 180.07233048070924 347.67350259486165 276.1439064040011 1.4751574 1.5802284 3.8411906 -6.565668 1.6033268 12.005919 0.00817333 26.443071384958884 
Car -1 -1 0 254.44873531843044 171.95741310501813 420.3680917609737 235.73375137383147 1.6162119 1.6731751 3.7716794 -7.1386466 1.5934906 19.167255 0.024287075 29.75373180808968 
Car -1 -1 0 427.4679956114403 175.60394001744638 507.2341292235757 206.99195882942564 1.5116047 1.600255 3.6682723 -7.000093 1.6511616 35.758133 -0.03248885 13.426257943220547 
Car -1 -1 0 610.9027084834348 173.5016746837437 638.1484768863335 196.3954604806669 1.5144994 1.5880709 3.9887252 0.9978753 1.561101 49.881832 1.5163574 2.974972340660345 
Car -1 -1 0 331.6794396378219 162.6176605550399 474.38060722934546 220.5761816178821 1.840525 1.7462463 4.203417 -6.730028 1.5154607 23.806763 0.009802373 0.8415537333737912 
Car -1 -1 0 511.400610800392 175.41326715485204 535.2560395355189 196.17516150223642 1.4905814 1.6097833 4.0653663 -6.540144 1.6913453 54.465298 1.4076097 1.0502932070122906 
Car -1 -1 0 439.7557320393828 172.8148409454707 519.6723736767806 200.0829301218389 1.5813568 1.7018657 4.375497 -7.7236633 1.5790856 43.06099 0.17402926 0.6609530619440164 
Car -1 -1 0 302.7997728454658 175.442794362686 448.54270440898694 231.042089996928 1.556507 1.6495498 3.7279916 -6.7774067 1.6355156 21.150757 0.024510724 1.8225338117518473 

