Car -1 -1 0 669.2642391311908 176.02697861975622 758.0608689257598 243.40552966559468 1.5288627 1.6183552 4.0807624 2.5626216 1.6198106 18.623804 1.5486045 91.2802390848491 
Car -1 -1 0 804.6601580282125 186.21479161544582 1152.71902236095 375.0 1.4590261 1.5469706 3.398789 2.9696674 1.6135266 6.6182566 1.6057789 111.18201745612231 
Car -1 -1 0 438.06124660345796 179.12618231772754 505.2851697779509 225.55253880534428 1.4634044 1.651207 3.9314427 -4.7340612 1.7001208 25.254524 1.5571395 67.48508136192 
Car -1 -1 0 736.8102671156531 184.37808639284808 898.2394759962754 303.0247934419014 1.4816782 1.522446 3.38476 2.9919872 1.6851531 11.040321 1.5802548 104.2190694592262 
Car -1 -1 0 472.3169638711393 171.56588913559946 520.4313370029748 215.1959660408967 1.7458386 1.6030835 3.6775799 -4.7597494 1.6942953 30.739605 1.5332452 41.59940535889348 
Car -1 -1 0 646.9062456232695 175.15186219135128 689.0297894764423 210.61466527642844 1.5272033 1.5922652 3.928629 2.6384969 1.6395301 33.29977 1.5618916 14.152794271097548 
Car -1 -1 0 180.67627742190848 177.60483326434348 353.471953028756 231.13768628068442 1.4482882 1.6003923 4.167525 -9.65371 1.5890632 20.526287 0.02598866 42.50700650004481 
Car -1 -1 0 661.1268332023985 174.48283481082302 719.099423103865 223.8863588075868 1.5711794 1.5883553 3.5490174 2.702161 1.6312693 24.841408 1.5674324 30.09621892243559 
Car -1 -1 0 494.72686664261016 172.03460991486415 542.8152392868755 208.55685488036733 1.7362635 1.6766337 4.2335186 -4.519002 1.6973096 36.462017 1.6265609 4.844016089474773 

