Car -1 -1 0 688.2174793786911 177.47454405336578 805.9174427564435 259.2805377122068 1.4639981 1.6547427 4.2560024 2.7403555 1.5755596 15.287487 1.5636964 91.07178085453262 
Car -1 -1 0 279.7658460941353 190.1408847733261 485.7896984476835 331.63108627166054 1.460521 1.5926428 3.698857 -2.8043752 1.7388256 9.758993 1.580632 102.41938810591107 
Car -1 -1 0 391.2504396033617 181.67541200096818 515.7955089543738 264.83855709604137 1.4544517 1.662927 4.274026 -3.107628 1.6667535 15.219608 1.5810134 60.98555165686373 
Car -1 -1 0 652.9663503391406 175.0444690297357 715.1918156262074 219.91383364914407 1.4693899 1.5811094 3.7602293 2.5809257 1.5534245 25.749287 1.4995202 41.29601548439989 
Car -1 -1 0 507.95428956165375 177.2734070101304 559.0818006359002 219.60527843215294 1.5089962 1.6204375 3.8022285 -2.8861718 1.6923583 28.02792 1.5611529 42.197989745505346 
Car -1 -1 0 672.8396354453618 178.0449059348007 754.331154075861 235.03268599280537 1.4400282 1.6130302 4.042761 2.8655076 1.6033702 20.65527 1.5344651 32.09385740541656 
Car -1 -1 0 540.7425991462354 174.66705309673304 574.94544419631 204.2784175027701 1.5029366 1.5918442 3.9398627 -2.7370086 1.6055009 38.84072 1.5621696 8.139775841412085 
Car -1 -1 0 632.4340825401842 171.15694456431137 658.7858546524781 194.8321214276027 1.5370276 1.5691718 3.5373776 2.3969924 1.426852 48.61868 1.5621842 12.560367838148968 
Car -1 -1 0 464.05663712389946 176.7008307481742 513.1182125742736 208.8060303822311 1.4963568 1.6319888 3.9812007 -5.9924817 1.6998163 36.13834 1.6139448 0.561230647322718 

