Car -1 -1 0 753.698696956832 192.99555738511168 983.5260442051955 349.08759764293603 1.3990719 1.5441017 3.4513254 2.8287497 1.6888527 8.647717 1.5806633 66.8902179970082 
Car -1 -1 0 726.1512899373878 183.0719336974676 864.1711314883107 229.298646773354 1.450502 1.6049689 4.1708007 6.150938 1.8066739 24.122963 -0.11075462 36.1507262769524 
Car -1 -1 0 705.101739539873 182.52927383899348 823.483030563557 223.60481010914657 1.4559143 1.5908474 4.0427585 5.742584 1.8312004 27.010899 -0.091212004 29.2233052459725 
Car -1 -1 0 633.5300921713404 179.34286645860055 671.0513418067038 206.49801323394 1.4833694 1.6704475 4.0867486 2.466818 1.88465 42.519802 1.4944392 27.859002320109234 
Car -1 -1 0 332.1984695274562 178.19850156943562 463.03347457360303 230.74221343002304 1.6000061 1.6187456 3.7047963 -6.6763563 1.7765665 22.990187 -0.020119805 35.616062917635396 
Car -1 -1 0 201.81315126281663 182.45194766362692 418.9374644559805 254.6150491806264 1.4827337 1.6142285 4.115924 -6.4666862 1.7056477 15.905056 -0.022293035 27.784540385154344 
Car -1 -1 0 262.9861513158104 180.6023081736521 440.42358868097097 244.07419178539925 1.5361077 1.648756 3.9663577 -6.5298595 1.7445219 18.540924 0.021603677 15.451191883830717 
Car -1 -1 0 827.740762743237 175.14218208771857 1077.2264945472216 266.20069558349877 1.608279 1.6511681 3.9532092 6.3594785 1.6547258 13.71833 0.052344766 55.8513617296903 
Car -1 -1 0 451.2261329586217 177.77073424120513 528.5779785035033 208.7065029139832 1.5365428 1.6285934 3.688664 -6.077961 1.7936516 36.91433 -0.0013481493 20.65545829542622 
Car -1 -1 0 43.92472714443959 182.96907971405545 371.3584360551536 290.1283345926979 1.4943128 1.6179869 4.153579 -6.0081425 1.6619555 11.091864 0.027882546 64.55872675116251 
Car -1 -1 0 116.37909380965527 181.4443031916109 359.203781995726 266.1517881627203 1.4850123 1.5915341 3.7610755 -6.8807616 1.6567116 13.617157 -0.004720468 27.090254742198606 
Car -1 -1 0 464.60081024622605 180.38265241867705 537.9253188796656 208.63791127072182 1.4933752 1.6135985 3.7442617 -5.879073 1.913611 39.430267 0.020332374 9.671775439785309 
Car -1 -1 0 0.0 181.9610492476744 285.04060399336447 323.69203601989557 1.5112363 1.6055593 3.8379543 -6.1997933 1.6331025 8.733635 0.062808566 37.638406759164454 
Car -1 -1 0 769.276229846796 180.58040627148648 942.5023646638203 240.1216583771994 1.4782939 1.6070619 4.0294166 6.3879795 1.6913645 19.020006 0.037149772 14.340828796965223 
Car -1 -1 0 349.9944807296669 171.4076993758646 482.63370917115896 223.39638379520645 1.7712517 1.7119262 4.2137346 -6.7616024 1.7219762 25.513973 0.03599162 20.328127958861213 
Car -1 -1 0 790.7111463972024 178.013372951858 985.9126128927684 250.96436154242323 1.5478964 1.6296828 3.7781 6.1741114 1.6703651 16.278551 0.017992832 2.340789259603977 
Car -1 -1 0 699.9229485732953 176.81471149968328 808.3689605294464 219.23342328760697 1.6337035 1.6464926 3.9637706 5.7717595 1.7987539 29.0258 -0.11332329 1.2716738326134558 
Car -1 -1 0 438.21327336163426 168.19102496464848 502.55764441320014 189.62865767915653 1.4751897 1.6344239 4.2958364 -9.7268505 1.1543157 50.661827 -0.0917594 0.29883238673210144 
Car -1 -1 0 622.8613793395353 176.36826078330103 654.6614730537378 196.23529727711627 1.5021583 1.5989194 3.8650327 2.3576236 1.7917396 57.37422 1.8675699 0.254097580909729 

