Car -1 -1 0 626.9018305661336 179.62587176875095 685.8250217563115 221.3226087847538 1.4621053 1.6646783 4.3676367 1.7484598 1.7486043 28.27861 1.4841456 54.557778132436674 
Car -1 -1 0 793.4541778649399 188.00239006614956 1069.1078000960101 279.43418642842346 1.4440631 1.6158292 4.1340017 5.50857 1.7291868 12.643625 -0.06337187 65.3831569299426 
Car -1 -1 0 309.14171048974146 179.8739706391398 447.56578223753934 230.08271959669523 1.4830375 1.6115422 3.7703128 -7.085292 1.7083905 22.350965 0.0031131278 43.98771864686873 
Car -1 -1 0 865.914340426214 188.58051410801426 1238.8815025885478 312.0401620853992 1.4532547 1.6088727 4.1517735 5.8169293 1.6870286 9.735573 -0.091152295 80.42240833022758 
Car -1 -1 0 344.3091747350494 181.60227028568357 474.3998024442353 226.63867338895457 1.4787099 1.6263316 4.024346 -6.831891 1.7906187 24.87362 0.019338887 20.986496555753646 
Car -1 -1 0 0.0 162.46448767355398 312.6401899516135 291.79024527628735 1.8122313 1.7158495 4.1704025 -6.988929 1.6666439 11.064943 -0.04658308 80.50863171156054 
Car -1 -1 0 779.2083477640437 173.5404949692835 1002.230077201316 260.98497146276475 1.7154198 1.686246 4.00837 5.766056 1.730667 15.097391 -0.042866264 26.193530950659607 
Car -1 -1 0 347.43898180727035 154.23220806273318 390.94248061434604 180.6038883650316 1.5537766 1.5843395 3.7991962 -14.749141 0.45661062 44.44925 1.5199318 1.4431275713191776 
Car -1 -1 0 409.8469261624136 173.0715429602765 503.3625821740366 204.99090414558742 1.5471847 1.6486777 4.293949 -7.5383906 1.5582325 35.814564 -0.0022301718 0.7668650081853448 
Car -1 -1 0 611.9061276861581 174.7992413844548 639.759316386363 198.3676997757219 1.5112729 1.5740364 3.7835307 1.058739 1.6472957 48.520245 1.5130262 0.989852777263485 

