Car -1 -1 0 449.33865838977874 178.16523508430632 513.7503647009371 224.33226860877747 1.5674069 1.5852082 3.5189238 -4.662671 1.777283 26.711485 1.6259122 53.00413791990929 
Car -1 -1 0 126.53314887804845 192.43258788352563 383.6152724155861 320.549966974013 1.412364 1.6851802 4.3511767 -4.920905 1.7646971 10.802868 1.5782516 133.3988936310354 
Car -1 -1 0 727.1226724186939 180.92651887185767 829.9172974585096 257.90714191171145 1.5029233 1.5807385 3.5741618 3.6825619 1.705282 16.27689 1.6012827 63.91155849454501 
Car -1 -1 0 765.0721229712171 182.46135864135042 954.1697621074592 308.0052351588558 1.5031732 1.6123383 3.70953 3.496728 1.6718609 10.797264 1.5922444 75.37148836545346 
Car -1 -1 0 697.6845604839003 179.0262134339964 779.8765792553844 234.37748881528344 1.4769366 1.6407942 4.212763 3.7947726 1.6820502 21.85241 1.5466307 51.195677993307626 
Car -1 -1 0 478.386750367274 177.48790267723584 531.5791820327436 214.67561785208662 1.4920347 1.6045451 3.745933 -4.47376 1.7055236 31.333511 1.6177305 28.235404184574577 
Car -1 -1 0 691.0580681700212 178.25884665478534 749.1268107363092 220.06524111195117 1.450314 1.5955396 3.7494435 4.1223974 1.6696662 27.400478 1.5607086 18.29725392673244 
Car -1 -1 0 0.0 179.7857845331482 154.07074208005693 228.15933193675346 1.4329829 1.5801152 4.0743365 -16.801842 1.6617908 22.74868 0.14085115 7.2431299253394394 
Car -1 -1 0 1062.029421740944 162.39959993841654 1242.0 232.03356863686247 1.464613 1.6250389 3.999667 13.144544 1.2447252 17.289967 1.3888441 6.040690609550468 

