Car -1 -1 0 425.0705957472252 181.73471172839038 496.2668354231958 228.83269779578404 1.438843 1.6114398 3.9731102 -4.7844715 1.3324989 23.958088 1.5575625 70.94205335792996 
Car -1 -1 0 309.8012264855671 188.3902013902836 450.5721938664977 271.11040007456864 1.3968874 1.5719111 3.5090513 -4.2662935 1.4667528 14.048046 1.5946014 117.82778066501719 
Car -1 -1 0 0.0 194.78431794997286 215.27296512658484 298.5882283685242 1.3773203 1.5867277 3.8533757 -8.253439 1.5610425 11.850212 1.5372944 81.88876134011451 
Car -1 -1 0 479.84901451195844 181.06531561065088 523.4769436771468 213.86526741224378 1.4370083 1.580957 3.5685935 -4.8334265 1.2551746 33.297493 1.545819 33.9114891691053 
Car -1 -1 0 576.2578103423338 177.90951370631038 608.8125956896089 208.51293969024917 1.530437 1.6283827 3.4012043 -0.76514256 1.1650643 37.66474 1.5518786 20.61222295544206 
Car -1 -1 0 278.7360898521967 179.41404238770485 376.02388272542254 233.64555947317479 1.5404024 1.6175256 3.682774 -8.54311 1.3756111 22.269556 1.5587041 38.28648733489968 
Car -1 -1 0 61.1228175271852 162.13989069367102 228.15818990354052 242.65225331319857 1.9345603 1.7210398 4.370065 -12.267899 1.3800921 19.460682 1.5674183 35.95591743832974 
Car -1 -1 0 465.63385690885843 175.01939489316945 494.3067174057877 196.38259926388181 1.5064013 1.6302423 3.9393694 -9.287437 0.7874209 52.704693 1.5102415 2.140242989383364 
Car -1 -1 0 361.3195532436387 167.80219118674185 401.37953215485516 189.14075675265818 1.5463552 1.6910264 4.3815203 -16.996143 0.28443968 54.29359 1.5599529 0.7198489767609139 
Car -1 -1 0 377.1397540290427 179.45361468002466 427.75508354170927 216.90148022913723 1.5076737 1.5371387 3.450099 -8.6926365 1.2756888 30.742199 1.4579558 0.610020283298396 
Car -1 -1 0 422.29728340466545 178.27497805935576 462.2368140340464 205.81493025567093 1.5149727 1.5427089 3.5418382 -9.43247 1.1331637 41.329082 1.5523914 0.2522713243961334 

