Car -1 -1 0 672.5693485093369 178.04632683747465 746.6395397845384 235.01871735535522 1.5319228 1.6249907 3.8558004 2.910431 1.7020488 21.698286 1.5520036 76.34768053837132 
Car -1 -1 0 377.47486344048815 191.71879232577035 461.0570323734069 243.9608596321606 1.4647095 1.6239412 3.9206066 -6.12151 2.1344426 23.637268 1.593962 68.59487793205417 
Car -1 -1 0 297.49942479872595 194.84411993638065 415.7388509603679 265.189853451576 1.4782265 1.5885092 3.6075957 -6.215127 2.087069 18.143108 1.6108799 89.26011816481329 
Car -1 -1 0 442.7973038421726 181.26923043276545 496.31086048527567 223.31422251805478 1.6940894 1.6549964 4.0922065 -6.1251216 2.0909052 31.960947 1.5500854 40.310227403998326 
Car -1 -1 0 956.7180933102958 155.09694192260773 1016.5047178872296 175.63566938887598 1.5414587 1.6147815 3.708816 28.745436 0.20876768 55.08178 0.06682485 6.225060475958401 
Car -1 -1 0 526.710458913284 182.541852089686 555.9776226745114 200.52776781770777 1.4941587 1.6330953 3.8982518 -6.035096 2.3840373 64.21796 1.7403905 3.8999579317481894 
Car -1 -1 0 563.6607110449913 181.34319846265288 584.5072306903202 197.53078448986548 1.4774597 1.6229006 4.078369 -3.4183884 2.32682 70.11319 1.6220037 1.867523502201931 
Car -1 -1 0 1121.2051799273338 140.593869992444 1242.0 187.59285006887805 1.8771684 1.7137907 4.2798457 24.481337 0.58867866 31.018557 1.4932238 6.811879907978265 
Car -1 -1 0 497.153806117973 183.4443634055785 527.0174667852024 209.2610216847655 1.5752985 1.5576432 3.625205 -6.4591465 2.3021336 47.572784 1.3250418 0.623527182415359 
Car -1 -1 0 628.9109250482757 177.25574350224716 646.8377160689942 192.62129434117392 1.4404194 1.6138732 4.1038427 2.7556496 1.8853049 70.87137 1.5742836 0.8399495253520134 
Car -1 -1 0 1012.206308492226 152.25672918287552 1079.136165055859 171.32972800069254 1.4475548 1.6049384 4.232519 33.670113 -0.11962682 55.763294 -0.029129509 0.7967908019289631 
Car -1 -1 0 12.51363123880129 194.63597745274967 142.10084344691185 243.3631360148407 1.4232649 1.6013815 4.063771 -18.240778 2.239541 24.978653 1.5327584 0.27544641494750977 

