Car -1 -1 0 653.9304286245014 175.89938737749605 694.9384350129459 207.0202509901401 1.5325577 1.6677556 4.2962303 3.3677397 1.7026405 38.127274 1.5433792 31.35182351993547 
Car -1 -1 0 83.74844039001317 187.79934505719012 370.3502754459431 280.09719720529597 1.4499724 1.6186645 4.1169353 -6.4672337 1.7264278 12.481165 0.027521113 65.07262521538786 
Car -1 -1 0 346.8722438726041 179.71935665053326 496.08187189976985 229.51650466306089 1.4680393 1.6147195 4.2053914 -5.796488 1.6912075 22.495195 0.07342457 26.983154451545026 
Car -1 -1 0 398.39246930153536 179.12519957424348 512.8047255400623 219.87237958701004 1.4963062 1.6060252 4.0139847 -5.8921256 1.7470253 27.828156 0.11002918 8.310928242567329 
Car -1 -1 0 326.4398036120247 181.12578832371983 472.0507208569448 238.3986620665628 1.4978373 1.5469077 3.5679748 -5.7825375 1.738272 20.054153 0.08298651 19.487458085802096 
Car -1 -1 0 175.40128600044156 182.69785872098433 391.53916823685313 259.766985823271 1.4905212 1.5973268 3.7788177 -6.6715374 1.7068231 15.012167 0.023261394 12.818410023672762 
Car -1 -1 0 376.57919540812645 180.49673421528877 507.7962159403748 225.47338030576688 1.473786 1.605737 4.1221104 -5.665425 1.7443974 24.733925 0.005434387 11.778518091052772 
Car -1 -1 0 446.4492666904383 169.1622216307241 540.8757677259409 207.99570683489316 1.8161266 1.759588 4.291295 -5.5100145 1.6434729 34.688232 -0.030142445 17.95445432885855 
Car -1 -1 0 432.1976776477184 177.49533411899864 531.4199336875224 211.58594807633054 1.4813079 1.6395241 4.1617765 -5.682545 1.6951256 32.409225 0.005269817 2.246067513436674 
Car -1 -1 0 1122.607621670188 162.81192348314354 1242.0 204.64508827430998 1.5531095 1.5855849 3.7038639 22.049189 1.1802845 27.603355 0.012211984 2.166681032457735 

