Car -1 -1 0 776.2292393086864 180.38151475209955 1059.6439999928705 373.06910542086393 1.5797093 1.5932271 3.4492233 2.985041 1.6788869 7.7784534 1.575145 111.4189739812555 
Car -1 -1 0 694.2795306863908 184.13527190655694 794.5692057746613 262.84700155942386 1.5237274 1.6153549 3.7111742 2.9294257 1.8087407 16.365551 1.5808244 116.20619105176004 
Car -1 -1 0 24.17099029017302 207.45160365055693 350.9791726266143 375.0 1.4930859 1.6277757 3.8693767 -4.485937 1.9908762 8.427141 1.5459058 123.80196238414081 
Car -1 -1 0 298.16827426620523 185.98553245105717 440.4997448904255 296.4220283079177 1.773603 1.601599 3.6487455 -4.436116 2.0596018 13.870592 1.5453242 119.93329752220473 
Car -1 -1 0 395.1698990414499 185.41440706449612 494.9063183180061 264.34782852575125 1.8133943 1.6601682 4.142723 -4.264506 2.1861281 19.326038 1.5886059 67.51959522822736 
Car -1 -1 0 673.9820479263462 184.30392508970152 750.3374373244096 242.1771407937338 1.5844135 1.5974326 3.9245105 3.1067698 1.9742666 22.558058 1.5069027 33.58562674114228 
Car -1 -1 0 585.7227074312973 187.8002208525423 607.1122600153659 204.57731012702445 1.5063751 1.6443936 3.9445312 -1.311918 3.010096 70.52842 1.4364389 4.379094117007473 
Car -1 -1 0 522.7705760297805 189.5923871763254 545.5388386190347 211.49985499414387 1.5030255 1.6073278 3.828829 -5.6629114 2.8127015 54.485237 1.493635 2.9379488857994125 
Car -1 -1 0 604.6486381636054 184.90255655400557 632.6826980865695 205.64000361788806 1.5682354 1.6005219 3.4313734 0.7091337 2.5764537 58.539646 1.3755294 0.38858237862586975 
Car -1 -1 0 569.8778523927969 188.178492108286 585.6801364099498 202.00236759880661 1.4239776 1.5993519 3.9879565 -3.5859919 3.186695 80.939545 1.4833646 0.5107738223327268 

