Car -1 -1 0 262.86909748053995 165.18492536131038 329.69541307079527 200.14707981906767 1.5396726 1.5860522 3.5977242 -14.616303 1.2019397 33.592487 0.76415193 24.38516032673526 
Car -1 -1 0 588.3654959026366 162.09549236747756 647.0901626949803 187.81393190905484 1.5754666 1.5803956 3.596816 0.49551773 0.916419 45.99157 0.7340661 30.649843434247444 
Car -1 -1 0 324.8184779548195 165.4879652551456 402.3251256531912 197.48525067454315 1.4653757 1.7003647 4.36718 -12.029744 1.1280341 35.150803 0.7462254 21.641953436236374 
Car -1 -1 0 509.4003399788105 158.08818592431268 576.9353839278439 192.1027332525772 1.8205117 1.6936646 4.2268887 -3.8026984 1.030222 40.781036 0.8725027 13.041998600126881 
Car -1 -1 0 795.8394028680093 164.74065252603876 823.5007273872725 183.6939752042154 1.5172166 1.6281214 3.7533684 16.612234 0.86774147 59.804337 2.0024967 2.793244984276034 
Car -1 -1 0 196.09468895997597 155.52667166870145 274.62746381572885 203.49761834143885 1.9333059 1.702618 4.279206 -16.210848 1.2349867 31.168583 0.75832456 5.065357156228538 
Car -1 -1 0 708.3392836406034 167.83038487214316 763.3700747341127 188.4792404314391 1.4682467 1.6478665 4.0579796 9.30871 1.1110399 53.44473 0.96998334 2.116239966053706 
Car -1 -1 0 452.4360032918229 161.3914947500959 500.5874257532592 189.87982412900757 1.5594535 1.6116152 4.0415936 -7.729331 0.9319948 41.66105 1.0884128 0.5979572570067235 
Car -1 -1 0 541.2909392225873 165.39112750671978 599.4472153788887 191.2901961190935 1.4950409 1.637837 3.855702 -2.414596 1.0642414 43.682377 0.9223645 1.1196193579673368 
Car -1 -1 0 390.58170810983717 169.55259077182575 431.84770434925923 194.42405545998952 1.5130867 1.5726349 3.468234 -12.614452 1.3122411 45.780655 1.0034797 0.29554271697998047 
Car -1 -1 0 646.93596600156 165.90663124180975 705.750584112158 188.83793262143834 1.5615723 1.6570256 3.749121 4.665042 1.0884712 50.496655 -0.310402 0.25837162137031555 

