Car -1 -1 0 693.7005224712669 165.61120056765608 891.5518428386147 242.3599332185592 1.5368761 1.6517138 3.7846644 3.8654008 1.3918406 15.5328245 -0.14134 133.80096795893095 
Car -1 -1 0 637.2681279581773 166.23224309280573 747.2429409077326 209.88307858528407 1.5215095 1.6300564 3.663908 2.976365 1.290699 26.282457 -0.18147361 53.5091743756316 
Car -1 -1 0 100.13713214841836 171.81619924540803 330.7389516147325 250.83978738253614 1.6518209 1.701125 4.2018476 -8.655458 1.6301278 16.161825 -0.11177957 83.84175792375471 
Car -1 -1 0 298.16185578328543 172.43439629186994 417.86356458437547 215.5320967417005 1.5304545 1.6366742 3.9074774 -9.205635 1.5155537 26.649889 -0.10961757 49.89300025762162 
Car -1 -1 0 182.9324733594493 178.00471183647767 366.67083813026204 238.24200584071366 1.470255 1.5997463 4.010523 -8.554458 1.6102709 18.691507 -0.06202588 24.514165145724277 
Car -1 -1 0 0.0 183.8683496536977 223.52232328515845 303.2753146904175 1.5274558 1.6155906 3.7466261 -7.861327 1.7004206 10.369038 -0.083765015 36.415213501130886 
Car -1 -1 0 444.00494868235677 165.08794915241262 475.5732888967189 185.1720245035189 1.7297885 1.6673895 4.262823 -13.404677 1.0609187 64.41994 1.0918578 3.6270877942560222 
Car -1 -1 0 228.33590748963516 175.16123555038575 383.3872564790452 228.29753112519592 1.5163573 1.622972 3.9324794 -8.953703 1.5876497 21.478367 0.002713298 7.464679430624013 
Car -1 -1 0 871.3067944684589 161.77992089254002 916.5593124204864 185.70139566557557 1.4847432 1.6260363 4.1001387 18.518074 0.79740393 46.897545 2.237907 3.065867697193156 
Car -1 -1 0 622.2064766134132 168.07502855892216 726.9485054379232 208.04338464474665 1.5302578 1.6303282 3.8898146 2.5417638 1.3472865 28.669598 -0.1211697 8.029440339395617 

