Car -1 -1 0 384.0054320293502 192.61297805570106 460.08240994238145 243.7332897034677 1.5109243 1.5895993 3.5770228 -6.2806005 2.231996 24.526323 1.5920858 57.0278873483583 
Car -1 -1 0 656.3775501036262 179.1727402783415 712.722727847384 222.20658854506195 1.5240412 1.6273664 3.8449762 2.8454897 1.7871428 28.085876 1.5249722 60.904829387050995 
Car -1 -1 0 427.5211140702147 190.8997436233951 489.1060095887682 232.1194695237578 1.4936192 1.6430027 4.0459137 -6.195842 2.2940514 29.966835 1.5889132 43.78928190036536 
Car -1 -1 0 470.3606357943194 184.68165155911183 516.4664027388632 218.15863046235333 1.6188788 1.6456931 4.040247 -6.1172094 2.28193 38.395912 1.613049 10.28727725326265 
Car -1 -1 0 76.55341082155383 204.36339726609611 178.72279700824024 244.19620830426433 1.4350222 1.6695279 4.2368536 -20.88254 2.9032066 31.491236 1.5580312 26.55675884417886 
Car -1 -1 0 16.893441737152706 208.6735809854617 111.45524675721778 249.71221652463208 1.5045938 1.6288683 3.8563867 -24.040834 3.1921258 31.980232 1.4490101 8.253499716153847 
Car -1 -1 0 0.0 209.60018627512136 82.97103158871711 249.8557325043154 1.4809403 1.6281576 3.8982239 -25.636456 3.221596 32.18335 1.508986 6.849060450579314 
Car -1 -1 0 1033.8193283184667 138.56366001996852 1126.9760103156812 178.71392354144135 1.9641453 1.7255353 4.418465 24.376425 0.28666645 37.567005 1.493178 2.3029743027932854 
Car -1 -1 0 535.6864049592316 184.93652091335696 552.9380876022102 201.45498715743392 1.5003867 1.6091084 3.85817 -6.344247 2.712804 70.420204 1.4982445 1.9931021343940596 
Car -1 -1 0 519.3450751703699 183.72415908650214 542.5711418707772 206.17168602061133 1.5527799 1.6476625 4.021861 -5.9178925 2.3986313 54.045647 1.4418583 0.3000022768974304 
Car -1 -1 0 142.54704814484708 201.37220894799455 236.00758305941892 241.3277230577588 1.4652483 1.6582239 4.118076 -18.198206 2.790696 31.470938 1.5770057 0.2748232204757766 

