Car -1 -1 0 691.8022514379479 181.49739771659264 799.9390433282335 259.4985315663536 1.4536098 1.6085153 3.6693218 2.8299558 1.6638362 15.702545 1.5553751 103.42283207093675 
Car -1 -1 0 657.6871959654757 174.14060960533723 710.5807481498516 222.70355835419318 1.6478065 1.6406214 3.9097512 2.6730032 1.6986945 26.562874 1.5966784 55.82659670645929 
Car -1 -1 0 154.42656396088043 177.74552150959758 400.0670124524131 258.85180217768186 1.4779695 1.6428576 4.113494 -6.434572 1.580888 14.222623 0.06769604 124.55524174209394 
Car -1 -1 0 0.0 176.20954553237794 237.11800335349648 310.6906708605657 1.5371736 1.6222556 3.7694614 -7.0398774 1.5841544 9.197413 0.050261643 21.23581623401323 
Car -1 -1 0 647.1836140810932 175.05228583690746 690.6894094599743 213.84649249471778 1.6253008 1.5989013 3.917714 2.6089015 1.730056 32.417778 1.5619652 7.783388801952544 
Car -1 -1 0 635.0485733763591 174.3719901785466 671.98845754255 204.536557506305 1.6654873 1.5867907 3.5107074 2.5070894 1.7573777 41.85018 1.4676701 20.96313642615217 
Car -1 -1 0 384.7583869805071 174.2468799941566 495.66193845840945 221.91795040859543 1.6964148 1.663469 3.762443 -6.187893 1.749721 26.672604 -0.058930226 20.4109929512302 
Car -1 -1 0 276.1383155940857 167.07416044918529 452.04665594015916 238.23961919515574 1.7864211 1.7091135 4.0489225 -6.374609 1.6413333 19.023508 0.028154142 62.42963529727433 
Car -1 -1 0 357.29654274747753 178.76352829145267 483.946177124188 225.84117322032986 1.4954984 1.6080216 3.8105235 -6.2080255 1.6990678 23.995937 -0.02923732 8.70939884494461 
Car -1 -1 0 530.9419628289677 176.52663384029555 555.8041449109925 197.90842341178416 1.5192078 1.6071632 3.5982125 -4.9656606 1.8028624 53.82404 1.4116291 0.6193135976791382 
Car -1 -1 0 322.703488682352 177.29710224309923 464.5928392838692 230.34059023576268 1.509949 1.5900587 3.7553425 -6.4106407 1.6489587 21.635632 0.077973984 0.955397428507726 
Car -1 -1 0 715.066538600828 168.08629282045416 781.7617773660887 192.17243166285496 1.5340636 1.6415869 4.1223965 8.991106 1.2304046 46.96289 0.09247905 4.493975898160418 

