Car -1 -1 0 754.4380398107019 182.08240999589515 941.0936148595724 296.5167355361807 1.4289722 1.550017 3.5747716 3.4477525 1.5946192 11.127765 1.5212077 117.00203437498291 
Car -1 -1 0 699.9517822936498 179.62266936339674 814.305605486838 251.62128701290655 1.4443679 1.6403446 4.1416826 3.313404 1.6235167 16.984613 1.516083 68.65859287301068 
Car -1 -1 0 667.3071557211679 177.33488103467698 730.1019038142125 222.2232478630196 1.4480357 1.5846139 3.7380972 3.0788956 1.6186337 25.563627 1.5196776 53.46535586199683 
Car -1 -1 0 282.666614747295 188.50658221649832 433.5789037391066 266.2538271915225 1.4708264 1.6435602 4.083591 -5.595707 1.877864 16.635109 1.6954495 113.66157305066808 
Car -1 -1 0 451.90890206387513 180.20905328945332 504.00005098411816 218.1331832690596 1.5271361 1.5598902 3.5927432 -5.693696 1.8673971 31.568747 1.5902413 25.868616781413234 
Car -1 -1 0 661.4154828995117 175.04954885724158 711.6485498306672 212.78150726918923 1.5179507 1.5281184 3.3190804 3.2463465 1.6173584 30.948349 1.4820166 22.363285703337414 
Car -1 -1 0 0.0 188.4592293330216 156.22421836768257 243.18089388780996 1.4639888 1.6140722 3.9916484 -15.489825 1.92925 20.652956 -0.026327096 14.611308273619814 
Car -1 -1 0 382.59162272524185 179.89926020464628 428.54248514584793 212.94661232606651 1.467579 1.5625414 3.4835608 -9.73335 1.8234642 34.63217 1.4630527 0.7511258414383037 
Car -1 -1 0 481.59730412424994 179.69984634337098 523.4142668113244 211.59435549349377 1.5163109 1.601397 3.8037055 -5.438483 1.8857089 37.027527 1.5652521 0.2645312249660492 

