Car -1 -1 0 751.745643635494 181.0533031522993 847.0590831859706 241.38880322086507 1.3694737 1.691973 4.248905 4.894394 1.6118493 19.149332 1.6426471 49.930571658069475 
Car -1 -1 0 669.0891856993514 179.46409870328554 730.7893824687408 234.56343514499474 1.3768003 1.5739572 3.4151802 2.5172665 1.5786448 20.245516 1.6868098 39.88746546259275 
Car -1 -1 0 278.24939125008257 196.8211765901043 402.91254731307043 268.3432429198195 1.3999205 1.5794095 3.7466414 -6.5424604 2.040127 17.344614 0.8505975 101.9238121409168 
Car -1 -1 0 349.5955544720888 181.6748310081791 438.24207324416085 216.46980383706278 1.5414479 1.6379857 3.624786 -9.897428 1.9593525 33.298977 -0.036923513 50.372777255428815 
Car -1 -1 0 147.03177582106966 189.93897621492653 217.47886504606717 231.71854104072406 1.4478456 1.6314842 3.9579663 -17.017052 2.1740777 28.659712 0.82981825 42.99925441930489 
Car -1 -1 0 420.5107820900135 162.2425622271381 669.1182940844553 317.232408593193 2.0288653 1.757074 4.4676223 -1.245321 1.8899583 11.714035 0.8635731 97.72027294696149 
Car -1 -1 0 280.0649205636621 184.9310384672043 375.2843638352448 214.80528919210872 1.4855577 1.6648434 4.345402 -14.672086 2.1341667 37.72866 -0.088995874 10.483770479264145 
Car -1 -1 0 123.13912043387164 188.0874159804169 179.0374323455192 225.52282450241484 1.5076191 1.6007001 4.0400667 -20.874405 2.2433248 32.78976 0.8660063 5.224135585458277 
Car -1 -1 0 736.1678970420223 149.27772400294174 800.7803452479644 179.03712380286743 1.5101669 1.5643967 3.5730264 8.482289 0.31376785 38.389328 -0.73002094 2.365926063603723 
Car -1 -1 0 91.01457623684514 185.1313716398074 120.17326648282271 207.5170912987966 1.5722905 1.6393272 3.959118 -38.446968 2.5458908 55.106415 1.0086678 1.9869276564925944 
Car -1 -1 0 838.652495171451 139.02459534651413 930.8814970615566 170.33718003095478 1.5162838 1.6491787 4.243627 14.070959 -0.13482767 36.93463 0.48489964 0.40743738412857056 
Car -1 -1 0 817.6294120986776 142.87767014970754 915.7904968788058 182.55836296835287 1.6126595 1.6580706 3.5948255 10.863019 0.39439398 30.553383 -0.23800676 0.848806721211719 

