Car -1 -1 0 54.50352079582237 188.59608683343134 269.2656878141362 278.64696354615717 1.422023 1.6113989 3.9347246 -8.051628 1.4946634 13.473593 1.5628289 74.58920104397293 
Car -1 -1 0 427.06327414170676 180.63935716326338 501.5910653388202 232.29283391310688 1.4780898 1.6097765 3.4128096 -4.340286 1.3471355 22.282553 1.5779662 103.53913999638566 
Car -1 -1 0 193.9728358892906 185.90414935351092 442.4755964247569 320.78362955153284 1.4721183 1.6767225 4.2682295 -3.6612005 1.483772 10.01812 1.5906546 102.96625273185668 
Car -1 -1 0 677.6817021445056 184.01943940567 760.4756359158839 242.37572532448394 1.3924867 1.5371689 3.398677 2.8420045 1.3639418 18.878132 1.5361738 84.66107679433578 
Car -1 -1 0 584.8195450638776 177.03492609231571 613.8239824671745 203.93356223432056 1.5139503 1.6328231 3.6165972 -0.4672552 1.0535076 42.278885 1.5573323 14.539243574571438 
Car -1 -1 0 492.0011076383069 179.82633723062247 533.0112113085871 210.03991145205993 1.3968236 1.5860811 3.7641907 -4.573471 1.1476645 35.13276 1.5491052 20.993658470313108 
Car -1 -1 0 626.6645106173934 177.0599561707167 657.1156115033576 200.65107141626007 1.4529172 1.6047282 3.9298341 2.19251 0.95062566 46.27044 1.5273494 12.666099265946801 
Car -1 -1 0 521.0971917063475 176.2713746234616 549.2090549374512 201.50755318549065 1.5431528 1.5691377 3.8030393 -4.561028 0.9962214 45.88987 1.5285623 10.312129598396966 
Car -1 -1 0 284.90772111721486 181.2172938639359 374.7415083494721 230.86219909648915 1.4161781 1.5312028 3.5775032 -8.500101 1.302119 22.324135 1.5307932 8.638401496507438 
Car -1 -1 0 379.091059452159 173.78496267925556 443.31710662955845 214.9783830654779 1.7299143 1.6622093 4.2709312 -8.721626 1.2498815 32.33717 1.5872746 13.017084203578067 
Car -1 -1 0 571.5811981245943 177.78780949828527 601.6346677931659 199.7273077628148 1.4794298 1.5870867 3.7837381 -1.4070814 0.97855055 50.443817 1.684583 2.16180303594805 

