Car -1 -1 0 715.6325123402304 175.46433140169316 794.7711837008234 231.75090474655963 1.5647398 1.5694548 3.4483557 4.344432 1.6506255 21.980898 1.52355 53.94804704862279 
Car -1 -1 0 748.0624602852347 182.43880208061321 857.3156863992065 258.10175265151537 1.4389462 1.6145847 3.9730532 4.2004857 1.6820208 16.26757 1.630172 64.24280334748006 
Car -1 -1 0 497.7282719955133 177.3443501850975 553.3949618071019 215.9570767768473 1.5885208 1.6760395 4.168802 -3.6866267 1.8031061 32.33231 1.6567333 30.700331756244374 
Car -1 -1 0 703.4452990665876 175.89287991455174 761.9507058623067 220.0002444582957 1.529362 1.5859957 3.7826402 4.5611935 1.6518157 27.177338 1.578718 18.88526001562398 
Car -1 -1 0 692.4143559162027 175.95220643316188 741.0779074823552 211.38215058961035 1.4996557 1.5790296 3.5454397 4.791275 1.6475588 32.64988 1.5414228 13.067063583686519 
Car -1 -1 0 796.6082729068785 150.13088058457254 1072.8886653341847 330.40445336588556 1.8813567 1.7788855 4.723269 4.0121274 1.6442155 9.915576 1.5986888 94.7776869256124 
Car -1 -1 0 542.7836957795942 176.62249844994994 579.0507697753875 203.10647627124573 1.485342 1.6180658 4.0550594 -2.8588338 1.7215165 43.13921 1.642252 1.8328361955367931 
Car -1 -1 0 577.6107739803049 175.9073107502716 602.5210916561496 194.96060440997846 1.4995912 1.6015538 3.8619418 -1.5735514 1.7595091 59.425377 1.6633723 1.914900370538058 
Car -1 -1 0 529.5425184908072 175.9245288343975 569.5214393551407 207.82048846158085 1.5852661 1.6033542 4.013956 -3.1316776 1.7569393 38.29793 1.618996 0.2996249794960022 

