Car -1 -1 0 398.1434128355181 180.96796482741024 505.7220450329822 252.15790778726088 1.415473 1.6413292 4.219719 -3.5442765 1.6298554 16.946556 1.5613735 43.72074913518465 
Car -1 -1 0 542.0252138058468 182.59249288911693 735.4084220597646 356.5384616812512 1.4484401 1.6745572 3.6944616 0.32390103 1.5831225 8.098762 1.6118518 81.1986605773213 
Car -1 -1 0 696.6291365495532 176.65314617715887 759.8563721963835 221.16941631272266 1.467565 1.6466045 4.197206 4.2259145 1.616883 26.252525 1.5800724 38.44088939523964 
Car -1 -1 0 579.0524988501484 178.7328359319019 648.9654416714442 244.35868515526673 1.4771897 1.6064392 3.7170143 0.11251083 1.6425956 18.438074 1.5764384 15.308662887812863 
Car -1 -1 0 454.67144402465215 164.9916513983842 524.8405177676366 229.1655093462748 1.9069293 1.6973201 4.1864634 -3.8082309 1.6732991 23.554996 1.5449451 50.518202029114065 
Car -1 -1 0 760.5232700412085 183.90443292193063 965.9568690424653 313.7110650100916 1.4565258 1.6299007 3.8800726 3.3710814 1.6453185 10.377666 1.5826406 17.496169646925814 
Car -1 -1 0 443.10994645179943 170.98937796500138 465.70758396035916 187.29865736436935 1.519041 1.629343 3.766807 -14.914486 1.3453703 69.25192 1.2243009 1.3634589716801404 
Car -1 -1 0 629.4119466118132 168.70632094086574 675.1898210028794 185.29953892605835 1.4989905 1.589719 4.0262203 3.8938775 1.124299 66.095 -0.059446193 2.5962146309030527 
Car -1 -1 0 671.247437966586 166.1154635925056 723.6228264327734 208.40008329121744 1.8765278 1.7291354 4.6099358 4.103054 1.5774815 34.363743 1.5238725 4.525031373100752 

