Car -1 -1 0 588.521679721167 174.00974444159755 650.7615742199125 221.88109194095367 1.5376077 1.6034878 3.3734994 0.28375214 1.5806108 25.0546 1.411526 91.48094268651064 
Car -1 -1 0 782.2888836876808 176.93781544961547 1196.734740272398 375.0 1.4984007 1.5593855 3.3145015 2.7676442 1.5427647 6.118087 1.4813905 93.90982168166157 
Car -1 -1 0 224.72564910665184 187.1378696615877 372.16299089472926 279.2582496782685 1.4582782 1.6659158 4.2717624 -5.9600964 1.7866938 14.352696 1.4196521 74.31835810102336 
Car -1 -1 0 55.01058887113453 195.92141086051353 317.10895648745844 347.1421678851192 1.4049225 1.5640163 3.560298 -5.021439 1.756294 9.13082 1.4526479 53.5379814924075 
Car -1 -1 0 661.1729391533271 169.84777735325144 813.4591345885211 268.1871909599993 1.5150506 1.6178713 3.8146422 2.135631 1.4687357 13.118743 1.4290242 86.46340305125267 
Car -1 -1 0 562.5231014619262 173.9516490042823 600.4384910058192 207.3704651680111 1.5490255 1.5943468 3.3450935 -1.4154382 1.6054181 35.3148 1.4526025 35.06141812211002 
Car -1 -1 0 402.6392752787169 181.4203596447378 451.70056472612856 219.6646502814797 1.4636835 1.5799814 3.7325459 -7.628821 1.848294 30.4425 1.4407542 28.579381226556215 
Car -1 -1 0 424.84091844643115 175.65857468851206 463.4910741854968 206.73082377022615 1.5935073 1.5948143 3.6200464 -8.93997 1.7532557 39.22058 1.4746249 8.898539155719815 
Car -1 -1 0 546.7674882141866 173.5881747338455 572.6669376682399 197.33949197659817 1.6050372 1.5720351 3.622615 -3.5379524 1.6586409 50.77903 1.4327389 4.887266076710571 
Car -1 -1 0 688.1028049140194 167.090979326204 812.7367798664618 213.44858262254294 1.535426 1.620671 3.920357 4.834925 1.3445469 24.99155 -0.14950001 6.102037995716872 

