Car -1 -1 0 665.227432833744 180.24119665687616 779.6955681613765 263.6138297992641 1.4560508 1.5774186 3.6512122 2.4495287 1.6293714 14.941198 1.9477668 113.10981186465112 
Car -1 -1 0 987.5868670960768 197.06506121203861 1242.0 375.0 1.4839653 1.5047237 3.1240714 4.4756203 1.7621573 6.561924 1.9434671 68.04434594051057 
Car -1 -1 0 423.6718059740042 177.92990180342295 678.2890058717124 350.558552084319 1.5419772 1.571608 3.667173 -0.4427878 1.6161903 8.555818 1.9394226 111.37236905431419 
Car -1 -1 0 943.3811227597404 182.65294811033306 1018.509411766646 248.84077257574342 1.6354184 1.6669157 3.1094668 10.257961 1.9323673 20.107267 1.982436 66.63346784453229 
Car -1 -1 0 801.8215160261667 174.18555193031608 848.3160733118959 211.96195830031274 1.6193752 1.6450998 3.876808 9.958938 1.6845009 33.184555 1.967823 27.46783564972759 
Car -1 -1 0 832.6885528656504 174.98421266906266 867.006704470206 204.4021357151465 1.5533465 1.5828466 3.8514514 13.425617 1.6788956 40.46182 1.8282809 9.687411782460588 
Car -1 -1 0 926.4008830261902 179.183719366333 958.986281417378 200.5691020480078 1.4976122 1.6018707 3.7638788 24.8286 1.9864919 53.722485 2.1696084 11.45510500494736 
Car -1 -1 0 925.9883733974079 184.62544382726375 995.2524103852422 234.64818262356044 1.5080307 1.6197543 3.4002903 11.827637 1.9380319 24.49328 1.8721595 7.345199528990668 
Car -1 -1 0 649.9146452021378 169.06535975188623 760.5519618627784 209.85194197795926 1.5529071 1.6524934 4.1381555 3.8452191 1.4086584 28.97203 0.358822 13.203328862283927 

