Car -1 -1 0 672.4567675742359 175.46433280269568 747.5578909362406 227.68597908581566 1.4942251 1.6347862 4.209745 3.094078 1.5851634 22.998043 1.5268228 52.023577945412214 
Car -1 -1 0 23.110064502848687 205.75728566733412 300.6218790232707 345.97791295554765 1.4387774 1.5871178 3.8468914 -5.984027 1.9940268 10.243351 1.5589132 115.29240598434217 
Car -1 -1 0 344.3390511347745 192.0238549102018 446.421388782562 251.1612044015818 1.4354696 1.6774143 4.265709 -6.0957007 2.051376 21.042 1.5796822 61.634587527746945 
Car -1 -1 0 422.56479031798045 189.04069033169026 490.1865049651115 230.21928063600836 1.4151537 1.646708 4.097004 -5.9593534 2.1015253 28.514292 1.6129869 51.30523377897009 
Car -1 -1 0 240.60927603881507 198.5570542254318 384.4539348727932 283.25188654642074 1.4309822 1.5435376 3.492217 -6.001472 2.0276453 15.000918 1.5740991 73.72448521725492 
Car -1 -1 0 660.4861751570816 175.57802035146162 713.7023386718006 219.14522933620174 1.580114 1.5987755 3.8451586 2.9762936 1.6944692 28.350988 1.5491532 35.18453850753353 
Car -1 -1 0 896.8343540757971 147.72149896458623 1112.4005683015987 214.6660237110748 1.4889532 1.6476936 4.1399026 9.134526 0.92996615 16.921713 0.024135187 90.48871550647615 
Car -1 -1 0 785.0197506453915 164.56868024048387 923.6858885627488 209.47778998295274 1.4831314 1.6441188 4.182509 8.29668 1.2095071 24.679482 -0.013669858 27.005225550394375 
Car -1 -1 0 834.0251518433444 158.67132154186467 992.4421321600506 210.7866573473796 1.5152482 1.6310236 4.1184063 9.117435 1.1028881 21.858871 -0.031634293 21.073747520952477 
Car -1 -1 0 884.5923730426555 150.12230063456255 1060.3614180671177 212.1629778545989 1.5929108 1.6615968 3.8862734 9.655059 1.0092683 19.40992 0.027674267 29.000717808729856 
Car -1 -1 0 645.0659195541872 178.2864675141609 693.7205340702955 209.7553893044698 1.550369 1.5792699 3.734836 3.113337 1.8531177 38.22261 1.3675888 11.818410455472092 
Car -1 -1 0 489.96741769631996 182.61359007282394 537.4856989946259 210.39016447842678 1.5347854 1.5922551 3.859386 -5.70433 2.149269 43.371883 1.7927792 10.131557509207488 
Car -1 -1 0 459.47346006438204 185.64399364312987 511.7590887197797 221.02614612125166 1.5267187 1.5807256 3.9197478 -5.874454 2.175665 34.59881 1.6417968 6.618298853776006 
Car -1 -1 0 1078.487656128698 140.24678868348167 1194.3897121611462 182.6216390921071 1.5615914 1.5442386 3.3163648 19.971188 0.35995537 27.427273 -0.039671537 20.297412199644146 
Car -1 -1 0 592.9425500568938 176.66077099592727 618.359752640133 190.87574478555752 1.4759429 1.6234684 3.8793168 -0.45109594 1.8992522 78.13744 1.2481806 0.9497181992787807 

