Car -1 -1 0 752.2125645404848 188.3632660980656 960.7519011749836 322.5120371976087 1.4378874 1.5719354 3.7817 3.1764083 1.6953373 10.075489 1.5565481 102.9445141452998 
Car -1 -1 0 298.5188857021237 192.94658783020213 440.69965101892444 304.4477497170374 1.5367734 1.5617613 3.5063367 -3.9499846 1.933105 12.415936 1.4802649 92.76345074468685 
Car -1 -1 0 671.5182073910993 177.14360346475704 785.5343824070052 262.5508311362988 1.5793252 1.6444814 3.659851 2.3990393 1.682037 15.403693 1.5147951 103.33058819611058 
Car -1 -1 0 629.5223730522384 180.03644381480734 681.0589187567349 222.58378933448907 1.4901065 1.628674 4.1731424 1.7067033 1.7907171 28.090366 1.5427933 32.475879399938094 
Car -1 -1 0 441.73815552154383 175.66063846990656 507.6570470118482 236.74507894150116 1.8106323 1.6490711 4.1558084 -4.3345633 1.9111396 23.710835 1.5046476 107.76796272826599 
Car -1 -1 0 504.9860142217708 179.56337593644722 537.1591693402846 205.00387604392867 1.4931033 1.615209 3.8978457 -5.5174046 1.9330351 45.347023 1.55165 13.218207301725577 
Car -1 -1 0 622.4421937791703 176.73321534184365 668.8141159824698 212.89357838714545 1.5640447 1.5655116 3.478872 1.6184349 1.7535388 33.422985 1.4463602 4.997897202988496 
Car -1 -1 0 598.7104231087513 177.62938037449638 632.7828851057197 203.52896535040068 1.5017666 1.5684366 3.7003303 0.34090173 1.8091054 44.495678 1.4301587 0.6231197352715961 
Car -1 -1 0 702.054316942075 158.17425367492896 760.0873849836408 181.41796774729949 1.5312767 1.5558344 3.5428436 8.160147 0.5641869 48.57399 -0.1535387 0.9014805555343628 

