Car -1 -1 0 437.96246971052045 184.09007848637685 514.4136918595359 236.37610777416742 1.463285 1.6399405 3.7280893 -3.9079666 1.4317832 21.986572 1.5763326 82.5068685276287 
Car -1 -1 0 72.19166616849544 189.55183238597908 275.39625242967634 279.06321484737634 1.448786 1.6319606 3.8312697 -8.018658 1.543388 13.752731 1.551989 50.51296610959648 
Car -1 -1 0 129.31865470693 175.45087508175456 451.29213214720454 373.78519293861433 1.675065 1.7174249 4.3668833 -3.159553 1.5925946 8.269032 1.5879077 109.66736922196415 
Car -1 -1 0 567.1323203246234 179.24154335091941 608.9365530333572 219.03917222260975 1.5524697 1.6316236 3.193227 -0.7959349 1.3194233 29.662655 1.5403244 28.10917148904718 
Car -1 -1 0 336.2432075574088 178.49899315733145 416.4122746181655 225.9007768192934 1.570643 1.656001 4.0702486 -8.194416 1.3480871 25.871765 1.5489821 37.2029336359971 
Car -1 -1 0 502.71986452347556 177.53048260494376 545.6269029399094 215.29637045502017 1.6882164 1.6363618 4.233503 -3.8937778 1.3446708 34.266846 1.5511258 32.43454540789494 
Car -1 -1 0 402.2984642157047 184.28561922348518 450.56293212341996 217.59108210244187 1.4338939 1.5406988 3.572615 -8.182694 1.3938514 32.786312 1.498107 5.509408773241604 
Car -1 -1 0 219.16602397830957 187.23150218352086 339.2189024737643 247.0469028879264 1.4449828 1.5493774 3.6493096 -8.661654 1.504275 19.316526 1.5747054 2.9057624148192756 
Car -1 -1 0 317.1695622893027 175.65060017227069 385.46521490800814 206.82677119450076 1.4156879 1.5956144 4.0552597 -12.267512 0.98134357 34.725903 1.6480558 1.0916565661666793 
Car -1 -1 0 498.4563366658928 180.83755165437137 525.4549806755072 197.10099261107055 1.5487392 1.5747174 3.8524547 -9.304675 1.1318159 70.48365 1.7333125 0.29991745948791504 

