Car -1 -1 0 793.6330831155532 182.87973336487136 998.9921239803555 309.07976873608055 1.4997734 1.5605247 3.3910232 3.96448 1.6706141 10.571898 1.5337179 121.50952375484667 
Car -1 -1 0 744.5654271711255 181.9337783813168 856.2359709440277 260.41932389846863 1.4540663 1.6031835 3.7312658 4.0077505 1.6756723 15.70889 1.6179738 70.88662795276365 
Car -1 -1 0 712.4596254834206 179.53629686895133 790.8815230802697 235.61719735941827 1.4722039 1.5898031 3.7984004 4.091596 1.6871002 21.299604 1.5773603 43.79653452837751 
Car -1 -1 0 407.29081361191857 183.56592790356322 498.1162537848227 243.8087644489761 1.5088416 1.6107508 3.7098103 -4.373702 1.8434527 20.642447 1.6258458 84.02311019282745 
Car -1 -1 0 465.99955748497644 181.81289173627823 528.183774675632 227.16819008282425 1.4997929 1.5676038 3.6580467 -4.046282 1.8513689 26.455017 1.6130164 34.39612662823138 
Car -1 -1 0 692.5866837019056 177.362463226768 757.5444821556233 222.96606593954746 1.5155659 1.5949125 4.011572 4.139926 1.6933377 26.416124 1.5328033 27.991849307815333 
Car -1 -1 0 495.6341157654911 180.96473423635163 545.4302146146922 217.7495057313724 1.4648266 1.5926001 3.8292832 -3.8246112 1.8409904 31.525665 1.6015228 19.77396460598805 
Car -1 -1 0 547.4905403272188 178.13136222008194 578.9793995866631 202.24892788316893 1.5085834 1.5954643 3.7840056 -3.0370367 1.8733339 47.926685 1.6408472 13.467330810947995 
Car -1 -1 0 682.7611444984443 177.09066962376193 724.2971527983157 208.49778834322157 1.5219955 1.5530393 3.4762154 4.7973557 1.7508862 37.212555 1.5285724 8.053292788837318 
Car -1 -1 0 672.4705780483051 178.6068507152367 726.6195578326665 215.9291580417407 1.4858761 1.6111858 3.9341536 3.8401968 1.7520455 31.365816 1.5018847 0.5361228016961649 

