Car -1 -1 0 305.05394480775107 188.80298495018226 408.0371043034534 249.6766912970997 1.3857348 1.6190374 4.022034 -6.367222 1.4893701 18.688313 1.4751143 70.47976711329403 
Car -1 -1 0 156.98432753121878 194.42144101054535 332.77344283268394 293.9364083536523 1.3818138 1.5624793 3.534728 -5.9099574 1.5614243 12.174723 1.4463608 83.39534193578707 
Car -1 -1 0 502.4033975677544 181.775603750697 548.6856768713286 223.2071572472772 1.4840102 1.6549193 3.4339306 -3.1691985 1.3607917 27.56246 1.4332279 45.42976616908429 
Car -1 -1 0 608.2692051370989 182.5616946939981 714.8221482114898 261.8022884231579 1.5600791 1.6726925 3.7770944 1.0882416 1.5078274 16.12954 1.4479641 121.82960938358288 
Car -1 -1 0 369.29484488755463 182.83004716625163 431.636832669981 226.6482645485866 1.5021775 1.6396182 4.270327 -7.630664 1.4203925 26.869923 1.4357891 19.06896757875212 
Car -1 -1 0 417.5625988762694 182.19175085214215 454.2604975709044 210.82967944839672 1.4674163 1.6229452 3.8808262 -9.210824 1.3124683 38.875916 1.4176099 11.762730312438526 
Car -1 -1 0 483.38779395430566 183.74721342264155 518.8349130363955 213.2933394825609 1.4342455 1.5414342 3.3549147 -5.45214 1.3629614 36.701157 1.3487024 7.83427979461471 
Car -1 -1 0 267.16559632858866 184.57903603348217 340.13135617963053 226.31404078120028 1.4251704 1.6222775 3.8749006 -11.124531 1.4034296 26.590773 1.408172 11.003460085802763 
Car -1 -1 0 547.7450294722489 181.53228305208575 570.2317113810066 200.90800262736337 1.4909334 1.6099325 3.8587904 -3.8724875 1.2075 57.323288 1.4569261 5.161491696465542 
Car -1 -1 0 315.3181671753484 173.31924566598636 368.76594879358686 205.29352640967454 1.519966 1.6708957 4.014218 -13.299911 0.9544426 36.268993 1.444023 16.218006634570678 
Car -1 -1 0 57.12487885900378 166.691514599907 236.94393712420077 257.48461865689114 1.8676376 1.8002837 4.7075105 -10.727777 1.4865904 17.237675 1.4407326 17.192131985522494 
Car -1 -1 0 397.0051440305476 176.592764074702 421.15766629404527 195.23818902297955 1.5213014 1.6409494 3.9421 -16.704527 0.8177464 60.740402 1.3862833 2.097605228418043 
Car -1 -1 0 200.01898333032585 168.70693315891373 272.4314158730176 204.6946192948731 1.4958777 1.623419 3.9599404 -16.383953 0.8096682 31.950676 1.4372202 0.2651843726634979 

