Car -1 -1 0 814.847808803343 187.47524253561784 1188.0664011362783 323.009789360335 1.464534 1.605338 3.7706223 4.6603007 1.6635699 8.908015 -0.059919488 111.77635955773373 
Car -1 -1 0 0.0 181.50206604922494 255.060454880566 303.31135048661696 1.5348573 1.654919 3.9172993 -7.3843646 1.6689489 10.209202 -0.07850943 105.73555564275995 
Car -1 -1 0 757.6242522884777 186.59757945970154 1032.999510709487 289.7324547310545 1.4691544 1.5756712 3.6894083 4.33112 1.6999245 11.304874 -0.01234968 37.38473635853142 
Car -1 -1 0 1029.636483594949 182.58212937310606 1101.9761201548358 209.26891816060026 1.5058389 1.6279675 3.783076 27.846905 2.1284318 44.175686 1.4003428 27.035271612603978 
Car -1 -1 0 454.7330877414627 177.14200651558156 493.9477647740279 204.6020927549007 1.7215275 1.6393616 3.762363 -9.017878 2.0185297 47.92565 1.1228511 36.673584021929294 
Car -1 -1 0 85.9869067327544 168.91183425690116 317.29626995175965 257.7944697719959 1.7263451 1.7089014 3.906842 -8.4120035 1.6497773 15.221783 -0.18973935 35.718283496820426 
Car -1 -1 0 1141.2235755967956 187.4994456508032 1202.041813862841 229.25556851898662 1.4300334 1.5806768 3.8750389 21.893682 2.0394135 28.05615 2.3073318 10.42643005320847 
Car -1 -1 0 0.0 178.02961773794632 273.7762743688322 274.5269214110215 1.5413733 1.6505457 3.86466 -8.221156 1.6402171 12.709988 -0.13062273 12.198782824146624 
Car -1 -1 0 167.12081424039155 173.9105043259424 353.0245979376063 242.15047369853133 1.5590057 1.6390269 3.7973416 -8.409817 1.5865571 17.668007 -0.18119654 7.019765444080507 
Car -1 -1 0 354.2965538694748 175.38825443693048 393.3166092915583 204.29364578497237 1.5382648 1.5886736 3.8021657 -13.372763 1.6888458 40.815742 1.1165674 7.267944520170004 

