Car -1 -1 0 715.0132344189351 181.115425019875 836.0011995373354 259.15847885958493 1.4353881 1.5854731 3.7281168 3.4295797 1.6355038 15.575584 1.5196328 116.60576956037028 
Car -1 -1 0 356.4345306410829 184.41775425851225 463.2422549654185 244.7487324398226 1.5099068 1.6373484 4.0126076 -5.653294 1.8787533 20.934982 1.6736497 75.76835690098993 
Car -1 -1 0 141.07697837327413 194.11764264085937 348.842396783511 306.62167424615456 1.4661522 1.5643319 3.5967278 -5.7551146 1.870145 11.898076 1.5867133 109.02771502814164 
Car -1 -1 0 681.2066837071083 180.64102920026988 766.5712111493624 236.4080175372395 1.4319451 1.6251519 4.190688 3.2484114 1.6845198 21.26395 1.5121648 32.87002108016083 
Car -1 -1 0 658.3413621296156 177.007197963728 711.6271432155095 216.11165707250734 1.4958661 1.6052926 3.8212729 3.064167 1.6796219 29.970076 1.5127555 41.49449114882964 
Car -1 -1 0 471.40444334845745 179.04988947889743 516.816045136528 211.61999564272514 1.5100491 1.5888994 3.768983 -5.7139454 1.8361869 36.078228 1.5933516 16.988563038361637 
Car -1 -1 0 511.2360592345831 175.85202385983192 559.0244985901494 194.99231395674005 1.559544 1.6021817 3.6697423 -6.2537904 1.8174325 60.650326 0.3740069 13.866714281297405 
Car -1 -1 0 91.75159435311828 183.1062625765792 236.97276264745724 227.4886343852658 1.4612594 1.5915303 4.028811 -15.324559 1.8279111 24.972431 -0.018023035 7.455348163680264 
Car -1 -1 0 654.210430285587 174.96395935824052 698.6312354273945 208.1885951163859 1.5316312 1.531018 3.3949418 3.217272 1.6398904 35.25401 1.4677712 9.242611427859647 

