Car -1 -1 0 0.0 201.00819315288894 265.37207695901805 371.70397262152534 1.4886221 1.549524 3.5563858 -5.7451825 1.8963718 8.665464 1.5627384 106.93699873278847 
Car -1 -1 0 742.017937804388 180.9763639902378 907.7231436222254 283.62359918510606 1.4387423 1.556915 3.56636 3.450931 1.5970035 12.230777 1.5085992 121.6854965865151 
Car -1 -1 0 304.99538741433474 186.5557554662422 439.62117290433724 259.1575640002223 1.4883425 1.6448133 4.106718 -5.639614 1.8649025 17.710596 1.661084 101.13630699768159 
Car -1 -1 0 696.9952816058809 178.83843208399975 799.6314076921711 246.56889176909567 1.4661556 1.633707 4.0540495 3.3279252 1.6328757 18.042126 1.5292879 58.185798942712005 
Car -1 -1 0 666.4331567924689 176.91810028718353 725.0069890577951 219.43138074664114 1.4393618 1.5775547 3.6845202 3.1103582 1.6000894 26.661375 1.5282682 58.0727397393438 
Car -1 -1 0 456.08062194708884 178.77217651877044 507.43456611896175 214.7076797135664 1.5041399 1.6147346 3.8884177 -5.73981 1.7891309 32.7948 1.5793235 26.33804291145775 
Car -1 -1 0 659.0732310983847 175.35865550628216 706.9743706446088 211.37593842013317 1.5048058 1.5093071 3.3059933 3.2160704 1.6221924 32.1006 1.4776607 17.899777123425316 
Car -1 -1 0 486.1728842654866 178.63188190683155 528.9418873215284 209.28837953922397 1.5068476 1.6063712 3.7463307 -5.3288574 1.8270102 38.081684 1.6056405 7.105244639496899 
Car -1 -1 0 11.7438313378001 190.13248769779315 180.82618468821872 243.11814074964346 1.4926881 1.61757 3.917233 -15.365392 2.033809 21.740944 -0.024176184 15.166385239809827 

