Car -1 -1 0 442.94400239340365 177.29197088664148 514.0971432795892 233.05491800992817 1.5674589 1.5762393 3.2710752 -3.8287134 1.3447282 21.842152 1.5708671 97.53050356953203 
Car -1 -1 0 24.18840705741668 182.35065748627025 252.15949539078727 281.2404373587779 1.5096204 1.6450169 3.9054384 -8.13599 1.4658836 12.950186 1.5410023 119.65677399637735 
Car -1 -1 0 708.0158447063801 187.16792798998026 823.7566280337651 268.9753275651775 1.3779838 1.5590746 3.4199717 2.9336162 1.4204764 13.918909 1.5943308 79.73174654587832 
Car -1 -1 0 259.2140502644032 187.256945389777 450.54766239304706 300.1554842636696 1.4528168 1.6429815 3.8344567 -3.6892276 1.4901726 11.2376175 1.5714744 98.50413722654092 
Car -1 -1 0 655.1062523963195 178.60072653138488 711.3515038984349 221.74925535431677 1.4884198 1.6220015 3.9011602 2.7547505 1.2602346 26.76038 1.5548632 56.950326267730404 
Car -1 -1 0 479.4859552716225 177.39562365926653 536.2585719957968 218.09381993606056 1.5826051 1.6145923 4.0714517 -4.070181 1.2785108 30.02813 1.6220742 30.45571310406682 
Car -1 -1 0 584.3627957132597 176.75815697269792 608.603883164156 199.51668451809812 1.5501083 1.6512535 4.118658 -0.75488347 0.9740559 51.031456 1.558428 9.473428108467306 
Car -1 -1 0 379.27277756618423 179.49009999588006 444.65319137760633 214.76237675108953 1.4367495 1.6377965 4.120125 -8.424779 1.203528 31.362114 1.5970827 18.35151238170698 
Car -1 -1 0 272.0433967368425 179.36003031901032 376.4134342563749 234.08020248961606 1.4664068 1.5468799 3.30681 -8.139566 1.309485 20.971375 1.6466544 14.665045233856372 
Car -1 -1 0 435.0336241158205 178.6555131585919 471.5347644588555 205.08632947827508 1.4466 1.583969 3.8419633 -8.797622 1.0875508 41.325752 1.485232 3.959968909980719 
Car -1 -1 0 457.2227908845612 164.20872213019953 491.22961459798745 186.422242665923 1.4714825 1.5595189 3.6860075 -9.110054 0.0799247 49.484215 1.6004124 0.3157024383544922 
Car -1 -1 0 622.1435431408653 177.15526601366014 651.5189254933549 197.9092272878365 1.487392 1.6224178 3.6083188 2.167364 0.90971804 53.407173 1.450787 0.8487387266671493 
Car -1 -1 0 567.9240779378925 176.95465217458153 596.1946687642284 194.7125304050105 1.4397748 1.577158 3.5132093 -2.072825 0.76998496 60.16351 1.775046 0.5595521283044492 
Car -1 -1 0 346.47067639348217 160.7111605558704 378.36631276807657 178.21804618668855 1.5327101 1.6739502 4.22923 -22.697407 -0.6711356 66.79787 1.5304306 0.5395338437005947 

