Car -1 -1 0 734.6581524627486 185.85634697221886 966.6557630936123 272.8886778750738 1.4552826 1.6140208 3.7208357 4.337915 1.7120612 13.299137 -0.07840723 131.98436856966546 
Car -1 -1 0 667.2096265641597 180.9623684629721 790.8067638525279 229.84969138831866 1.5402374 1.6571817 3.768188 3.9308295 1.822127 24.075851 -0.09780374 52.94388213942772 
Car -1 -1 0 296.6831086332318 178.4027139912451 431.67032423142797 225.29672398270262 1.530596 1.660428 4.102867 -8.3310995 1.7286358 24.768044 -0.076444656 45.060495415901684 
Car -1 -1 0 62.46084154640542 176.47652282217837 321.4463898619838 264.6870029465406 1.6025058 1.6757898 4.108815 -8.071625 1.6796628 14.282723 -0.1239742 105.26743573000422 
Car -1 -1 0 167.33336761530614 183.53657155880862 368.8514486665828 250.88417923172082 1.4667892 1.597706 3.9472647 -7.859439 1.7294134 16.865135 -0.038080014 32.05851864593776 
Car -1 -1 0 210.7219671958479 180.00742192131386 386.7667999517128 238.39925135299038 1.4962442 1.6089249 4.080204 -8.325253 1.6989307 19.573223 -0.032827407 12.127397367475805 
Car -1 -1 0 462.3339342902616 175.86500584358402 492.6369421623253 196.65628666135274 1.7210376 1.6357702 3.629039 -11.428687 1.9892831 62.291702 1.1102862 5.198108308501716 
Car -1 -1 0 382.5171171617711 173.91231990112243 424.1286102454208 216.1138547434769 1.6829356 1.6141906 3.9431348 -8.873705 1.7315135 30.99979 1.2827959 0.8864244222640991 
Car -1 -1 0 647.8640437416763 181.5135433737508 757.2032633403337 224.7722254416836 1.5132973 1.5819051 3.7401073 3.3792467 1.8439023 26.586372 -0.092659 2.2736074990964146 
Car -1 -1 0 396.7006306618948 173.1932135992975 431.4370240820938 206.35356295361714 1.7216103 1.5831922 3.7902055 -10.75302 1.7411683 39.55227 1.237994 0.269875705242157 

