Car -1 -1 0 677.2470672514112 177.50609569577307 752.6330328918508 228.46739283305516 1.3988228 1.6152649 4.1949663 3.1499362 1.5563204 22.309898 1.5445867 69.53676561873226 
Car -1 -1 0 708.1593904284094 180.78619419062798 896.1078080903493 299.1288195158048 1.4712063 1.6792815 4.3719034 2.7843137 1.621803 11.482897 1.5333278 94.0130422992625 
Car -1 -1 0 213.6610194081825 186.29600098552743 445.4229502709291 259.21892327420807 1.413008 1.6231494 4.3170357 -5.8499207 1.7170944 15.334108 0.08341805 109.83582443833917 
Car -1 -1 0 0.0 181.48011595702962 292.1254713791031 309.72110802511264 1.5334859 1.6300137 3.903779 -6.575938 1.66116 9.718361 0.076096416 62.70357402975592 
Car -1 -1 0 644.8945197992965 171.2315181434654 687.7735912926984 201.0904534746026 1.6345063 1.6501602 4.06045 3.2183053 1.54569 41.61934 1.4378427 11.274949838769093 
Car -1 -1 0 264.8200370769611 180.28526746774085 443.96751684738376 244.6189099849807 1.5033553 1.6123087 3.889969 -6.275527 1.6980629 17.988878 0.057310533 14.382732687064783 
Car -1 -1 0 299.19083956543824 169.4751884537126 452.48227337510195 232.60369161919473 1.7037077 1.7111255 3.77335 -6.4979296 1.6125205 20.346663 -0.009715596 1.8186218368681195 
Car -1 -1 0 495.4755287702399 176.9711055814388 536.0149392887083 212.73815128245363 1.4855884 1.6225417 3.997399 -4.16798 1.6827853 32.501247 1.4890826 1.8382314064652554 
Car -1 -1 0 510.54048916614744 175.50984070025697 551.4573993656185 204.59973624506068 1.5181599 1.6215633 3.8973162 -4.3030195 1.6727874 40.01471 1.6318607 1.5103388896151797 
Car -1 -1 0 517.0377622012095 172.89614876716558 545.279380108705 198.42308199897798 1.5974089 1.6132165 3.7263122 -5.1543922 1.600277 47.130394 1.4025155 1.7758749939631147 
Car -1 -1 0 840.1261547224711 167.66441197167856 940.2122794280116 203.93545815891733 1.5662925 1.6532981 4.0674706 12.550037 1.3421904 32.51151 0.27818045 0.37542974948883057 

