Car -1 -1 0 812.9021870160055 173.59759128761368 1242.0 375.0 1.5588187 1.6106505 3.6121566 2.9612389 1.5666857 5.8248916 1.5673952 110.30357856046004 
Car -1 -1 0 704.0879657887589 174.0733467390976 827.6242104967307 261.0608399392192 1.5057223 1.6218071 3.7589583 2.9656162 1.533298 14.430114 1.5606182 121.90062391234491 
Car -1 -1 0 363.40478656926564 172.18722196708683 480.8639470589607 254.60869721035363 1.750953 1.6714041 4.101138 -4.354781 1.7367879 17.40019 1.5972042 87.32031843680916 
Car -1 -1 0 236.17320892786523 170.80023759528373 415.8485301965497 300.3244100987077 1.8026223 1.6054666 3.6941042 -4.448192 1.7740395 11.911591 1.5415198 110.81530795585022 
Car -1 -1 0 679.5077379461788 171.53142235746756 763.8383671867589 232.21183767976362 1.5602541 1.6398389 4.0857644 3.0869353 1.526247 20.623575 1.5349822 55.59192717052703 
Car -1 -1 0 600.7748461544658 171.69552383014553 634.1101220297436 191.983998357943 1.535718 1.5750711 3.547346 0.584303 1.4480278 56.545425 1.2612786 2.1668184862722066 
Car -1 -1 0 624.2186496145629 171.0958548347706 652.9340381549308 195.41951633210002 1.6219597 1.586448 3.8863504 1.9774987 1.5047221 50.105656 1.5039774 1.6454968460488637 
Car -1 -1 0 583.2103924480666 174.05587850782746 606.5716054995345 190.87704020470773 1.549561 1.5920627 3.5786576 -1.4214468 1.6671091 68.65531 1.3657134 2.625383789890989 
Car -1 -1 0 569.6375926012101 172.92806023572618 585.7849383301079 188.74224880267604 1.6847074 1.6316482 4.065915 -3.5079029 1.6930277 78.975876 1.493492 0.254281610250473 

