Car -1 -1 0 263.0637069568984 184.87747661593966 374.0368879290521 240.7037361051566 1.4471849 1.6358923 3.905864 -8.11792 1.4384172 20.594063 1.5631266 57.33977123203956 
Car -1 -1 0 466.81981254655665 181.38337988112653 524.447048792007 224.19134447123082 1.4863602 1.6223942 3.6686532 -4.085816 1.353296 26.804161 1.5582699 62.51993343133364 
Car -1 -1 0 562.3481689347852 177.06786707687263 606.2849643459499 219.36312881171347 1.5381359 1.5985837 2.9976232 -0.8798251 1.2418268 27.665937 1.5388582 24.936408418012643 
Car -1 -1 0 90.5883224667645 182.64383584481538 234.13530780016654 238.6745130735853 1.4793794 1.6509545 4.121605 -12.814393 1.4114745 21.040825 1.570855 64.75343276269108 
Car -1 -1 0 338.9331434594349 179.587378904113 495.63335661606106 283.06394976399764 1.5863374 1.7144037 4.4425263 -3.256158 1.500053 13.241936 1.570422 88.83897393918295 
Car -1 -1 0 0.0 184.05269225002573 201.357852808955 317.3999927154523 1.5322909 1.6474252 3.8895833 -7.6750746 1.5189269 10.211487 1.5630327 86.46103067133687 
Car -1 -1 0 236.6069524174105 182.93960829504312 323.52491988029857 222.17374962752564 1.4190784 1.6190157 3.6402369 -12.563242 1.3367534 27.845757 1.6028287 14.023525385601 
Car -1 -1 0 512.1102890792887 176.62337083794836 547.0413338588494 208.87680345699894 1.6580461 1.5828873 3.6800568 -4.1457186 1.216342 38.814545 1.5441673 13.798253594970625 
Car -1 -1 0 340.94377465200535 180.42261620626547 393.5081953867665 222.08671661494162 1.4379706 1.5235356 3.496315 -8.839298 1.272545 26.68473 1.3443692 1.4210259240922547 
Car -1 -1 0 393.8907301703207 169.12144367199983 445.49335232663344 203.26572465001558 1.472265 1.5433584 3.4610615 -8.479252 0.7782979 32.749744 1.5400449 1.6373698731229631 
Car -1 -1 0 49.974545468744495 163.3815450929951 176.95689900929426 221.99711122890096 1.8051376 1.6093292 3.7703075 -16.34422 1.1327283 24.037355 1.5887687 0.2830105125904083 

