Car -1 -1 0 225.88980648865615 193.8961706754956 386.28565214430637 285.5280857905073 1.457973 1.5667852 3.5945153 -5.7437935 1.9228444 14.126957 1.5920813 92.84035568329463 
Car -1 -1 0 786.1499841868042 181.5933139922687 1102.550099671115 370.4349271074832 1.5051163 1.6552705 4.0824575 3.2587328 1.6267817 7.992876 1.5841498 125.48775223664902 
Car -1 -1 0 705.0930694967553 182.014967020319 803.7082382961339 249.35844662328364 1.4393284 1.5365057 3.5350842 3.4395533 1.6872663 17.720642 1.5152066 88.99791522206266 
Car -1 -1 0 382.25034034809397 185.6482855612377 477.24528401888887 239.75128249936344 1.503736 1.6551809 4.1401844 -5.654814 1.9533653 23.212757 1.6738342 59.72993352486251 
Car -1 -1 0 657.4287095798405 178.52589423915595 703.4682082218363 215.32707816905094 1.5130345 1.5607058 3.6666293 3.096128 1.7799878 32.09928 1.5342078 40.68959928739896 
Car -1 -1 0 677.6046029554266 181.6428304511394 750.9273220001335 233.01450152658322 1.4770498 1.615002 4.153453 3.318346 1.7899954 23.58017 1.5246348 19.960644829557626 
Car -1 -1 0 479.8404743981627 183.66103238755682 525.8750566809562 213.51669442631945 1.445663 1.5809882 3.7573764 -5.604264 2.0481791 38.2856 1.6601839 7.727019123555455 
Car -1 -1 0 650.3435562065683 178.67802095622557 697.0151798231035 210.81945886690056 1.5387231 1.5899785 3.7338808 3.2507823 1.8549144 37.212906 1.4299593 7.711269022718923 
Car -1 -1 0 148.60370874411518 178.23625233044748 278.3800254415501 218.78842882598008 1.469708 1.5812826 4.021036 -14.840702 1.6783104 27.16394 0.0051819426 0.8167568585313135 
Car -1 -1 0 501.38220323613245 180.53096775093252 540.3410034854029 208.1096074116351 1.5459948 1.5839698 3.662428 -5.2877636 2.0279262 43.399406 1.6625357 1.2069124008257404 
Car -1 -1 0 1011.4116637633389 113.60491006311632 1242.0 288.20850309425583 2.0791538 1.719301 4.4374228 8.272142 1.3736243 10.868513 1.4962864 1.6805242334783572 
Car -1 -1 0 231.5647995588087 180.13405484463968 304.3052260539646 229.88078509770244 1.4484329 1.5145775 3.4898303 -11.00249 1.7038817 23.438251 1.3151646 0.2942773103713989 

