Car -1 -1 0 743.191199148281 181.25212592002657 910.8127201343101 282.6612106403549 1.45713 1.6492811 4.2264614 3.6275766 1.6314049 12.846491 1.5542189 106.3909602098033 
Car -1 -1 0 494.05900998043654 177.70208757594466 541.5357559451334 213.43239347064673 1.5659426 1.5721886 3.487998 -4.255939 1.8057758 33.901665 1.6375803 40.175326676745065 
Car -1 -1 0 235.05716987898995 188.25863637709932 416.94292787549534 295.24347233562014 1.4945128 1.6050153 3.8258533 -4.697479 1.8038509 12.561777 1.589124 110.09635905180397 
Car -1 -1 0 357.6229255197912 186.17486209686237 471.43066753928133 254.60577009206895 1.4303629 1.6428757 4.0659094 -4.6885834 1.7993242 17.932959 1.5949464 72.14510357453368 
Car -1 -1 0 835.9686326939739 186.73932652986744 1162.603637847452 375.0 1.4587996 1.5980783 3.5690432 3.705295 1.6401416 7.6169205 1.5990019 103.27465576257924 
Car -1 -1 0 715.4552430361188 178.4755915852445 810.566569767319 246.79791378792754 1.486823 1.5970066 3.9257538 3.698493 1.6424773 18.00278 1.5871106 54.605322195566345 
Car -1 -1 0 699.7232853530478 178.11148226670372 771.8324552330953 228.9966413715859 1.4869442 1.6237172 3.9628646 4.009248 1.6725402 23.483253 1.5626388 32.97891630004259 
Car -1 -1 0 681.5225092094817 177.37154306125615 738.2400821333107 218.01355044710968 1.4950056 1.5773273 3.8540046 3.9492476 1.6884611 28.937988 1.5257502 12.303788343219916 
Car -1 -1 0 517.7982227609473 177.68692459216837 556.0323886716142 207.48581921349313 1.4902503 1.5768877 3.8463798 -3.8412628 1.7621617 38.654606 1.5937617 2.6508401603093557 
Car -1 -1 0 1107.3411279487236 167.41731375287512 1242.0 220.50191163368027 1.5853808 1.5447968 3.4950032 18.231852 1.4230131 23.374453 1.4540032 4.749770550213707 
Car -1 -1 0 590.4990669104116 175.35565754353453 634.3543456470271 190.13471019840728 1.4614924 1.6568931 4.360753 0.3082136 1.7161314 72.549675 0.030434305 2.6744128537449097 
Car -1 -1 0 1057.3953223225592 156.44610956624555 1240.3649432344707 233.75638489379605 1.5259686 1.5680875 3.440299 11.729826 1.2021056 15.9893265 1.6070589 3.5074351655826486 
Car -1 -1 0 948.691634110171 172.64915061098216 1012.9529448071522 205.32388006063596 1.4741746 1.5856129 3.8304648 17.695087 1.4649323 34.56383 1.7173213 1.0154870874474398 
Car -1 -1 0 952.3238742285506 156.54016481755767 1071.3808647441733 212.52273581640142 1.7407563 1.6095322 3.8348744 13.468249 1.2334838 24.426094 1.4675647 0.2947416603565216 

