Car -1 -1 0 647.156623093283 195.51283624425625 730.2440298226429 256.91578088443055 1.4510863 1.6506457 4.366993 2.1741316 2.1787221 20.935701 1.5023804 42.31092658799689 
Car -1 -1 0 673.6227846335539 196.13263707782923 782.7311184729019 286.9351470522672 1.5555296 1.5652755 3.5440974 2.348928 2.1004608 15.087736 1.5295808 76.03086525779793 
Car -1 -1 0 728.3199758892601 199.58296016455435 910.1804898928026 334.3677866207003 1.5223383 1.5411273 3.2086644 2.841014 1.970494 10.450333 1.5110853 89.26394859727695 
Car -1 -1 0 364.50490834008104 200.422795139339 484.4662422976879 286.47838539246413 1.5195761 1.6711848 4.141012 -3.9708166 2.216352 16.155243 1.5580835 98.78318258960839 
Car -1 -1 0 423.9444867408665 200.41012940595058 503.7678714286779 260.67931690313003 1.4929898 1.6144369 3.9679592 -4.267867 2.396861 21.679443 1.566049 29.592164849756895 
Car -1 -1 0 645.1192203904685 192.36072514300852 701.3951611563715 241.0719141187913 1.5610738 1.6159859 3.9694357 2.2844136 2.3383527 26.741781 1.5393622 18.42294870573215 
Car -1 -1 0 479.24987186454973 196.89579844550568 521.170011624805 236.67975597627282 1.5130603 1.5921878 4.0020037 -4.789458 2.6480093 31.99855 1.482642 4.814453640249894 
Car -1 -1 0 459.61866678535125 198.5805155270499 509.16847520970157 244.02774750012048 1.4784013 1.5397385 3.45504 -4.670347 2.514556 27.276138 1.4894943 7.443940623540128 
Car -1 -1 0 634.6311351194637 192.8354182371443 679.5810469954923 231.54832219391832 1.5561079 1.580263 3.6305861 2.1057596 2.5156703 32.78786 1.5064206 6.359847152960273 
Car -1 -1 0 610.8008840561055 193.32506145664763 640.0519730446763 215.74239613030076 1.5102887 1.6280563 3.9476843 1.1596544 3.1133726 54.440815 1.4409289 3.610108096905137 
Car -1 -1 0 777.6707953970661 175.47237975800292 853.6315762375846 202.93517119361192 1.48295 1.6163638 3.888754 11.437166 1.6328704 40.23987 0.14091074 1.5706844514176421 

