Car -1 -1 0 453.5025484684475 189.37377260311254 524.774379442325 243.42885261162883 1.6440449 1.6262412 3.7067423 -4.085828 2.2603006 25.012516 1.6380537 82.99975001062457 
Car -1 -1 0 743.5833577855477 188.86524922355355 866.9811004969745 276.809504027636 1.4819976 1.6349703 4.120332 3.895102 1.861865 15.020702 1.6199011 116.99926549630551 
Car -1 -1 0 801.5095227949981 194.22015087072782 1055.883125160097 349.1584315516335 1.4241631 1.6231996 4.0962715 3.7418582 1.760962 9.2903 1.6170132 76.97375125031935 
Car -1 -1 0 496.0146573726906 188.9390049043057 550.0603548324304 231.33165173749663 1.5643578 1.6111555 4.0514517 -3.5526862 2.284578 30.248102 1.6150707 30.616164294997983 
Car -1 -1 0 197.9451139416982 196.25340886310147 322.0799450920688 235.88738263391016 1.5284779 1.6866026 4.2980533 -14.349393 2.5232599 29.779184 -0.02447614 6.987029801076871 
Car -1 -1 0 1057.743538878643 182.56373140298425 1242.0 271.6867280855883 1.4914107 1.6346841 3.9928565 11.398376 1.7106884 14.3918705 0.6916255 38.185208023208105 
Car -1 -1 0 537.3105105679267 188.10265822713149 578.7664425988619 218.96759748580223 1.5193243 1.5992302 4.0451894 -2.7778752 2.4021535 39.680115 1.673144 7.334823627129664 
Car -1 -1 0 693.1893315405141 184.13497411469461 726.638197761044 212.26351979822206 1.5427591 1.6687709 3.9521265 5.963663 2.2499928 43.214794 1.6276866 9.136928417633035 
Car -1 -1 0 598.4592684101805 185.76284894093675 625.1419716219946 203.49980275609374 1.5051882 1.6726625 4.151892 0.2414718 2.7367883 66.63809 1.7739327 3.6147519360767078 
Car -1 -1 0 174.01449109200448 195.3710171123784 230.69774444474476 219.85217008062924 1.5012907 1.6976604 4.0938263 -28.200176 3.12961 50.11264 1.5483984 0.28129786252975464 

