Car -1 -1 0 626.5092334669677 179.47974173741292 688.9823443464412 222.77092252400732 1.4593455 1.6810836 4.4059534 1.7308531 1.7307928 27.289309 1.4784633 60.26753127423562 
Car -1 -1 0 291.0307865251459 181.13581768561895 441.5152695141269 233.49383136387064 1.4715638 1.6066635 3.9139402 -7.1150007 1.7260385 21.35416 -0.006724122 53.539074466584715 
Car -1 -1 0 809.3664503542789 185.7225977601791 1114.7231293430937 286.5441475958134 1.4684045 1.6326303 4.163495 5.5461044 1.692763 11.661435 -0.049474105 66.71392808260815 
Car -1 -1 0 892.7251562786723 188.15636306185002 1242.0 327.9768640415305 1.4583664 1.6190299 4.097371 5.7977724 1.6663032 8.77764 -0.10870767 88.03787671873171 
Car -1 -1 0 331.3687884360428 181.28077531482637 466.1257398991954 228.13340324613688 1.4826097 1.6361486 3.9944527 -6.927875 1.7722793 23.967789 0.008492439 18.758260888059027 
Car -1 -1 0 0.0 160.23845063701447 285.71415749430685 304.8008572563445 1.8182306 1.7294762 4.2465897 -7.0480638 1.6595588 10.110452 -0.081793986 91.51908922117723 
Car -1 -1 0 791.1025867343345 172.9690981715964 1034.5118709927265 266.4422572876054 1.707231 1.6833541 4.062203 5.8086014 1.7096329 14.119037 -0.048055515 24.19470546479364 
Car -1 -1 0 611.7708716865467 178.5166660540445 644.1985698613657 205.48744890555818 1.4792387 1.550256 3.6727674 1.0390606 1.8256497 42.252785 1.4994247 4.790848179762417 
Car -1 -1 0 612.7458649976751 174.73746993237089 638.0969282039323 198.52419337899707 1.4955161 1.5654207 3.7349923 1.0122323 1.6244814 47.53316 1.5646979 1.7471884770996453 
Car -1 -1 0 410.4233936585893 173.70113478858977 497.0889092180399 207.42123425226646 1.5873039 1.6308063 3.8360782 -7.4718037 1.6291687 34.83225 -0.0054576998 3.0789704819159622 

