Car -1 -1 0 320.8384141752718 183.3614818291679 440.651380461228 252.05761549204874 1.4374639 1.6262903 3.764759 -5.175407 1.3986645 16.92665 1.5735548 88.59085409773265 
Car -1 -1 0 88.80434306873012 192.6277976586211 375.45834416051883 338.0627140617501 1.4041606 1.600046 3.7882934 -4.3380814 1.5169301 9.035568 1.5798118 106.44701765341306 
Car -1 -1 0 573.8175427769999 173.94749036920098 612.8460177800645 210.257688006722 1.5682902 1.6859729 3.291562 -0.61814463 1.0816 32.704113 1.55892 41.74422460273911 
Car -1 -1 0 142.28127191936858 182.7745382724721 303.26023378001173 249.80060488549225 1.3954644 1.6146998 3.7179303 -8.8214 1.3446401 16.873299 1.6349683 26.36564985920128 
Car -1 -1 0 236.0838446084906 182.2963492840523 329.5171341429532 226.16794503262054 1.5022857 1.6224481 3.9181151 -11.873392 1.4023191 26.591167 1.5916324 15.812996209269285 
Car -1 -1 0 389.70000320146613 181.29025193033496 440.1484924580949 215.46799394643827 1.4950083 1.5685534 3.7094111 -8.85222 1.3233008 33.346313 1.5053949 5.930206002372142 
Car -1 -1 0 334.2295657738891 173.15712450504552 411.2323528895846 223.18622254335781 1.7048619 1.6247132 3.5251932 -8.474388 1.293937 26.269972 1.5840695 8.813806431973745 
Car -1 -1 0 511.6091180826234 174.3838622954986 550.5672709420077 201.44447986009226 1.5895336 1.5834712 3.8759964 -4.633879 0.95327437 44.24005 1.6833103 3.071417517270411 
Car -1 -1 0 467.52034665883707 167.07116925032125 528.5265117605218 217.7602076897539 1.8921828 1.782335 4.5961 -4.326867 1.2148615 29.134005 1.5689828 0.8296237854983921 

