Car -1 -1 0 711.1014286201073 172.77985426428205 874.684834245497 288.8471208616184 1.5864701 1.6135573 3.472227 2.7639675 1.5854566 11.634673 1.5235138 126.65016850873309 
Car -1 -1 0 663.6705199164038 176.43205578135186 716.126115564741 221.84234046867383 1.4691684 1.5731915 3.3534153 2.756712 1.6031382 25.314068 1.6038969 75.09363852763384 
Car -1 -1 0 709.7016258362249 171.53072712212625 815.0052483933723 212.6299357284174 1.6814115 1.69947 4.1264524 6.38148 1.6272749 30.459229 0.04434705 28.221114626596325 
Car -1 -1 0 0.0 183.64616280414708 336.21322431649105 299.5392869623671 1.4793991 1.6172945 4.0854344 -6.226843 1.6454241 10.235785 0.02737141 79.65449559565616 
Car -1 -1 0 307.3739477776494 177.80199802816736 465.70844402834217 231.2285352613067 1.4655864 1.6046903 4.056949 -6.32812 1.6134818 20.755077 0.004593633 42.27072161179563 
Car -1 -1 0 124.16290932291922 178.48183671865738 389.49694131125705 268.03557328675157 1.4816847 1.6092722 3.9875948 -6.1902647 1.5894759 12.934516 0.040785827 44.035848290283425 
Car -1 -1 0 349.1227914183179 176.98984701762143 491.891432790298 225.82378384562517 1.4800384 1.6230114 4.0888886 -5.907136 1.6157546 22.843151 0.01095278 33.646898489353696 
Car -1 -1 0 629.5607133657643 172.4493481539084 650.5443424029912 192.3425142749155 1.5733395 1.6589763 3.9376311 2.4788537 1.5413355 59.061684 1.6045225 4.7151880150557535 
Car -1 -1 0 389.52313007841974 174.49101630208673 503.5705601102793 214.9382088985882 1.4994938 1.5982515 3.9919114 -6.2038107 1.5643694 27.708078 0.0443414 5.271114149437404 
Car -1 -1 0 452.71616684601696 169.63498186618148 529.1301848548807 200.04207444284603 1.7369208 1.6981202 4.262738 -6.8863688 1.5530431 42.199142 -0.06383836 4.854939754526516 
Car -1 -1 0 163.6535365608331 161.56347529747433 385.73629806635324 249.60468267381245 1.7373308 1.7073196 3.8707247 -6.8913393 1.514533 15.151837 -0.03120199 8.415420486023923 
Car -1 -1 0 421.31074956274296 172.4346735258306 517.9791427023138 207.83463146591555 1.5646294 1.6691228 4.046699 -6.303172 1.5460956 32.776085 0.025115559 2.4741942362015004 
Car -1 -1 0 352.08359050019016 161.80156896921096 391.2006524661039 183.2432505453223 1.519029 1.5908865 3.7045636 -17.421026 0.73602283 52.9842 1.5898389 0.9522775988581832 
Car -1 -1 0 1060.942023952698 174.04441520421278 1242.0 245.34756106857841 1.5273011 1.5745189 3.2349153 12.3983555 1.5559547 16.427143 0.09720819 3.7805103455696694 
Car -1 -1 0 367.24461506932334 174.81600118969237 485.57733047174753 220.0263110022434 1.5310621 1.5931101 3.740107 -6.4468365 1.603434 25.57051 0.1371336 0.2541387677192688 

