Car -1 -1 0 766.7775745717629 193.25911959221204 1067.2640453077147 375.0 1.4390316 1.5688744 3.639955 2.8725197 1.706488 7.623166 1.552185 113.77778522599094 
Car -1 -1 0 420.70884644773304 184.7078426099233 531.4607424434005 270.58541180136024 1.5286131 1.6222063 3.94976 -2.6908345 1.8135023 15.364959 1.5723248 98.65606679034546 
Car -1 -1 0 693.7165346459502 184.83781412500767 838.2963712396363 285.77586468456144 1.481809 1.5777364 3.718391 2.6272266 1.7285594 12.950837 1.5067886 92.89129966996082 
Car -1 -1 0 501.1659773870905 180.695006933762 561.0384237745849 226.59684216577364 1.4917698 1.683994 4.240423 -2.7725856 1.800745 26.304293 1.580092 61.02821875249986 
Car -1 -1 0 641.9020859526498 175.28926273600138 679.5927536201716 208.516657926652 1.5577414 1.6038065 3.8349762 2.5057917 1.6858108 36.026627 1.5691735 32.0260328934217 
Car -1 -1 0 677.4552204476468 166.5141914814425 776.0284704738815 251.40695584720208 1.8390367 1.6308177 3.7688024 2.7240987 1.701697 17.54974 1.5259973 87.52505309870219 
Car -1 -1 0 557.8447701360507 175.34187968877384 581.6477110654652 197.4705433948563 1.5457044 1.6154311 3.8627696 -2.8805723 1.7344391 52.787735 1.5478284 5.59287342213248 
Car -1 -1 0 670.1169261635224 174.37794210183532 705.6554681444827 201.916403974558 1.5624921 1.577261 3.6776757 4.6251254 1.6572928 43.015568 1.5297589 2.331761462236301 
Car -1 -1 0 489.97713753699145 174.30845684087723 523.6205370340034 200.25349262167313 1.494617 1.5797415 3.299312 -6.143432 1.585455 43.407516 1.5624769 0.3313784599304199 
Car -1 -1 0 537.4315374758669 176.10465131896737 562.4773974315921 195.31268831087974 1.7420805 1.7272456 4.20234 -5.6094475 2.0596533 68.33099 1.6455755 0.5240412656337567 

