Car -1 -1 0 683.6314955299491 181.97557096713024 786.5952407816915 255.90786705706518 1.4454758 1.6915374 4.423876 2.7783437 1.6869417 16.877993 1.5835426 118.94979364568138 
Car -1 -1 0 758.8366816119064 180.2714560721833 895.7971631024719 232.46146817289917 1.4899534 1.6146791 3.6856813 6.485732 1.7232984 21.779509 0.061618477 52.925199695690566 
Car -1 -1 0 0.0 179.66281867875438 327.96783552137515 316.03080870510223 1.4764452 1.6513519 4.167148 -5.8448334 1.5683106 8.819282 -0.043645676 115.43852052098356 
Car -1 -1 0 416.2443559843795 176.5690215380961 518.9793416998127 212.39513964254658 1.4594283 1.6295055 4.146436 -5.9524174 1.6223793 30.62673 -0.10215095 15.433587714091233 
Car -1 -1 0 0.0 178.131709476047 297.92590111117846 281.250298529375 1.4803863 1.594341 3.8752651 -7.1541004 1.5690647 11.284031 0.02199034 16.755661684056086 
Car -1 -1 0 106.54030170525982 180.07435865195455 375.1896162384784 266.8413467217684 1.471428 1.6085389 4.117506 -6.634679 1.6140906 13.323869 -0.06312943 38.83582230958154 
Car -1 -1 0 289.67021661459773 178.33034200570202 470.28775335766335 239.6376399769541 1.4469326 1.6175034 4.055391 -5.6526985 1.591687 18.134476 -0.06447449 40.48170837757354 
Car -1 -1 0 170.71481316853493 173.81979318300847 372.43483322067516 248.2686387544237 1.5184193 1.6077043 3.6601648 -7.2322955 1.540814 15.736482 -0.1069282 17.115847248638865 
Car -1 -1 0 379.26213846619606 175.18447136202082 496.285641633569 213.84556761640835 1.4487488 1.612985 4.2690268 -6.6260233 1.5430386 28.176926 -0.10031436 7.0182142846038325 
Car -1 -1 0 669.3349735394771 177.20274021355112 735.4265061987808 202.75655350400763 1.571641 1.6749547 3.8939834 5.8460145 1.852915 45.689434 -0.074070215 10.432638510165472 
Car -1 -1 0 446.3863847765522 175.77723783901993 532.77207701437 208.03912951165682 1.525178 1.6210222 4.041628 -5.8045254 1.6719466 35.256573 -0.0803718 10.270046332526325 
Car -1 -1 0 705.1820564167194 172.38726432546747 761.8405335183701 207.2596056122301 1.5966141 1.6489582 4.0368013 5.960829 1.5752447 35.13517 1.4554181 0.8397290270843413 
Car -1 -1 0 631.2265914291632 177.27034139716667 651.0731643405943 195.80211854237865 1.4634162 1.5822539 3.8652132 2.6483135 1.8421305 59.89728 1.6310878 1.456422082374866 
Car -1 -1 0 453.9282226554147 169.95755530960753 531.9277063017005 199.15930314207833 1.588617 1.6591933 4.219166 -6.4689264 1.431046 40.324158 -0.11764436 0.819206111781175 

