Car -1 -1 0 631.9041304739762 186.57279982573 674.5025294503397 218.69571875538767 1.4639115 1.6045513 3.9685445 2.1619377 2.2000806 36.673717 1.4861917 35.72781919319071 
Car -1 -1 0 220.12437386444728 185.11664259420255 414.1205153380867 256.30879898975525 1.5701603 1.6522543 3.9672573 -6.841831 1.8786726 17.197845 -0.065983996 59.06290320461905 
Car -1 -1 0 754.6843489067763 192.7575141860677 939.0812321926668 255.68157356248236 1.4528062 1.606699 4.154625 5.9521494 1.9862913 18.321505 -0.10582629 41.60995503860096 
Car -1 -1 0 93.04194206148391 190.46516474670753 365.8508934447442 285.2758756673071 1.5064547 1.6380521 3.9520733 -6.5410304 1.837768 12.684545 0.03594922 39.0407864079162 
Car -1 -1 0 0.0 193.57819737455546 310.353060219867 313.47355717257307 1.4918848 1.6203778 4.053843 -6.5699387 1.808202 10.145545 -0.028399864 49.71047008920272 
Car -1 -1 0 829.3246888509324 191.1740266901276 1068.3077827263032 280.7084559041558 1.510206 1.5994071 3.6605814 6.1325035 1.8690717 13.31897 -0.008388331 48.81018255697923 
Car -1 -1 0 897.4001087822908 191.7436069681598 1242.0 310.6629455207396 1.4947474 1.6442834 4.0825605 6.4794493 1.7895627 10.315501 0.061345045 29.901616072229565 
Car -1 -1 0 403.1441525013351 188.13168365774737 503.2965416308529 224.2209745387225 1.4756186 1.6113043 3.948974 -6.673463 2.1507287 31.047474 0.015816158 27.998696708363404 
Car -1 -1 0 728.2184978529152 191.460976423627 880.9443317817612 245.2419840480197 1.466743 1.6071769 4.0371637 5.665418 2.037871 21.229933 -0.05693812 39.302050086170894 
Car -1 -1 0 460.2414354213428 183.5576965074649 529.7542412858028 209.74297238748838 1.5541917 1.6291752 3.9741502 -7.042141 2.22931 44.557255 0.070525154 9.692865064585435 
Car -1 -1 0 266.8343970430228 176.58993767376575 440.600233857887 243.9976334929466 1.7439587 1.7025105 4.156073 -6.8752174 1.8508502 19.707869 -0.041419063 48.12408600233614 
Car -1 -1 0 424.6873878486634 187.18343925167244 514.802722186999 221.52492366715262 1.5215878 1.6226821 3.847651 -6.4716945 2.2074146 33.629166 0.049021177 10.193565777775959 
Car -1 -1 0 608.7686007232952 183.97373037587357 648.0922334060798 207.0382552446481 1.5281942 1.5772171 3.7073417 1.3134787 2.356841 51.757946 1.2239196 2.372032722944825 
Car -1 -1 0 808.2696971555056 190.21698572917654 1009.8323149796385 264.3801587381117 1.4971632 1.5901762 3.805227 6.5262675 1.9033197 15.94146 -0.07576459 4.818654548182469 
Car -1 -1 0 720.1814574071033 183.29603134829375 855.176972272095 235.93730912507775 1.6269839 1.6709136 3.9759047 5.771162 1.9831067 23.64518 -0.06493437 8.975355905986547 
Car -1 -1 0 537.1821192817199 185.28054563724012 564.3356900795721 200.43381643309294 1.537116 1.6098537 3.8032267 -6.4324493 2.9267209 78.62733 1.0945531 0.27881404757499695 

