Car -1 -1 0 707.6839087019002 177.07463416861106 824.432023309499 263.71363761998356 1.4910713 1.6261613 3.9197052 3.0052166 1.5880593 14.595863 1.6025932 114.2856826599488 
Car -1 -1 0 320.2715319880352 182.85334016196106 435.0588837415632 253.19974022448764 1.6048725 1.648314 4.1535788 -5.989376 1.8991845 19.146294 1.5882246 68.60003980699378 
Car -1 -1 0 869.0722428318227 152.60657113141332 1102.5228454073463 222.50627364732287 1.531056 1.711279 4.5148716 8.567314 1.0875641 16.687107 -0.012070081 118.08289761808581 
Car -1 -1 0 484.08576809910096 179.17395199027214 525.2562285708965 207.46000946421233 1.4803904 1.5968641 3.8405342 -5.8468404 1.8530405 40.590424 1.616015 12.212559461545489 
Car -1 -1 0 436.1373329891372 180.80567450683304 492.5539002767417 220.42108948295595 1.5049384 1.6728691 4.0346828 -6.0127664 1.8610724 30.273031 1.5392584 19.985908187175852 
Car -1 -1 0 502.3139152025973 177.77231898385335 540.623108329954 203.38462832639604 1.5560235 1.6116273 3.9252589 -5.6465425 1.8879361 46.655525 1.6778067 1.6313611311265848 
Car -1 -1 0 725.8499592401772 164.75075787577157 760.6344666283958 193.12560238272727 1.6331465 1.6728897 4.237616 8.0461855 1.166755 43.712418 1.6578243 2.8460694161286506 
Car -1 -1 0 467.95575222616463 179.71797560495872 521.8989121666615 212.49433409208092 1.4917115 1.5832142 3.9980073 -5.616355 1.8520412 35.794384 1.6980858 2.4620923221408564 
Car -1 -1 0 4.360644039557893 186.20735921135258 142.61126911953042 240.450055571834 1.4848104 1.586504 3.8657079 -16.663082 1.9409034 22.681162 1.5301977 0.27181199193000793 

