Car -1 -1 0 680.5363805261757 187.95645019281807 781.6442284031248 263.2097887162328 1.4749322 1.6437075 4.2192864 2.7348523 1.8774195 17.110743 1.5597708 79.95582599710184 
Car -1 -1 0 339.62675591920004 198.53366342671566 499.16601571162846 317.3472004439617 1.4633203 1.5858707 3.6340458 -2.8272727 1.9369493 11.490079 1.5698453 90.0220243607405 
Car -1 -1 0 417.3776940466265 192.23790682388767 522.2313368021026 268.43395778842876 1.4722581 1.6610836 4.1673117 -3.159068 1.9874494 17.090302 1.5747817 52.70504321238473 
Car -1 -1 0 514.4780206399188 188.43470833671168 562.1261132264859 229.99287332790587 1.5199252 1.6045988 4.0187073 -2.8877592 2.2093966 29.914505 1.5640686 33.1175824319567 
Car -1 -1 0 649.8676211314174 186.6658596600206 708.751562687134 231.75497921453345 1.521905 1.5913014 3.8664398 2.5883467 2.0875998 27.562641 1.4925209 32.31223289568958 
Car -1 -1 0 666.1878721399993 187.8109047016303 737.7599611701095 242.54646022064352 1.4678545 1.5948422 4.059213 2.7856936 1.9773593 22.525509 1.5394856 29.53380765337607 
Car -1 -1 0 629.6174597424666 183.42043803484611 656.7648625697946 207.4747469993058 1.5662502 1.5686009 3.7691455 2.3229363 2.335067 50.582443 1.5273598 12.27105832797794 
Car -1 -1 0 642.9047332143807 177.33179146916294 692.710106930514 222.95420299589168 1.8776181 1.5879616 3.7961543 2.523784 2.0886314 32.04116 1.4821522 4.944905911060842 
Car -1 -1 0 472.6342030255207 188.08652895684253 515.600219668314 219.45430726653603 1.4824415 1.6427876 3.8736527 -6.0092664 2.3238845 37.91981 1.5695484 9.036979164670534 
Car -1 -1 0 547.2541503736903 186.4748598881473 580.091280544691 216.40968969268621 1.525927 1.5915371 3.8358133 -2.528554 2.3256693 40.445744 1.5721905 3.6471568250614514 

