Car -1 -1 0 463.46856577710076 179.59175396357148 517.8902082395728 216.86196041257648 1.4238784 1.5831654 3.659564 -4.680561 1.2090201 29.302788 1.5832117 61.48253034146153 
Car -1 -1 0 384.5071058949233 181.8009343722145 478.14130573425746 239.32382452922013 1.436713 1.6370898 3.9609292 -4.7484794 1.3514246 19.936996 1.5682005 78.2062827362813 
Car -1 -1 0 173.34676837650852 191.77440940564566 401.6210575337607 314.5066361010156 1.3905904 1.5724465 3.5723786 -4.228519 1.4995422 10.139454 1.5914125 95.00373397751521 
Car -1 -1 0 333.2403773012415 181.91212613208683 412.78156950340144 222.29453537133583 1.4095956 1.6472822 4.087542 -8.729268 1.2942805 27.141907 1.577677 27.509348149207362 
Car -1 -1 0 575.1692348852725 175.93197971638227 608.8959842726455 207.12999124953097 1.5236869 1.6478294 3.8661408 -0.78988916 1.0702772 37.06192 1.5451728 20.298067738507264 
Car -1 -1 0 200.80781448428235 178.0743372075851 335.525867536244 242.5879312211038 1.473789 1.6266962 3.7652888 -8.460904 1.3106472 18.312574 1.580662 13.9854444898427 
Car -1 -1 0 249.0067754394481 173.62713253048952 333.23952728617155 217.2068391362928 1.5948699 1.6119869 3.825356 -12.297695 1.1707675 28.223785 1.575047 2.2792265454811127 
Car -1 -1 0 473.2522020954826 164.55041305723336 519.6984866886213 182.82040554090094 1.5614624 1.6370915 3.8100743 -9.601641 -0.21118283 62.520584 -0.020758597 2.1061286781971162 
Car -1 -1 0 454.11438875037487 172.93547632288028 484.7908704881053 199.7764269819636 1.738174 1.6106516 3.8443801 -9.256615 0.94292784 48.52986 1.4945062 0.887541474649187 
Car -1 -1 0 68.38271095941074 182.74746241978963 180.36255306901393 233.15135663484443 1.5529172 1.6294603 3.9445505 -16.108328 1.4768722 24.22398 1.4117695 0.2540723979473114 

