Car -1 -1 0 707.869795302943 178.6264419013215 841.2797688100918 270.7005974175871 1.4352859 1.5559983 3.5928082 2.875267 1.5561332 13.290371 1.5459533 51.03947287074773 
Car -1 -1 0 678.9241542699551 173.14748445868844 766.2121608316768 237.20060293830252 1.4970211 1.6210055 3.8282678 2.8306527 1.5054544 18.807468 1.5554371 68.582119603178 
Car -1 -1 0 749.9054180656736 147.4637071051346 1084.6313788074533 375.0 1.8107743 1.7195268 4.386898 2.8496428 1.6116028 7.8672485 1.554436 104.43483231013188 
Car -1 -1 0 654.3068355731281 169.94396920829476 698.0724293077465 207.24297187400413 1.4950181 1.5969944 3.901743 2.79273 1.3783782 30.88876 1.5929677 42.34558435535952 
Car -1 -1 0 320.84525923250203 169.21363808898505 468.5907105431858 223.50759447113137 1.553354 1.6533716 3.9029913 -6.3251567 1.4492029 21.512363 0.021845736 33.25016761864733 
Car -1 -1 0 0.0 178.52018749437565 294.74224674659825 298.2102974018031 1.5127705 1.6105005 3.7484102 -6.60013 1.5980104 10.026258 -0.012319362 36.70953003627397 
Car -1 -1 0 83.30575811652913 172.61573301185982 359.89538362444955 273.48851594765887 1.5861983 1.6667289 3.781724 -6.403524 1.5824516 12.221597 -0.022451404 33.83016741898899 
Car -1 -1 0 171.832258227645 164.60740098719185 416.7594475343435 254.19945715157772 1.6862715 1.6955334 4.176482 -6.177052 1.5310568 14.490954 -0.030189667 44.329495846850214 
Car -1 -1 0 386.69025614417035 172.18135575901525 501.6996360568235 209.98074618770292 1.4821434 1.6368349 4.257726 -6.6246195 1.4557683 29.16927 0.027771605 20.154408148916247 
Car -1 -1 0 641.2007253540094 167.74242994330913 670.9360539202931 196.23883038635137 1.5665853 1.5967857 3.5629528 2.7110186 1.2855773 41.516 1.6664282 8.737235004270957 
Car -1 -1 0 279.0196789597732 170.32233053225534 449.68177403978177 230.88679074954769 1.5152026 1.6248724 3.9115565 -6.323955 1.4518652 18.884165 0.01039511 2.830075869159228 
Car -1 -1 0 433.24687025419144 163.91512300026017 518.9173975707557 199.63700240987163 1.6423845 1.651326 3.7550015 -6.2451477 1.2314017 34.03598 -0.019356016 4.695577305370151 
Car -1 -1 0 696.0912156654861 161.52866390413854 747.7010380379984 178.95015132873934 1.4697585 1.6454266 4.3236017 9.6229315 0.51429963 61.97859 0.13504514 1.237180496160525 

