Car -1 -1 0 668.5539514741794 187.28801970374946 746.591420495282 242.5168328101613 1.443706 1.5533986 3.3297844 2.8365707 1.9087307 21.507898 1.4641922 87.09517491876503 
Car -1 -1 0 638.9242862608481 184.09784316373316 689.2352621347034 222.2629061208577 1.4731953 1.6039635 4.0722933 2.2860105 1.9913602 31.166103 1.5034753 38.47015712084834 
Car -1 -1 0 234.6501957701902 191.92314977295018 430.5305071151299 257.3848864041547 1.4541698 1.6311772 4.079196 -6.544075 1.9340563 17.333313 0.00443098 67.17086896105937 
Car -1 -1 0 68.29562727957335 189.87361486614043 344.9286744142574 285.3988076114493 1.5126334 1.6272067 3.9034777 -6.8599796 1.8292294 12.574661 -0.017308183 41.789296368684276 
Car -1 -1 0 0.0 193.05668648449915 288.2721251792921 310.8551521911108 1.4846828 1.6162766 3.9417937 -6.869256 1.7929351 10.19178 -0.0047217906 51.21675717816757 
Car -1 -1 0 346.0437645199327 188.75025418162033 476.14637281386325 236.18441172822105 1.4899461 1.6265132 3.9157321 -6.655199 2.0499496 24.387173 0.114507124 20.379445859429396 
Car -1 -1 0 433.3231532024675 188.15804607456144 523.9401437801077 220.55715747398955 1.4908768 1.6436799 4.0617023 -6.2888155 2.2502842 34.920265 0.030514657 14.29130749407771 
Car -1 -1 0 286.5985939290482 189.27061383160802 447.3334076149418 249.51164568377385 1.5392206 1.6117696 3.8496 -6.5500894 2.0074286 19.736698 0.018753203 3.913966643751748 
Car -1 -1 0 311.1673713198218 188.6139668509915 453.72574108299324 240.16961648626202 1.4682689 1.5866745 3.8457537 -6.885497 1.9711018 22.07444 0.08122573 11.45650784035682 
Car -1 -1 0 380.67868411026916 185.87293983685842 484.75154001304713 226.39468677339326 1.5284121 1.5737681 3.9737062 -7.0654902 2.0742564 29.102734 -0.19065821 2.705296754837036 
Car -1 -1 0 506.964635237091 182.16718037381963 542.6473891047797 208.7567985152538 1.5803523 1.5502162 3.4989407 -5.358925 2.1971931 45.973324 1.6679037 4.911722912550355 

