Car -1 -1 0 737.7880268619581 182.9388646106686 927.7839788979464 316.2092063291081 1.5416304 1.6098855 3.6714814 2.995565 1.713559 10.462813 1.5678549 129.67384602176952 
Car -1 -1 0 695.4577044058746 182.71310369144783 807.8216386850262 260.96908645256514 1.51386 1.6163416 4.1653457 3.10983 1.7695961 16.60326 1.5315559 80.23381677965723 
Car -1 -1 0 5.36400825420442 183.4961944336167 341.5082413804897 375.0 1.7200316 1.5978854 3.6116805 -4.396122 1.8645878 7.976263 1.5466454 142.40536239868973 
Car -1 -1 0 287.1306083467206 184.18855902435172 448.9298234057011 295.52746275893634 1.7021159 1.6643286 3.9700418 -4.2717724 1.9442532 13.424847 1.575832 114.71060748232316 
Car -1 -1 0 645.4204499827272 179.99276858935042 692.4467935479166 222.61605577564166 1.7100928 1.6215265 3.990581 2.5396533 2.0431328 31.643173 1.541422 6.888886122892052 
Car -1 -1 0 580.7843083859404 186.53307030258833 606.4420887079598 204.25249069007427 1.4625773 1.6286235 3.7373626 -1.4579818 2.7258573 64.6376 1.3608413 2.633888673998924 
Car -1 -1 0 630.3389718996411 183.80149794458794 660.8437070138667 209.88668341165928 1.5363371 1.608043 3.7098618 2.2570271 2.2623987 45.96705 1.5290085 5.572253856976465 
Car -1 -1 0 604.5587079516504 183.05099734750289 637.6089110643305 205.41489262655796 1.5189507 1.57351 3.4663801 0.80569565 2.2885456 52.58489 1.3279234 0.3972332179546356 
Car -1 -1 0 508.3705020962256 187.1536974505827 533.4894562369602 211.8438120447241 1.5073038 1.607825 3.9424188 -5.9603214 2.5089908 48.487137 1.4454513 0.5127855561167423 

