Car -1 -1 0 768.0055425109235 173.52589955183876 1021.8904650581276 342.7760014318439 1.5672102 1.6406615 3.9673285 3.0918102 1.5772026 8.713944 1.6132442 109.29177030344431 
Car -1 -1 0 181.65718507475844 187.76406877403628 379.34111980229136 295.3019806989819 1.594163 1.6655455 4.156076 -5.8223634 1.9141729 13.3828 1.6024238 101.82739432424802 
Car -1 -1 0 443.84400129972715 182.1053031280965 500.7894866734474 222.57731971533926 1.5232925 1.5970838 3.807716 -5.621127 1.931774 29.945412 1.5828369 33.45294408164951 
Car -1 -1 0 469.771788120159 182.72678372943363 515.1729122312535 215.6581228079503 1.4491392 1.5762653 3.685672 -5.5733852 1.9492148 34.702347 1.5734843 19.827877948039422 
Car -1 -1 0 397.8809640468 184.8296062455154 484.13794952081463 234.87581997045444 1.4859706 1.6332444 4.0781083 -5.6164536 1.9283074 24.542128 1.6684325 35.806285041987614 
Car -1 -1 0 969.7764798132362 156.02574953025223 1046.4519357217632 181.93559329519684 1.5358204 1.6069506 3.748228 24.034828 0.53831625 43.58812 -0.008068786 3.9231826931416673 
Car -1 -1 0 1032.107669765153 150.35201605290916 1127.5055969375148 182.76710837009776 1.5469096 1.5973709 3.78792 23.070173 0.4730721 35.455524 -0.121517174 11.841285765770738 
Car -1 -1 0 493.61728562426947 178.67938887074337 531.7899227646622 208.1728839686434 1.5445089 1.5988636 4.134198 -5.404601 1.8895504 40.66962 1.5702326 6.160512915860346 
Car -1 -1 0 982.9732273094554 153.99773124234488 1064.2897406849518 180.9662456778746 1.5003884 1.5986874 3.8133361 23.580181 0.4513231 41.14685 -0.110225625 1.206359009462402 
Car -1 -1 0 711.5305479390255 172.1635147911612 745.2374656712623 196.3784595245156 1.4444789 1.6245229 4.053282 7.3797836 1.4032896 45.104836 1.6189637 1.446759445570069 
Car -1 -1 0 767.2686763204624 162.20735756165686 847.9535599215724 193.54951549159614 1.5383782 1.619816 3.8742394 10.04701 1.0158051 36.70858 0.2674779 2.5287508080066883 
Car -1 -1 0 516.6502751987908 179.95819315195612 541.8227805864393 203.90681733262034 1.4895736 1.6007063 3.9299443 -5.3216677 1.983314 48.115368 1.4767776 1.9418530288213136 

