Car -1 -1 0 665.6563000728295 176.6563025579232 743.6054284342308 244.11843341941875 1.7188027 1.6887643 4.1895933 2.61627 1.839007 20.714985 1.5715309 78.96204376618466 
Car -1 -1 0 733.0938829353203 189.6185130970382 942.4259809900617 331.0281138840569 1.4475366 1.5993646 3.6632607 2.793218 1.7149553 9.666326 1.5559902 98.00290344518315 
Car -1 -1 0 269.23030864118283 186.09515955580804 440.536817484796 249.19268382443963 1.4787337 1.5897627 3.7242565 -6.2811527 1.8249682 18.05813 0.0075409333 32.455018646210526 
Car -1 -1 0 654.0919679770597 181.87375301117487 710.3485494676262 228.06246922556153 1.5261796 1.6334927 4.1135426 2.6100035 1.8858901 26.711243 1.561945 17.76704182670751 
Car -1 -1 0 314.6828032600635 182.9528363189973 464.3191715347978 240.8493540518246 1.5648208 1.6591461 3.8020225 -6.219818 1.8668442 20.694508 -0.029003106 35.44548688208739 
Car -1 -1 0 639.1374900560004 178.93252267981657 680.5196478861814 214.1840165341571 1.6251957 1.6018254 3.714498 2.4434786 1.9429291 35.817726 1.5162582 22.322815999448533 
Car -1 -1 0 109.00864735924559 169.0181280181728 381.0707334059505 275.55473426355485 1.7898359 1.7050636 4.03729 -6.402217 1.7253925 12.986384 0.0058910367 90.70808917677397 
Car -1 -1 0 385.5629039312906 181.17525326023107 490.74962251092006 220.72750480611873 1.5746868 1.6685066 3.9950047 -7.058424 1.9307075 29.9849 -0.025922792 15.377514339084287 
Car -1 -1 0 213.13973874194158 181.94946088130874 415.11802776058715 257.6553774239087 1.5140984 1.5888203 3.684041 -6.237564 1.720039 15.486108 0.030960243 3.8837046495977225 
Car -1 -1 0 510.5582466005697 181.4251646436469 541.4508227252227 206.46364770929603 1.4798065 1.6044858 3.8547468 -5.2760434 2.04841 45.920906 1.547837 2.4271988157885307 
Car -1 -1 0 422.26919076932853 183.46964610446292 510.7332956382283 217.27892014274767 1.530029 1.6091449 3.8294063 -6.7137737 2.0444913 34.08686 0.040147882 1.835089666243283 
Car -1 -1 0 471.54238761655495 181.19950283003558 541.5585153362858 206.67752579391288 1.531035 1.6679875 4.0909505 -6.356586 2.059218 44.79696 0.017100308 0.2570760084825822 

