Car -1 -1 0 501.01751350547033 175.51470111955325 634.9892884451064 271.8426266684593 1.4681959 1.602515 3.7173045 -0.5964561 1.5236865 13.077225 1.7482923 137.73568586266447 
Car -1 -1 0 93.21515682881079 174.75419961932045 516.505044301986 375.0 1.5741935 1.5892627 3.7156243 -2.132003 1.5957619 6.220432 1.7495005 119.517920999158 
Car -1 -1 0 801.4010679328034 176.92189422496295 871.3757797184827 243.48757651975708 1.6424272 1.636411 2.9677215 6.0948668 1.7623833 19.640116 1.8134253 51.729785256052246 
Car -1 -1 0 655.6000517506203 168.2134095151613 703.726201651779 207.92750125064643 1.6671141 1.6581168 3.9836345 3.2080128 1.4723117 32.415054 1.795348 36.986046844078245 
Car -1 -1 0 781.2139407113245 179.79902772078538 839.2447205018699 228.87408283656862 1.477047 1.5858957 3.5566254 6.6399603 1.727737 24.14905 1.7602541 9.55429998027924 
Car -1 -1 0 494.64026946967806 166.80845271392764 615.2145076500314 209.6219533894122 1.5337334 1.6495538 4.2249503 -2.0119522 1.31716 27.043324 0.18290508 11.614588276546108 
Car -1 -1 0 771.1983953208513 171.28165247674337 800.9968726578386 190.97931281247054 1.4552073 1.6183491 4.1147823 13.615817 1.3390465 55.515587 1.9638755 1.7591659172896754 
Car -1 -1 0 717.7369669893459 164.20694661451833 735.2492768294712 182.1078022220181 1.7998586 1.6351129 3.9186766 12.11608 0.93043196 74.63041 1.7708129 3.931801877408279 
Car -1 -1 0 679.4224545988575 171.18107129433486 716.0219514082215 199.9482128103204 1.5176632 1.5943664 3.8290484 4.9438953 1.4294046 40.11377 1.8064191 0.25431182980537415 

