Car -1 -1 0 794.8285812667066 166.18420683466158 833.5595515489388 187.15010993385417 1.5683502 1.6296734 4.028954 15.840901 1.0694174 56.039642 1.5028411 12.716563779645162 
Car -1 -1 0 724.043589985089 169.56849773456997 795.6304852035584 194.98666675695932 1.492511 1.6235904 3.9166949 8.982733 1.2995918 43.294556 -0.059654202 46.58675773015758 
Car -1 -1 0 1070.453312820812 162.87149109878857 1127.8224885259017 183.4224491059495 1.5505798 1.6438531 3.692162 38.19225 0.79739434 56.38738 1.4229714 17.887959514370294 
Car -1 -1 0 825.2448028312245 165.54727781988143 863.774815031511 184.54603887391278 1.4479485 1.6239371 3.9280305 18.50481 0.8910825 56.986755 1.5288213 9.147564653010107 
Car -1 -1 0 867.1108088014736 166.4946495976509 911.3028772501384 185.93872621513083 1.4629642 1.637845 4.049345 21.78674 0.984489 56.36818 1.4963354 4.212696904507877 
Car -1 -1 0 1005.4002759416487 165.70758511219563 1051.45681460867 186.49250065535153 1.520623 1.6235459 4.047349 31.805643 0.99779147 54.90428 1.7098017 1.3019673398213143 
Car -1 -1 0 239.94130759127572 173.9441369364349 324.41239963233926 204.56143654930833 1.5096496 1.6112988 3.7767239 -16.956043 1.568784 37.419647 -0.59015465 2.196791602113683 
Car -1 -1 0 346.18309941060323 165.7512795313727 376.1123193683524 188.1743568345501 1.9689524 1.6276399 3.915135 -22.46438 1.3452679 65.371475 1.4946156 0.3683312237262726 
Car -1 -1 0 199.32658857160015 173.38144374269342 248.33438059531954 196.8539151343231 1.7519 1.6800609 4.177861 -29.898762 1.7944269 56.06243 1.5391653 0.5584905028278807 

