Car -1 -1 0 682.6237245138655 184.07210539459132 779.8601792769485 253.94822017243536 1.3757077 1.6014063 3.94773 2.7024698 1.667809 16.813524 1.5711572 78.44501172818501 
Car -1 -1 0 663.2285294791627 178.605579009486 721.9955263161471 221.95472505450348 1.4046865 1.5867027 3.9896488 2.9030678 1.6273243 25.921822 1.5535579 46.91689992296123 
Car -1 -1 0 551.7861935362035 176.14411832433424 588.385590820032 204.28394740482398 1.5068445 1.5645263 3.7450886 -2.1986635 1.7027193 41.022816 1.6578407 13.616816211509803 
Car -1 -1 0 19.04944235242475 176.41789887991453 366.978176132703 293.76187603373796 1.5707057 1.6646249 4.192461 -5.9503603 1.6276621 10.622301 0.036841564 138.25801726327117 
Car -1 -1 0 261.49284803107656 172.54735627765388 453.32095244039164 237.48444804217655 1.5260179 1.6611171 4.179166 -6.167831 1.5188117 17.915157 0.062309124 69.14861366936255 
Car -1 -1 0 642.2959474142692 172.88803740396045 674.6777700564488 199.77796084111333 1.5865135 1.593425 3.6775866 2.973505 1.5886983 44.44706 1.5277408 29.231303602691373 
Car -1 -1 0 388.49898314984284 177.82090977656264 507.00898149171024 221.61921813022562 1.4940003 1.5829167 3.8648407 -5.808587 1.6813006 26.042864 0.2037375 6.7160093544109865 
Car -1 -1 0 414.65635137772307 172.9097720489563 519.0426244113204 208.3029715468895 1.5318596 1.7053621 4.4228563 -6.308117 1.5344348 32.27507 -0.08754885 8.96583932346496 
Car -1 -1 0 492.43182906722575 175.67492084740243 552.5618478941832 198.58143219072838 1.4825873 1.6082479 3.9001703 -5.752673 1.6737809 47.92285 -0.09253933 7.245457119675481 
Car -1 -1 0 351.2764947684706 177.83059304382547 496.014643634003 226.26102673021995 1.4819417 1.6195025 4.2073507 -5.863452 1.6466992 23.067387 0.0049754693 8.943019466595532 
Car -1 -1 0 283.02990663325573 173.61148269597422 436.5309345967643 230.48959891002485 1.5387383 1.6117033 3.8028033 -7.043288 1.5613341 20.535013 0.09839105 0.3622869849205017 

