Car -1 -1 0 299.97151068340855 185.69037686854793 444.5544384526624 274.18802364507934 1.494096 1.6019493 3.8344862 -4.637492 1.7896817 14.67911 1.5947511 104.98836813585137 
Car -1 -1 0 46.62244965836693 192.04222515676315 352.09904211289097 354.70084848555354 1.4968679 1.6044403 3.8491733 -4.727153 1.7883658 9.028589 1.5809772 113.41095318162087 
Car -1 -1 0 727.235761593434 180.5705693803737 862.1598209816306 263.3977012535309 1.4268805 1.6380804 4.278289 3.646121 1.6101556 14.984193 1.5535488 93.40090187789103 
Car -1 -1 0 798.8858367624982 182.9169684317349 1025.4430983434886 319.51979702981885 1.4415259 1.5981514 3.5637589 3.7757015 1.6015197 9.675383 1.5895343 120.09389344259957 
Car -1 -1 0 387.96703061579075 184.13510912632393 489.4909991078711 243.98922470891955 1.4183639 1.6754528 4.3135333 -4.610576 1.7668618 20.105738 1.6049715 83.19132536544096 
Car -1 -1 0 503.1687284796118 177.0319968158092 547.6848223303816 210.0939686925345 1.5487313 1.5327173 3.3608072 -4.146751 1.7672178 35.9865 1.6666237 41.712390014388966 
Car -1 -1 0 707.6811139242499 177.8442971911624 790.1416287874474 238.92322322612424 1.5110791 1.6014695 3.73769 3.761963 1.6626167 20.033947 1.5806137 34.555534870086376 
Car -1 -1 0 698.209293901265 176.2392692168618 756.4766438307786 223.1383105634909 1.5208043 1.6076248 3.699446 4.0950046 1.6495156 25.551395 1.6133268 29.613825855124883 
Car -1 -1 0 681.2673087702055 176.13336834776158 734.7316298882291 214.06386605823405 1.5161909 1.5897158 3.8965375 4.1823416 1.6668994 31.172478 1.5187689 18.37085056026468 
Car -1 -1 0 521.1172704208553 177.07296702250258 565.3296642818059 205.66315579521927 1.5020928 1.5912017 3.9215891 -3.674242 1.7513506 40.57217 1.7184943 2.6686651151750493 
Car -1 -1 0 577.0102242903855 174.15961684521267 619.7826568449412 189.43809908061513 1.5584648 1.674694 4.255538 -1.1407163 1.6958679 74.859184 0.11485606 1.4463927529415581 

