Car -1 -1 0 333.3590980571546 191.083967821945 438.93149993704424 255.73615381832886 1.4659454 1.6006302 3.7650247 -5.8479795 2.0022068 19.327744 1.5897721 75.47927574317602 
Car -1 -1 0 395.57688764459414 188.54273565184218 470.8288642274493 238.81662764068466 1.4745235 1.5865123 3.66651 -5.8085814 2.0397713 24.154211 1.5819654 51.357229412373385 
Car -1 -1 0 208.65282515750013 194.03200400133994 389.69493056116005 293.5371458255221 1.5289028 1.6417665 4.005334 -5.7725 1.9993863 13.991667 1.6160882 81.81896336204743 
Car -1 -1 0 441.72676921052374 186.15446507119304 499.8014223679485 225.4315993628689 1.4606146 1.5977616 3.8575044 -5.712759 2.0513098 30.097698 1.5942724 23.319504831391995 
Car -1 -1 0 802.9411935839872 156.67261886946883 938.932209838864 201.27908735523863 1.555509 1.6808183 4.3004827 9.348806 0.99123454 26.034801 0.015419824 58.07643970758972 
Car -1 -1 0 652.8927492771755 175.4791726339579 706.2782081889404 212.54593681652022 1.5249372 1.5759245 3.8661976 3.0360386 1.6486073 31.980162 1.45527 18.506841929956835 
Car -1 -1 0 479.3828734679259 184.10016579177562 526.1435925870509 215.57495596353533 1.4945458 1.5823709 3.8471775 -5.51406 2.1124158 37.659706 1.6528296 15.569445722240967 
Car -1 -1 0 1101.2180295036694 140.516020501973 1222.1087904017372 177.10158970534445 1.5131683 1.6011846 3.8910494 23.403898 0.1756789 30.677681 0.017800024 8.675307376104476 
Car -1 -1 0 769.4190447591423 162.63644298011818 874.2369954926461 199.61934230459937 1.5389225 1.6636908 4.054265 9.16889 1.1137521 31.262579 -0.21110442 9.170567517675911 
Car -1 -1 0 799.559952040677 157.77999435224024 916.3967220659857 199.6702054763 1.6000357 1.6496658 4.0611854 9.795149 1.0242698 28.593021 -0.10505414 9.376337157113438 
Car -1 -1 0 654.3280319303781 174.78982267288163 692.3846866962153 206.35006653910577 1.5448834 1.5802416 3.8743165 3.2655535 1.6507401 37.50727 1.5558841 3.840405135606486 
Car -1 -1 0 740.6361698725544 166.98605024508169 792.8881913531596 198.7014107599437 1.4338055 1.6185789 3.8134847 7.4563503 1.1685238 34.53837 1.5557613 4.98364806274037 
Car -1 -1 0 1129.0695354276743 137.26424289125305 1242.0 177.982362016143 1.5414402 1.62923 3.9538271 22.831787 0.19414103 28.167194 -0.019187272 3.2234224994902974 
Car -1 -1 0 966.1668013577497 149.47237245635435 1053.3075073940804 181.54450780045033 1.5804932 1.5789689 3.5657322 20.184416 0.42826217 36.465908 -0.0681242 5.864535445310933 
Car -1 -1 0 639.036984853238 176.60664083122515 670.3030618164054 200.7390390226103 1.5029911 1.6120498 3.992069 2.9341087 1.7611747 47.606697 1.5183883 1.1545710163165308 
Car -1 -1 0 292.0146693177495 170.89492488424406 373.64909178822285 196.8724755936376 1.4639885 1.5864435 4.0984864 -15.899265 1.3535829 41.55743 0.049932566 0.2716333866119385 

