Car -1 -1 0 626.8040948580832 180.48738713898817 733.0769119670433 255.57910406788474 1.4736485 1.5735056 3.4530547 1.479605 1.6660961 16.361393 1.4114044 101.63685198662647 
Car -1 -1 0 554.727079512483 176.99118620210024 648.609551805906 212.86832863201158 1.4638706 1.6005424 3.9386 -0.31120104 1.6559864 31.683163 -0.6440881 77.97518591656926 
Car -1 -1 0 778.8510967005167 168.79538389292253 869.0347817563473 206.38586328114982 1.4981772 1.6455597 4.2167244 9.181881 1.3364199 30.748104 -0.703254 59.26919650310128 
Car -1 -1 0 852.1590617327463 169.07451889569762 925.5480421311236 202.25493998814116 1.4694284 1.5652289 3.5765054 13.055107 1.3020501 33.665115 -0.65617836 53.15459324123611 
Car -1 -1 0 704.0138503282889 171.6611511296898 799.9602618725528 212.43927087757086 1.4645913 1.5714902 3.7495718 5.505797 1.4217486 27.702507 -0.6777795 50.2730853418205 
Car -1 -1 0 901.3492350045465 164.56485746843282 972.4571532594086 198.40560474428776 1.6084955 1.6672239 4.031386 16.46783 1.2145014 36.22781 -0.6960744 22.541909741810912 
Car -1 -1 0 260.46375562468563 179.8190043764731 313.61970704821124 211.58083391399455 1.4675407 1.5927374 3.9088862 -16.251884 1.8373305 36.270226 0.9211767 11.207772267868126 
Car -1 -1 0 1050.377778269288 162.7662000188783 1093.5034166632213 193.02024462585956 1.5281696 1.5615726 3.5767856 24.546041 1.018622 38.39454 2.0344353 0.8115439636704336 
Car -1 -1 0 1003.1330159387492 159.65871338919848 1118.6250615777299 200.01143727488218 1.515668 1.628915 3.8083587 17.852028 1.0200465 28.738247 0.5072737 3.1813832302834064 
Car -1 -1 0 661.9281980593186 172.83528333673183 742.2356061040477 205.13655257809458 1.5101671 1.628973 3.891037 4.5877438 1.5092919 35.55323 -0.6440562 1.326901957811236 
Car -1 -1 0 987.8749958406329 164.08594103888828 1020.0086047994417 189.86773232586506 1.458639 1.5743821 3.9173043 23.414864 0.96257424 42.92402 2.0445726 0.25752782821655273 

