Car -1 -1 0 342.80090495501577 187.0417327624873 459.7982925894138 251.8184789953016 1.4067327 1.6629306 4.3268127 -4.9507337 1.4577011 17.898998 1.5736415 90.8399579534877 
Car -1 -1 0 228.17771393048076 188.72352068514897 341.7089651713699 244.96174480560884 1.3953193 1.5598602 3.469831 -8.73471 1.5003691 19.790005 1.5744783 71.73390471133021 
Car -1 -1 0 32.72530360992829 191.20300422130117 259.7525077734137 289.2052532911551 1.4289056 1.6290245 3.7691035 -7.789282 1.5498251 12.615791 1.5485486 117.73378366018291 
Car -1 -1 0 0.0 183.16936374699725 146.18772324814825 257.5800922910224 1.5308518 1.6045885 3.9649024 -12.731217 1.4887526 16.834969 1.4817488 31.561951932064737 
Car -1 -1 0 259.4769061378092 180.62672913079655 344.69889152175165 224.65750401971 1.5617992 1.6431206 4.10725 -11.581841 1.3990256 27.578428 1.537077 11.735528292477293 
Car -1 -1 0 347.16821161526366 181.1171799324368 397.18939139608426 208.22651298451893 1.4681172 1.6199622 4.091761 -13.331583 1.2461603 40.998512 1.5417186 6.360088114877962 
Car -1 -1 0 372.45924045789576 180.92861301576195 435.0251313196309 222.03610452681477 1.5860275 1.6160626 3.609385 -8.285727 1.4206213 29.556099 1.5502965 5.285020407731309 
Car -1 -1 0 420.3832801672109 182.56787783608075 466.3801518660546 214.19501152467464 1.4927194 1.6047785 4.0066004 -8.132351 1.3677491 35.974712 1.5126326 4.6485338077082865 
Car -1 -1 0 572.6382908652935 180.71297167777632 603.2036187310925 206.83989645707774 1.4006555 1.6315502 3.692871 -1.0434206 1.1592659 40.387024 1.5671492 9.041036448873838 
Car -1 -1 0 575.8871684739607 178.1057199423022 597.5288908585792 196.5043265411395 1.4551971 1.5856146 3.7477202 -1.7023859 0.8928491 58.786255 1.4928133 1.6701483854962433 

