Car -1 -1 0 741.6826221851427 167.690430894999 1008.0699405594929 359.77523432160933 1.7083433 1.6842492 4.1561756 2.743132 1.66242 8.51138 1.5904613 106.0830048128663 
Car -1 -1 0 690.5351198587116 183.97923412219865 819.3264220565376 274.01992788998234 1.4840721 1.6460146 4.283908 2.7497427 1.742322 14.587837 1.5466347 76.17856398163023 
Car -1 -1 0 660.8260564058697 173.44943924636866 727.0487610978311 229.06308888159498 1.6762251 1.6215276 3.585857 2.6800158 1.6972113 23.608622 1.5332844 86.36126147627101 
Car -1 -1 0 638.8770159721763 176.72591456945682 678.3332554327523 207.0987408476142 1.4771242 1.5542655 3.5445962 2.4941568 1.6875085 37.380676 1.4969282 23.871777390764297 
Car -1 -1 0 0.0 187.53658186579366 289.0010880239062 333.55546929425617 1.524179 1.657948 4.0380387 -6.2283735 1.7189491 8.644716 -0.048944507 82.84188192889289 
Car -1 -1 0 331.51548017456946 182.4850799146789 478.8473760542156 234.7701760573952 1.5019753 1.6247725 4.023117 -6.190339 1.8099191 22.081127 0.08969457 21.41991908805941 
Car -1 -1 0 6.740887230917391 187.86004469455608 329.1800179098466 295.3518458686427 1.4819398 1.594362 3.9452362 -6.5867724 1.73107 11.087665 -0.04820215 17.17750641576193 
Car -1 -1 0 417.49907257212664 181.00710811756508 518.8087336210057 214.53623336787754 1.4594941 1.6276052 4.264761 -6.3366823 1.8374467 32.62763 -0.0031982022 13.359816338065524 
Car -1 -1 0 359.09886991665303 170.564531891463 480.66223192860906 217.08009853189458 1.6902854 1.7144319 4.1352353 -7.0543222 1.6070905 27.124798 -0.02347712 16.41996524585666 
Car -1 -1 0 273.8372624437146 181.64989658283866 437.5002029730277 247.97024220903236 1.5493054 1.5941994 3.502006 -6.241394 1.7790512 17.967602 0.04713639 10.295657963800476 
Car -1 -1 0 371.6094323506206 181.68213268630277 495.77209614242275 226.88510349770428 1.4819643 1.589719 3.8701193 -6.020611 1.7983226 24.93575 0.06599248 4.304646553239122 
Car -1 -1 0 492.29875466510885 174.38879389476233 535.6789804125501 202.23530918693595 1.5879753 1.5711187 3.6246872 -5.682591 1.6841141 43.277462 1.7415395 0.4547152817249298 
Car -1 -1 0 533.5691608727717 177.84031884582285 565.1471054869012 197.53891745949417 1.5018721 1.6087363 3.888613 -4.808928 1.9175942 58.103794 1.741511 0.34042951464653015 
Car -1 -1 0 542.7037640459729 175.40174755966862 564.2010112790717 193.77884852526478 1.6319529 1.6465023 3.953831 -5.1501455 1.8741506 66.60855 1.5788004 0.3225766122341156 
Car -1 -1 0 445.0858358891122 178.8133374617153 529.5142088110302 211.8243202154115 1.5262809 1.6321932 3.9046135 -5.825925 1.8214372 34.73032 -0.09966496 1.0579806294673395 
Car -1 -1 0 623.9686958191329 173.69219258576163 643.9823494985116 188.60372198298904 1.4217024 1.6312867 4.20477 2.3798773 1.5068681 71.17348 1.5219237 0.8156032081614821 

