Car -1 -1 0 334.26758338098693 163.0564622728209 396.8083033754112 197.64719330486952 1.6464442 1.6229575 3.8174868 -12.318327 1.1801023 36.30974 0.84471226 47.397271727720444 
Car -1 -1 0 391.68412537429754 165.93421365895136 460.2138082401275 196.04474984865033 1.4788637 1.7004677 4.245033 -9.613981 1.1390017 37.5895 0.84452593 13.268199324209636 
Car -1 -1 0 442.6916394560756 166.37912727265874 481.91622317938743 189.14942051407957 1.4597601 1.5729269 3.845022 -9.898777 1.0446681 48.3246 1.08956 2.52227789230587 
Car -1 -1 0 755.981561609265 167.250320895709 805.1029970344828 188.05633736587728 1.5125849 1.6646533 4.110308 12.898623 1.1052005 54.670246 1.2326692 2.998913291607538 
Car -1 -1 0 632.4450825950179 162.69130018282516 691.9944682287974 187.11459353788334 1.5526767 1.6434152 3.8265433 3.4564722 0.906597 47.823776 0.8109706 26.46266036156403 
Car -1 -1 0 587.1174885566604 164.6604242281971 646.8133000267868 189.10779794034718 1.4733989 1.6288698 3.9164681 0.42600074 0.9795867 45.5157 0.882795 3.3109124614873466 
Car -1 -1 0 559.4146146104259 161.0706750151842 623.5712771748663 191.0063167643384 1.6867163 1.6571451 4.1383076 -1.1210287 1.0227876 42.793488 0.90434873 4.172800930108242 
Car -1 -1 0 345.16039302750664 144.653878219819 392.0047665867944 170.82767129926006 1.4658091 1.613451 3.7095733 -14.292306 -0.12545359 42.69308 0.951276 1.162823808335193 
Car -1 -1 0 240.55246361914797 168.023367125701 287.96412790972795 196.08065048098547 1.4139432 1.5874057 3.926745 -18.42123 1.1705039 38.415985 0.9410293 0.6391972794285566 
Car -1 -1 0 275.75174562294694 156.22760879492927 351.2556508491209 200.52353464500848 1.9559267 1.6987145 4.325539 -13.987072 1.2217731 33.974823 0.76930344 1.3149221594604068 
Car -1 -1 0 804.3619322213979 162.70820828496807 857.9263962509384 183.58392812320116 1.6577066 1.6556944 4.1064405 17.957455 0.85204566 58.632515 0.26482064 0.39974144101142883 

