Car -1 -1 0 732.5152939810968 178.37854892478094 890.1380522210515 286.0508296211285 1.5205069 1.6389388 4.1807365 3.2686524 1.6324315 12.511717 1.5907383 96.48045733537955 
Car -1 -1 0 687.8986035917535 181.24625877750066 761.9707854587323 233.47267924463148 1.4350375 1.5441858 3.5310369 3.4629679 1.7143412 22.209604 1.5177366 70.22630919712523 
Car -1 -1 0 153.92791794413276 196.11741259446254 376.6694315178172 304.47625933391595 1.4378004 1.6967609 4.41562 -5.7601438 1.9219141 12.775487 1.6105461 115.31070347487072 
Car -1 -1 0 328.220834101681 189.6434040376631 435.51815528636297 258.277553058141 1.5085545 1.5667372 3.5876102 -5.722381 1.9823494 18.552902 1.5903902 69.88293060323691 
Car -1 -1 0 423.9891525302757 186.0781476998237 502.7726563125562 229.7340746875224 1.4626762 1.6312479 4.121434 -5.496501 2.008975 27.645792 1.7248145 36.674310155705065 
Car -1 -1 0 651.7715005888948 177.65464504982728 693.9561511499028 209.77169481287817 1.5183176 1.5793483 3.8328884 3.1618357 1.7752779 36.659058 1.5081182 27.181555804156268 
Car -1 -1 0 811.2183564555671 186.06554780439203 1224.06959349508 375.0 1.4286004 1.6521652 4.0285563 3.3256464 1.5918422 6.8968716 1.5657227 72.34371915605143 
Car -1 -1 0 669.2632557192936 179.87726289211713 729.1022655785227 222.585520058832 1.4857308 1.627957 4.144981 3.3810987 1.7778008 27.899729 1.5268917 18.35425709276221 
Car -1 -1 0 494.7796168223106 179.5894587292199 533.0018769470989 207.03249613750458 1.5097593 1.6065525 4.035811 -5.6142187 1.927805 42.740456 1.6031247 6.444993858645279 
Car -1 -1 0 0.0 182.66955264965173 125.0258382129202 243.8605577826382 1.4761298 1.5670366 3.8010151 -15.021821 1.7539537 19.12283 0.2935483 4.190967446728866 
Car -1 -1 0 642.8037067930159 179.0839887557256 686.022894415842 206.34752353502677 1.4759378 1.565965 3.6766727 3.1369464 1.8547127 41.911945 1.3724014 1.7751071630804078 

