Car -1 -1 0 42.06883642580563 196.16673221880566 264.719160694548 294.26092954905636 1.3924886 1.5874074 3.7595859 -7.615795 1.6123463 12.530546 1.5424707 88.26578103557624 
Car -1 -1 0 425.5997581030228 185.93528679072392 496.18611517878685 229.34861805441525 1.3999773 1.6779435 4.435519 -5.0777493 1.4277275 25.488663 1.551892 66.53800189842264 
Car -1 -1 0 218.37673201591923 172.59345873020422 448.4405596820173 327.287776054107 1.677392 1.6216985 3.96365 -3.4065 1.5405257 9.77711 1.5701343 107.15463786235324 
Car -1 -1 0 45.82933866447941 191.35586875528966 191.1722544021038 254.3133854046969 1.4601891 1.5566692 3.655314 -12.673767 1.6379039 18.922863 1.4924445 16.182784528233874 
Car -1 -1 0 572.9681135065802 182.83396997851216 605.1812694094616 211.79043751641777 1.4763412 1.6433274 3.8197157 -0.9941339 1.3549092 38.589577 1.5339792 17.51051014470719 
Car -1 -1 0 283.0149383334542 184.94176265718187 376.01644258181307 236.77239032761602 1.3958106 1.6267391 3.6178236 -8.080552 1.3884335 21.232912 1.4819362 12.945197015402094 
Car -1 -1 0 357.3063283035893 185.87329411487622 418.4358001399143 223.57889786981792 1.4403528 1.5310625 3.3940802 -8.847254 1.4686694 29.23735 1.5436709 23.369563574331725 
Car -1 -1 0 134.73157104888008 183.15781857574657 272.626574301867 230.85877645395308 1.5954648 1.6360319 3.8791966 -13.913918 1.5266345 24.917625 0.028985202 7.413784586755499 
Car -1 -1 0 387.92290287454443 181.20314966252147 425.29293131628305 205.40760512435259 1.5536337 1.6067015 3.9388776 -13.384211 1.2960765 48.153736 1.5140052 1.6012290071718367 

