Car -1 -1 0 200.87256332416328 179.20575751266298 383.4265766805141 279.3890139011265 1.6918433 1.7169335 4.3328424 -6.172399 1.8400357 14.648152 1.5943067 101.24618336915773 
Car -1 -1 0 338.20353458626164 179.7517077763708 442.4904414897019 243.64487782253423 1.6509708 1.6748999 4.2090197 -6.3010583 1.8743234 21.233995 1.6023837 49.68530619184844 
Car -1 -1 0 520.2212817125816 178.08290987430283 554.3800026102826 207.05915144713316 1.4857938 1.7114904 4.167149 -3.945093 1.7903645 39.897232 1.5116268 20.121675852950787 
Car -1 -1 0 1052.4779684223022 145.58062492156094 1242.0 200.13575409105673 1.4450102 1.6543473 4.3737984 15.559658 0.72261596 21.061525 0.62475777 48.426685351756646 
Car -1 -1 0 437.74775739482163 182.44754816085307 487.62627614870325 218.87379981654198 1.4708467 1.5858229 3.7722301 -6.459694 1.9225852 32.05977 1.5314674 22.084167306282843 
Car -1 -1 0 634.1098265497951 172.96876752768222 657.1403509023947 194.7701219610628 1.5579729 1.6382437 3.9700522 2.6467996 1.566817 53.594193 1.6029711 8.253707572307327 
Car -1 -1 0 495.2315878012858 180.12237368463295 525.4864121314598 204.05682091047842 1.4441853 1.6207901 4.0382924 -6.397788 1.9368689 46.848774 1.5161678 4.238865450339082 
Car -1 -1 0 696.9242333988113 166.6872316986164 760.9951858754727 190.81392480866077 1.6304953 1.6745353 4.1183686 8.175369 1.2137414 49.62226 -0.011231229 3.296025049522397 
Car -1 -1 0 1145.9359084709527 144.28540325139744 1242.0 172.58322181720825 1.4700011 1.5948777 4.0967827 31.159882 -0.014780976 38.44308 -0.07211084 2.6429337770301045 

