Car -1 -1 0 701.4426038677462 176.51551182807606 860.5402695105629 280.02748074031865 1.4643495 1.6529679 4.293395 2.7414808 1.538899 12.525629 1.5478408 78.59966505720625 
Car -1 -1 0 776.5630409317523 178.5107364471037 1154.2975312919334 375.0 1.5103841 1.6310073 3.7309375 2.7835534 1.5770183 6.6335306 1.5702527 80.46321588402371 
Car -1 -1 0 74.19066744336422 195.17948712302154 408.28278225952823 375.0 1.5133042 1.624911 3.8778646 -3.5333164 1.8147075 7.8001924 1.5731834 120.13500793822958 
Car -1 -1 0 328.3076502069951 189.04903706509046 478.729713202505 286.3443853463694 1.4638219 1.6015192 3.844982 -3.6431289 1.8094058 13.450233 1.602051 100.7785521919833 
Car -1 -1 0 682.1230480440751 172.95517137532013 777.3642302041924 238.87830154445916 1.5146601 1.6809944 4.3868065 2.9863496 1.5176045 18.792187 1.5539521 53.20301814942275 
Car -1 -1 0 669.9031229129059 171.37088850945526 731.5345469990225 220.1196447998817 1.5219457 1.5695271 3.590744 2.9983253 1.4756426 24.334557 1.5543863 33.200415705340234 
Car -1 -1 0 454.6143369819465 180.6942921187224 525.2370241805943 231.40954643367655 1.4848458 1.61658 3.879992 -3.8322444 1.7633936 23.681824 1.5869455 41.65872357847406 
Car -1 -1 0 415.5267246528546 183.29239070568315 495.90254267582236 248.1548601448198 1.4954112 1.4912837 3.3052588 -3.9258225 1.7923505 18.849953 1.5389506 36.51099114068227 
Car -1 -1 0 627.9326660270302 171.9581666037643 672.588391398563 198.19783933006434 1.5920985 1.614683 3.8477 2.5368128 1.5377433 45.85446 1.2780418 7.6527860814207465 
Car -1 -1 0 589.9845071596362 174.40459625900326 621.4744116307946 193.52451988741956 1.5376024 1.5886426 3.9046392 -0.35665578 1.6720524 60.46467 1.2755003 3.860614540201323 
Car -1 -1 0 902.1693658414821 145.18287626175803 959.7415010474338 179.33397989811922 1.4234385 1.5876204 3.405298 14.1345 0.2700893 31.89521 1.7589629 0.43670496344566345 
Car -1 -1 0 557.4557128950493 173.25686432459608 595.7760867591464 190.59384368793863 1.7616063 1.638869 4.0378885 -3.419984 1.8048813 75.458786 2.3043194 1.7844612083838718 

