Car -1 -1 0 625.9328600646595 179.9522021889626 683.1450964111978 218.05722420924033 1.4308369 1.6370846 4.164859 1.7965295 1.7479658 30.068798 1.4469103 48.097449438490315 
Car -1 -1 0 362.3798357646468 180.96701068098662 486.1114876354457 222.0213742116353 1.4588008 1.622942 4.1744766 -6.834903 1.7706851 26.861378 0.031273074 24.038882572963903 
Car -1 -1 0 773.0825627418614 185.0059743358594 1005.1734953807206 265.2658870013674 1.4819093 1.6224626 4.0702524 5.542706 1.7436292 14.576961 -0.07577761 53.02944132447296 
Car -1 -1 0 0.0 177.01774665011578 293.0831007617199 304.12349474844694 1.639741 1.6906866 4.064748 -6.9702682 1.7060264 10.432013 -0.10549103 99.73367368936935 
Car -1 -1 0 830.25137369633 187.84983426590748 1130.9643423175103 289.1598808971943 1.4583937 1.6108263 4.1181793 5.8870115 1.722244 11.68992 -0.09924707 69.65220665003926 
Car -1 -1 0 330.3136924340219 181.64088507780195 462.3781212342386 226.71888961287542 1.4410741 1.5932403 3.9560335 -7.0893583 1.7462604 24.2261 0.019161336 26.132324199671746 
Car -1 -1 0 940.5139637158603 188.4045404919894 1242.0 324.04646070724954 1.506467 1.6008883 3.750748 6.430579 1.7236134 9.1505575 -0.067402095 32.183009049670154 
Car -1 -1 0 62.196008349809944 163.8774672730379 352.7387536716019 273.16705240104886 1.8199999 1.7275226 4.2399206 -7.039866 1.6705136 12.981753 -0.04872126 73.07280726032168 
Car -1 -1 0 765.5016637810206 173.6861782923986 957.4615545785944 248.67305004069146 1.6639023 1.6626699 3.9166071 5.8111873 1.6844729 16.933104 -0.036731206 14.532654937382965 
Car -1 -1 0 405.2864690975524 173.16935375375186 494.2127680329249 203.79125705501107 1.5664543 1.6582701 4.2947893 -8.314451 1.5833348 37.775524 -0.00880581 1.8258585115369927 
Car -1 -1 0 614.4172330892001 175.56811831892256 643.6716613412228 201.2294269266327 1.5294455 1.5768462 3.8272939 1.1869028 1.7073932 45.361397 1.528385 0.5850462244778456 
Car -1 -1 0 612.8006882496974 176.54847637087565 642.8907772555337 199.69213469402095 1.5306797 1.5720202 3.765338 1.2380204 1.7983329 50.31051 1.4517559 0.2650066018104553 

