Car -1 -1 0 334.6086956675179 179.7825023617584 465.9265068036174 263.4766902747808 1.5053842 1.6213981 3.630888 -4.081422 1.4076588 14.752532 1.5797976 116.50816830026429 
Car -1 -1 0 121.79568775139509 182.95253734048327 297.24644245707384 261.4779026815734 1.4579382 1.6030391 3.760366 -8.200709 1.4159193 15.236637 1.5832572 106.94760843785414 
Car -1 -1 0 468.447511883846 179.7095617352909 523.2686530800387 219.00007079636922 1.4006203 1.5768871 3.4494169 -4.1708994 1.2043387 27.3564 1.5630534 34.0429406778253 
Car -1 -1 0 655.8075039550617 177.30180859907045 699.0674635454491 212.16709892358318 1.4762609 1.581192 3.4653788 3.091967 1.1411722 32.174282 1.5658379 26.706400383799686 
Car -1 -1 0 593.5622314731219 175.43537508376698 626.9926654646243 206.1918157491088 1.5003288 1.6312387 3.7366574 0.17201859 1.0232352 36.944176 1.5824256 30.771876667790465 
Car -1 -1 0 513.0484344642806 176.63488085610717 548.6467137338511 204.6919342692347 1.4199941 1.5768139 3.7966566 -4.019939 0.9857108 38.297844 1.5479302 13.931337594294765 
Car -1 -1 0 300.64740154982593 166.2156397384168 394.4833340602244 224.9133306354949 1.7570364 1.6365949 3.8698628 -8.347123 1.1882952 23.459883 1.579393 37.00624646193325 
Car -1 -1 0 578.2020350933234 176.58136594959163 615.9991173981109 201.4884438222909 1.4798894 1.5985723 3.7222304 -0.58367103 0.9668683 44.69429 1.7699008 4.137913057541895 
Car -1 -1 0 624.2871753160186 175.14303650316094 645.3898051010398 193.24371888793874 1.5368316 1.5898268 3.7776208 2.3934314 0.68161607 62.946415 1.5402386 3.911730121760775 
Car -1 -1 0 445.58652382036263 176.96898833873507 484.8958849375044 204.9802824149684 1.4505862 1.5500711 3.429986 -7.646739 1.023524 38.964424 1.5401753 3.364533087804062 

