Car -1 -1 0 716.5312980659755 183.99509548070588 907.597242351914 307.6230430471007 1.4546778 1.6608176 4.338771 2.819213 1.6591655 11.063173 1.55755 100.89334863193926 
Car -1 -1 0 292.4174226856691 195.6235317336033 468.06234576808504 309.36643189314367 1.4595326 1.6328487 4.007468 -3.5948699 1.9040682 12.075373 1.5802996 107.42142389697811 
Car -1 -1 0 675.8408053274017 178.164538507443 741.8002748916829 232.76396604366866 1.5608553 1.5888029 3.795087 3.0631719 1.7433811 22.898197 1.5757234 42.79184916928809 
Car -1 -1 0 690.334230327582 179.9784019693365 797.8751148262638 253.5888817321351 1.4943836 1.6684039 4.363934 3.0600755 1.6866801 17.274643 1.5478003 77.70231202416257 
Car -1 -1 0 401.5403842007887 189.48983937321262 493.046820007017 261.74529470550993 1.5026709 1.5402095 3.4804573 -3.8416233 1.9486079 17.579205 1.5412798 50.529104177792505 
Car -1 -1 0 447.5970231731843 186.3345521955537 523.6011510566047 242.51345734313304 1.5144578 1.6038836 3.7932599 -3.730389 1.9666903 22.288288 1.5972338 50.462460844640475 
Car -1 -1 0 636.4578816566053 178.10864643321764 675.6958083566419 205.47631528616907 1.5786557 1.6013867 3.9256742 2.8178997 1.917567 44.474987 1.4168723 11.309702959144651 
Car -1 -1 0 595.6714781218615 180.62639420086717 622.4476529056632 200.9322893876736 1.5583373 1.5892651 3.9236927 -0.074472606 2.2162776 59.015667 1.4112132 5.483947490965122 
Car -1 -1 0 877.8030665311829 151.52070224157086 990.2544613435808 188.9396604175226 1.4879065 1.6198319 3.962663 13.325439 0.639621 29.829758 0.17302616 1.0286807338550699 
Car -1 -1 0 687.5874499482759 176.4429797183309 722.0125914970945 190.89508555288873 1.48984 1.5707778 3.6323988 10.176823 1.8815722 77.00341 -0.6787143 1.6820204790683304 
Car -1 -1 0 560.0080661517985 179.29686244887867 597.8174899516622 195.18788996798278 1.5547416 1.6154113 3.825893 -3.126058 2.2337887 74.1067 2.334897 2.8551675567107875 

