Car -1 -1 0 708.0795625913398 185.74012368509875 846.9115625258909 281.41335353928747 1.3846675 1.6024566 3.9864302 2.8290603 1.6522379 12.981873 1.5797433 95.83448697843323 
Car -1 -1 0 675.9596798087646 179.46013386101058 747.393922788604 230.50664369287804 1.3913544 1.6075318 4.054305 3.0450835 1.6134201 22.223465 1.5658617 59.30357771410243 
Car -1 -1 0 552.1474074053732 176.1396380543806 585.5914445580603 206.11198342765172 1.4509561 1.586913 3.6166086 -2.0529032 1.6284394 37.152645 1.5513844 25.141173286980127 
Car -1 -1 0 649.5624190918736 171.86545356619183 688.3590070011666 202.55730929849057 1.6495016 1.628619 4.126458 3.3118575 1.596373 40.885597 1.5122957 28.407381601248566 
Car -1 -1 0 178.94959317155528 173.70361469382925 422.03084542166584 256.93585399104416 1.5307283 1.6403707 4.097715 -5.9676995 1.5485519 14.212748 0.051239774 76.67457953547422 
Car -1 -1 0 351.89839401680536 180.1103371551462 495.4643514052869 230.66352027762903 1.4670367 1.5954328 3.972434 -5.659845 1.700223 22.203999 0.09525512 24.216054702395223 
Car -1 -1 0 395.9806973949212 173.50915745624357 512.4627506536658 213.52734000099292 1.5174162 1.6850307 4.312028 -6.0361743 1.544162 28.424501 -0.08925566 22.064266663813235 
Car -1 -1 0 303.52583311874196 178.18564831403523 478.94353961522944 237.64093303832388 1.5160161 1.6506374 4.222666 -5.8006964 1.6665822 19.46858 0.039334733 24.308725960651305 
Car -1 -1 0 491.40328559164794 175.12950291483028 551.1244036479872 201.09723233073498 1.5503333 1.6237023 3.5364413 -5.365578 1.6924901 44.15751 -0.061496325 19.78842478289115 
Car -1 -1 0 224.6412917826127 172.44624133911546 412.60760302710094 243.82090123276882 1.5746176 1.6312041 3.7074907 -6.656554 1.5656219 16.762714 0.015728114 5.515470958870377 
Car -1 -1 0 0.0 181.15560726136943 305.93935215045445 306.23754302049423 1.5216941 1.520322 3.4190507 -6.09045 1.641588 9.650399 0.005901031 0.9222375947622065 

