Car -1 -1 0 713.6997273707117 191.28035507483781 892.2813074090839 312.2113605655501 1.4387367 1.5694091 3.6461437 2.7338858 1.7677212 11.017459 1.5136827 97.75142973041856 
Car -1 -1 0 604.6330154626045 182.98758431285202 651.1310669193502 224.76520102693834 1.4956973 1.6035677 4.0320415 0.6692309 1.9298959 28.870302 1.5317436 23.402510072189013 
Car -1 -1 0 293.2227828398716 195.40263628555843 420.7845719699473 301.71410894843285 1.553154 1.5413861 3.341489 -4.4113727 2.0158894 13.04745 1.4349928 93.81089502015777 
Car -1 -1 0 640.2863887713652 179.68931201519217 748.3049000725221 260.22982450651233 1.575275 1.6650281 3.7069347 1.7907834 1.748621 16.369175 1.4677062 88.63368164288626 
Car -1 -1 0 419.49347725062734 178.20035309235882 480.48818767171787 238.74419884470691 1.8314447 1.6800758 4.056676 -5.2896523 2.0274134 24.324566 1.4354163 104.7776396512741 
Car -1 -1 0 481.61456405426765 182.80111123971324 508.3358563103686 208.79129746248188 1.5247947 1.6099529 3.8970602 -7.2731013 2.186354 45.94237 1.4237542 12.673859703216175 
Car -1 -1 0 578.4412967096296 179.9453744417062 612.0700474947524 206.1397900866367 1.5370886 1.5903611 3.9281144 -0.9446991 2.0047982 45.523476 1.4114232 2.539140377834789 
Car -1 -1 0 598.2725531333548 182.62874553951448 641.6877206702333 218.2840403718462 1.5201628 1.5903404 3.678386 0.43468124 2.0029988 33.726852 1.4623774 0.29852405190467834 
Car -1 -1 0 629.1811626552272 186.64779228215878 689.804528897252 240.67090155639093 1.5409886 1.5571245 3.6226134 1.5425979 2.0229738 23.367767 1.5260172 0.5199684500694275 

