Car -1 -1 0 196.09328973010247 185.96661526729778 328.7194056066069 253.82588639734607 1.4570434 1.5758255 3.351554 -8.072274 1.4767183 17.153511 1.5636684 109.54734780862607 
Car -1 -1 0 332.23746956411037 175.76920534560833 475.15170812442483 270.89414798760316 1.6081704 1.6480532 3.8691678 -3.8012242 1.4484692 14.1018505 1.5886168 115.54069027496517 
Car -1 -1 0 577.4583623335949 173.24522531878907 643.8697414250522 233.3337384432464 1.5269667 1.6880916 3.2623749 0.08032431 1.2227736 19.902897 1.5658302 61.16983595102967 
Car -1 -1 0 450.6362959968038 178.57704694410165 512.6113058996216 223.97226370209248 1.5131915 1.6096748 3.698149 -4.4298806 1.2919005 25.818148 1.5621018 67.22244735543488 
Car -1 -1 0 487.1274348597993 179.0704475567265 531.1995533595006 209.67069323663188 1.4972568 1.5761931 3.5643215 -4.9928255 1.1965723 37.001446 1.6336331 14.360775874048262 
Car -1 -1 0 323.8446740341564 181.41598886644374 410.51874787096625 226.6419758192529 1.5191085 1.5978128 4.0341315 -8.632459 1.391479 26.209393 1.634052 9.196166390091507 
Car -1 -1 0 0.0 190.4856586811239 189.66965670837695 315.66159485892 1.469944 1.6298685 4.0552673 -8.072919 1.5637505 10.706628 1.4863038 5.019934492754483 
Car -1 -1 0 289.67629954919465 183.244455956335 358.49729820365076 216.83409625190168 1.4423413 1.6570731 3.9810088 -12.851635 1.357696 32.876755 1.5477986 12.709375427456973 
Car -1 -1 0 421.9035124924161 181.3957011713679 465.458753662191 212.3108892641328 1.6060753 1.5928984 3.7313862 -8.865388 1.4076226 39.2259 1.551647 0.6772327782311787 
Car -1 -1 0 572.9698399468858 180.5738916290193 613.374262119459 217.52511211318995 1.4251943 1.5587132 3.7275903 -0.56623715 1.2461616 29.600304 1.5570853 0.9755010200945954 

