Car -1 -1 0 439.7904677187176 180.58921177863988 512.1169695006593 236.4066286259711 1.5330474 1.586023 3.2933774 -3.8235009 1.4059792 21.399248 1.5594462 88.61494037279218 
Car -1 -1 0 0.0 184.36673015574846 217.7694673253221 296.51554802090874 1.5405214 1.6367317 3.6973171 -8.12638 1.5288596 11.756785 1.5275787 130.1518365014571 
Car -1 -1 0 254.85973910555637 188.756164195837 448.2664506321847 304.7268196074703 1.4539772 1.6228371 3.734273 -3.6592832 1.5173389 10.995848 1.5732195 111.52906074475723 
Car -1 -1 0 700.9594569271268 188.54422993927713 815.8096651008107 266.4152867396844 1.3813195 1.552971 3.4397058 2.941912 1.4571171 14.634813 1.5508114 95.86014347407749 
Car -1 -1 0 649.6954536619977 181.19237390502258 705.0373434847321 220.92663649160636 1.45405 1.640651 3.9950175 2.6904032 1.306819 28.334595 1.5310626 49.403879971681775 
Car -1 -1 0 477.80525279555496 181.15309339072482 536.9453494663479 220.58012414455652 1.5137289 1.6457443 4.2185407 -4.0462646 1.3577526 29.750496 1.6258184 36.145198572993905 
Car -1 -1 0 379.00264650826864 180.74498101489348 445.5218171836668 217.66845501959017 1.4951129 1.5783253 3.8213835 -8.341405 1.3140837 31.075346 1.6502194 31.87925408401052 
Car -1 -1 0 260.2241180249248 183.92163182139365 374.90939778437513 240.04969460998728 1.4485397 1.5585979 3.3708413 -8.062682 1.4151428 20.323017 1.6985112 11.471678110935569 
Car -1 -1 0 527.5247562434099 180.60613333841627 551.7284456597822 201.55738715399443 1.4619279 1.5708787 3.8079739 -4.8642044 1.1402836 52.098923 1.5236531 4.838163141631194 
Car -1 -1 0 584.091231172715 180.67802849253385 608.1574185188144 203.38339566080523 1.5863125 1.6207271 3.8720012 -0.8353921 1.2692878 52.19581 1.522497 4.871899416563994 
Car -1 -1 0 621.8473452741248 180.45808478784733 646.3481730257239 199.8401337504977 1.471735 1.6145315 3.7103603 2.082837 1.1104757 56.476265 1.5232527 4.8094589605476195 
Car -1 -1 0 503.82338359330845 180.4387651540929 539.387319513102 209.90355493603556 1.581655 1.6252325 3.9803753 -4.783785 1.3252317 40.596786 1.5470011 3.819547011680082 
Car -1 -1 0 427.8078717317335 181.0718440322953 469.7422174016461 208.03846958417336 1.4625435 1.5724454 3.8313994 -8.959424 1.2378002 40.909832 1.5621215 2.1443652118721084 
Car -1 -1 0 131.57446328216722 181.3646229202502 237.1117643300431 240.3872622396942 1.5647289 1.575046 3.671918 -12.2186775 1.4626343 21.016584 1.3622143 0.2734077572822571 

