Car -1 -1 0 693.6273710214055 181.76037986010044 784.5919111921961 245.76683250986673 1.3999925 1.6161853 4.086268 3.1748009 1.6524336 18.401741 1.5786669 93.68685366473103 
Car -1 -1 0 743.1625161790495 191.13346645522137 977.9417192580388 340.0583194733588 1.3850665 1.604245 3.9902005 2.874145 1.6685714 9.195533 1.5708427 90.58046221116747 
Car -1 -1 0 547.2238028874125 176.9650374687057 586.6243586002442 212.33034966797024 1.5257726 1.6147246 3.8075023 -1.9262007 1.7273829 33.478878 1.5676879 35.287529714036744 
Car -1 -1 0 656.2905450773173 174.45823827166137 698.3231270798719 207.78538216157634 1.606858 1.6183265 4.099313 3.4218526 1.6939018 37.06937 1.5308038 53.20962702515723 
Car -1 -1 0 13.2914536575274 171.30925252639435 361.5577553822826 290.2927733895489 1.5816584 1.6682554 4.071705 -5.913414 1.5611238 10.444014 0.009065627 127.88617148510109 
Car -1 -1 0 309.1807018930815 181.40386389265214 476.8025183731586 243.2183851329778 1.4722276 1.582652 3.7828016 -5.461541 1.7021427 18.428616 0.09896305 38.854561678151974 
Car -1 -1 0 376.8069786996438 174.14978340746222 501.52487690827803 220.97844538482124 1.5356579 1.6587913 3.9293783 -5.743328 1.5816784 24.67014 -0.06526973 30.03817733089816 
Car -1 -1 0 243.31392379887725 178.47240964675254 455.85941588281133 251.6350879832386 1.4852986 1.626631 4.0521426 -5.574888 1.6153299 15.746777 0.06964938 43.79961519355068 
Car -1 -1 0 478.2614823061447 177.47093319060087 554.0508534224556 203.91101191617054 1.4330882 1.634901 4.124524 -5.1804643 1.6978407 40.410576 -0.07274522 26.627804156783263 
Car -1 -1 0 101.7338615742132 169.41398627830864 358.54595153281736 263.7473046500972 1.5894976 1.6537287 3.769232 -6.702931 1.531534 13.016022 0.016718524 9.741820313557318 
Car -1 -1 0 329.0214471184222 177.1100647544222 476.41733031778796 227.42892720586536 1.4636073 1.5913048 4.1163006 -6.369413 1.6024032 22.357882 0.19128188 1.2735005750746236 
Car -1 -1 0 528.1981945428334 167.0327121014095 575.6549049644548 183.5978840752951 1.5240142 1.6579847 4.3615904 -5.357482 0.9884489 67.33905 -0.059298813 1.2039615821902518 

