Car -1 -1 0 761.2003683910913 181.70772208987296 902.4447434005803 276.1095373605252 1.5286664 1.5664746 3.413104 4.0650945 1.7183421 13.73264 1.5465156 112.30250649211608 
Car -1 -1 0 728.9259739106817 182.45823587122524 816.9183053393178 246.8492362316799 1.4612043 1.6233181 3.877122 4.1682277 1.7396965 18.943161 1.6242256 56.05821778123644 
Car -1 -1 0 841.3766660679594 188.22695307029906 1177.2562751456376 375.0 1.518623 1.6236312 4.000249 3.9562316 1.7321583 7.993225 1.6083186 90.51882191593282 
Car -1 -1 0 441.17312032207695 185.27971791994278 520.0022724007819 237.01862841045332 1.499213 1.6154721 3.7241607 -4.1508093 1.9417148 23.76501 1.6656808 60.85596172275587 
Car -1 -1 0 704.0144181314478 179.86731750215284 769.7429761273572 228.85660871607217 1.4919714 1.5848805 3.6773179 4.2117844 1.7465055 24.344372 1.5755306 21.581062796542138 
Car -1 -1 0 557.0729527842461 178.8796955613981 587.5905423662265 201.7524808481183 1.5203588 1.6429507 4.1335225 -2.5996637 1.9657185 51.204525 1.648706 8.066206361188149 
Car -1 -1 0 690.610969979166 178.72653752612547 742.5799947427703 218.95112152145688 1.5041423 1.5933056 3.939301 4.3106804 1.7606769 29.5393 1.5842731 18.585827868437633 
Car -1 -1 0 486.3618884165893 182.63189443147527 545.0121631095229 223.71617578020064 1.5246217 1.5972338 3.8344502 -3.7893581 1.9539566 29.700455 1.6609813 11.232028858291843 
Car -1 -1 0 510.51781322558156 182.11876887234888 558.5601066156387 216.196894829186 1.5021518 1.6012404 3.888208 -3.5668373 1.9760859 34.903084 1.6585476 5.409638231552456 
Car -1 -1 0 684.842422865666 179.54455951079208 718.6306032812381 208.26027340401862 1.4900515 1.5499871 3.6175709 5.0841093 1.8792326 40.13373 1.6091936 1.2729415654913296 

