Car -1 -1 0 727.0933301477745 195.34372680607964 937.4032643319749 350.3205817847636 1.531836 1.5787047 3.5379224 2.6591253 1.8818786 9.440847 1.5438753 83.21865678650137 
Car -1 -1 0 681.4802984754889 196.67591632448742 799.3576493896015 284.9244828489104 1.4707123 1.6583939 4.333127 2.6140132 2.0505614 15.382487 1.5536513 75.75752751272272 
Car -1 -1 0 233.0446985981917 208.84684905949246 445.77432074130877 350.7938796777544 1.4890988 1.6304123 3.95427 -3.658287 2.1139727 10.549358 1.570594 120.71624368085577 
Car -1 -1 0 377.7983932574258 206.33482627875128 489.7598986278223 289.6042203532501 1.4653963 1.6081421 3.8584049 -3.7946112 2.3066783 16.192987 1.5606096 70.13990066728157 
Car -1 -1 0 666.3558009419539 193.91507516197194 745.0829926787416 255.7449611881365 1.5395465 1.6586479 4.2495794 2.7618494 2.2322774 21.58185 1.5382763 46.12252685620714 
Car -1 -1 0 657.610401196939 193.27791863031808 710.7563809051147 241.92129957534095 1.6082654 1.5835619 3.6794417 2.7517614 2.4321902 27.25824 1.5583383 27.657592993828132 
Car -1 -1 0 467.6670549163421 200.81382075035532 521.2859802579552 249.3829852306039 1.4988186 1.6106138 3.9054797 -4.16454 2.6063514 26.57735 1.5013641 26.819976678864467 
Car -1 -1 0 435.60506666144136 204.17900350762028 503.9156279486648 263.9544023000168 1.495414 1.5421262 3.4993563 -4.1217175 2.5154805 21.709682 1.5201731 25.377243060796427 
Car -1 -1 0 624.2838156766958 195.31298993554458 661.0443692416106 221.06852011837793 1.5383376 1.605355 3.9348207 2.194358 3.1226532 48.815075 1.3796258 5.760034327661054 
Car -1 -1 0 831.3090620843539 174.47644722882552 931.5308043549338 206.64144454403964 1.4762299 1.6635921 4.194471 12.857508 1.5558953 34.32775 0.13235328 9.961423985592704 
Car -1 -1 0 554.7981787391931 197.96697918016656 592.5977353833118 213.91245312184685 1.5579804 1.6042233 3.929463 -3.8746226 4.3487706 78.30344 -0.7014456 0.275443434715271 

