Car -1 -1 0 301.8057652179856 187.71659452457283 387.3703672164518 233.30883271755624 1.373954 1.5882684 3.5997157 -8.543621 1.4626861 23.68404 1.5432737 22.815684271518325 
Car -1 -1 0 449.10776426529 184.32982073132717 512.024150131725 228.17179343220204 1.4724532 1.5480206 3.4992437 -4.489873 1.4427006 25.917015 1.6033652 43.93616927645969 
Car -1 -1 0 328.33165379998275 191.93358422804664 466.04446746028987 273.23194612164997 1.400341 1.6163187 3.918537 -4.1017656 1.5559394 14.678924 1.5856849 103.09687477433317 
Car -1 -1 0 484.36179558161217 181.34591948940636 533.4467883787851 214.01517112029612 1.5444291 1.5811731 3.7934425 -4.8539414 1.3614864 35.95136 1.6732908 22.655150005515598 
Car -1 -1 0 126.98766029411958 184.75651275730908 302.5770230023408 266.461973818872 1.5614269 1.6296883 4.118962 -8.373787 1.5526516 15.8017235 1.5651207 90.07908355631135 
Car -1 -1 0 397.241656444346 180.59566023966107 448.784311088807 212.48168038946977 1.4449537 1.5907125 3.8155875 -8.771379 1.235591 34.504692 1.5434072 19.347966765884607 
Car -1 -1 0 580.2504243695636 181.7237625221864 610.3023976023751 208.98900386596785 1.4453869 1.5944487 3.3764691 -0.6936513 1.2602721 39.824448 1.5340247 8.476743834431433 
Car -1 -1 0 93.17448444479083 190.0794231220531 217.9017136381323 247.10142974767396 1.479022 1.60394 4.0214057 -13.079797 1.636075 21.108385 1.4287891 11.987677202825079 
Car -1 -1 0 377.8106002983702 178.8453720932963 418.19492723296884 205.3268401856715 1.5532508 1.5561303 3.5884867 -12.749521 1.179604 43.988262 1.5302641 6.12009736503217 
Car -1 -1 0 512.6747144633282 181.66531338443585 545.435689917018 205.3195259696994 1.4241879 1.5931668 3.9309535 -4.971778 1.2104241 45.37641 1.3415618 2.846874184789454 
Car -1 -1 0 243.8501103256597 177.23590065342108 351.19061379812075 216.659436410031 1.6048033 1.6719381 3.7791011 -12.91293 1.2799718 30.124832 -0.014113221 6.36345308560667 
Car -1 -1 0 438.48518807300724 182.28786633294953 481.4382679681136 207.59958299874634 1.4439739 1.5739722 3.8657415 -8.747517 1.276948 42.984535 1.6291678 1.491704246089473 

