Car -1 -1 0 648.3667445755381 182.39283901269133 709.3963124985348 225.07821156563523 1.4133371 1.5527694 3.3514214 2.4726925 1.7859403 26.42966 1.4538839 70.4792243405765 
Car -1 -1 0 849.9410810705265 176.86908290152905 1064.7210949750768 262.17535892335894 1.4173869 1.5949239 3.5766268 6.6217594 1.5069075 14.130134 1.1241271 85.96932087473088 
Car -1 -1 0 623.9815107290052 179.9429420508709 668.0902925940408 213.25470434100342 1.5291605 1.5948303 4.0471935 1.7665867 1.9045336 36.11046 1.4651985 27.257471626981378 
Car -1 -1 0 312.1682150244095 191.93178875102936 460.125084995895 243.1789457555155 1.4605746 1.6289101 4.0345635 -6.7471304 2.0672684 22.077974 -0.026534023 38.02449386264805 
Car -1 -1 0 488.3424112582602 186.7424383364821 528.0891042574792 215.461939919305 1.4677756 1.6389974 4.062453 -5.687437 2.2941036 40.889446 1.5820144 10.855486894655687 
Car -1 -1 0 211.1692916866422 191.45542489702692 401.1749854300765 259.56985777502763 1.5037346 1.6252818 3.8854725 -7.1677947 1.9739013 17.330872 -0.04888656 11.58272952394401 
Car -1 -1 0 433.8737760159887 187.45379926091655 491.4882917613561 227.35094961350796 1.4808993 1.6438115 4.015512 -6.082477 2.1343267 30.275751 1.5589671 16.58252640038849 
Car -1 -1 0 145.7255476822413 194.4094228212607 375.55693491895494 275.1139094439527 1.4988068 1.6431267 3.952607 -7.0571938 1.9741318 14.92008 -0.08730892 10.365752854254081 
Car -1 -1 0 343.34648335555784 189.881050208768 468.2676621892567 238.12398716506075 1.5449822 1.6104076 3.8154893 -6.864058 2.1450355 24.570246 -0.027629303 4.635147616126042 
Car -1 -1 0 0.0 168.31520716486364 345.2749688978597 317.9932521463635 1.8930638 1.7373033 4.2103167 -6.105855 1.835659 10.0491705 0.026184723 29.312840183453034 
Car -1 -1 0 355.2491984773964 188.37990823862017 472.3358194727952 230.9890496012061 1.4921894 1.6060207 3.8912094 -7.194961 2.0860076 26.743446 0.02591575 0.5494795546748577 

