Car -1 -1 0 684.5487525898457 166.57729028966924 810.1360713341263 259.00958887981795 1.5190156 1.5965158 3.7146845 2.4628327 1.4158652 13.734371 1.5457491 78.91268243944198 
Car -1 -1 0 655.2647837769301 164.4578741940356 746.7832850309686 226.45142494046897 1.4877465 1.65731 4.363825 2.3433032 1.2862527 19.547527 1.5048581 57.2579907887578 
Car -1 -1 0 344.47630335540885 170.30426311849266 477.856566315658 257.6408974702319 1.5414226 1.6601222 3.9634027 -3.8644056 1.4964217 14.722882 1.5627557 109.7865290708506 
Car -1 -1 0 743.911927028465 174.3149375508831 969.6511023484718 321.4183409143384 1.5001792 1.553146 3.2800512 2.8611023 1.5219663 9.076105 1.5097964 99.11510891820264 
Car -1 -1 0 416.6046400379358 170.4010307526433 503.6768699696125 229.47358018902796 1.5008459 1.6210709 3.9422472 -4.0862856 1.4385237 20.306019 1.5744059 47.80649082587181 
Car -1 -1 0 650.6102264552009 161.47046373153984 714.8462872928264 207.76979985307787 1.4993287 1.6692226 4.249708 2.4954333 1.1306913 25.524353 1.5281197 17.571889882829087 
Car -1 -1 0 474.7934879150202 166.65116574403874 528.447705351138 203.6505315041871 1.4678437 1.5806237 3.795817 -4.5005465 1.2217638 30.549335 1.6057906 5.215979852538553 
Car -1 -1 0 451.76548120501855 167.27836099718454 507.53263462996244 211.58601082436985 1.4586132 1.5523839 3.656003 -4.5418806 1.2750623 25.62875 1.5041406 2.8778340387344206 
Car -1 -1 0 579.0350326007191 162.43190855956564 603.1852269737576 179.27570202399022 1.5253131 1.6266162 3.882135 -1.7526512 0.5815258 67.4014 1.3765665 2.0800722092465525 
Car -1 -1 0 639.9055864946514 161.79535446414866 688.7316979893669 199.07043941965472 1.5216334 1.6067879 3.7195108 2.3192332 1.0702002 31.363129 1.5047667 1.909836833684515 
Car -1 -1 0 0.0 110.08224860643243 163.48236314589244 177.08930369709248 1.5154498 1.5998945 3.9391904 -13.140497 0.09578669 17.443378 0.1718 2.7865069652547283 

