Car -1 -1 0 789.6184483899158 171.3620335355539 1213.5812872211875 375.0 1.5466837 1.666034 4.2091303 3.1138623 1.536894 6.8580165 1.5472708 114.89928647613723 
Car -1 -1 0 476.5148530891341 178.1833948026389 515.4996251294277 209.11240678723075 1.5402102 1.6297361 4.0524383 -6.160778 1.8431798 38.84881 1.302432 20.522456653607676 
Car -1 -1 0 628.6330346627892 175.41318247980982 672.0346817963717 206.4082429445118 1.4649036 1.5268441 3.5236938 1.9995649 1.6000626 36.257015 1.4332707 18.814321904803077 
Car -1 -1 0 666.8808735893814 166.63541430663548 740.9212770985856 228.98723952465895 1.7235596 1.6539786 4.1109104 2.7737327 1.5516623 22.014654 1.5533673 33.893940341295945 
Car -1 -1 0 577.495004647884 176.14367102603416 604.0443999978557 196.7735640454503 1.4997485 1.6275818 3.840695 -1.4680784 1.7601626 55.106716 1.4381584 14.098775575750318 
Car -1 -1 0 601.6384461157493 171.96669914136737 643.8310559381476 200.9923464205689 1.6551468 1.5451715 3.3980803 0.7440834 1.6045495 42.99464 1.2770267 13.482307853982709 
Car -1 -1 0 659.3318159528802 175.2080607804813 716.7892925848464 218.8362956827122 1.5126896 1.5707266 3.6901388 2.8773043 1.6072708 27.105324 1.5170383 8.64170197645408 
Car -1 -1 0 557.088352086784 176.372839801096 579.0922563404802 194.3526336406041 1.5560869 1.5985234 3.4533334 -3.7598047 1.8820585 65.00311 1.399976 5.015424910564959 
Car -1 -1 0 256.90328224805387 186.60623262147283 358.74920890230214 224.4022584205052 1.4275368 1.6000935 4.053161 -12.551968 2.02941 29.992382 0.43934786 0.9169904557901595 
Car -1 -1 0 467.30234950406305 181.67922661819765 498.45620166431956 206.78675225170417 1.4073963 1.5815494 3.7937906 -7.744524 1.9693272 43.908985 1.32038 0.5277334715306078 

