Car -1 -1 0 352.32307604340707 189.70984056095963 474.1172780695378 263.391189669269 1.4042814 1.6198757 3.968917 -4.1302934 1.5162852 15.929163 1.5730674 105.61347524103846 
Car -1 -1 0 171.19753911923698 180.52572848553314 328.0997416758029 256.93212656346344 1.61443 1.6361601 4.158932 -8.372109 1.5153332 17.284924 1.5913577 75.99222799318433 
Car -1 -1 0 457.06045941691804 182.50770821914108 513.8983525078331 224.28738939404607 1.4784272 1.5828981 3.6638389 -4.5461054 1.3826015 27.280125 1.5572269 44.84513648064324 
Car -1 -1 0 319.9066167701669 186.5982963946397 396.4634177480923 229.75191948243483 1.3814547 1.639859 3.793688 -8.589106 1.4334921 25.096872 1.4867527 16.001012460560865 
Car -1 -1 0 579.7954968535964 179.29680235020038 608.1312719533719 206.14388100651956 1.4303155 1.5096749 2.7758958 -0.71410716 1.1149781 39.69103 1.5640974 17.48944743194482 
Car -1 -1 0 492.4951412314711 180.27903228429275 532.0459196434158 210.27429873262693 1.4755619 1.5679109 3.781457 -4.867573 1.2327117 37.25731 1.5659418 12.608385548168764 
Car -1 -1 0 294.6368739960937 175.88969131931577 362.5498549776811 214.20673040325727 1.6283271 1.6302665 4.2796874 -12.581259 1.2320076 32.72847 1.5180436 11.046440822378324 
Car -1 -1 0 385.0080619781864 178.21414062851738 424.02060566141006 202.39127360724015 1.4582416 1.595712 3.830768 -12.724335 1.0359433 45.319195 1.5083237 5.421109759758659 
Car -1 -1 0 517.0708292387723 180.452874591544 544.3144435096673 203.6351732703719 1.4428208 1.5826713 3.6465344 -4.99774 1.146392 46.66366 1.4160073 4.726205219861558 
Car -1 -1 0 405.0738121184375 180.247074232052 454.14809618824506 212.31967312851538 1.515193 1.624937 3.7871268 -8.797964 1.2804623 35.87953 1.5383763 4.17201801485916 
Car -1 -1 0 121.03624304256181 191.23376042474 237.44526680448965 244.86032407469128 1.4701514 1.5794046 3.717158 -12.971806 1.6707617 22.0497 1.4948363 1.693886474715027 

