Car -1 -1 0 606.4039296591642 188.1520751069307 668.2493326158415 237.60474749255985 1.4185456 1.6207947 3.7013748 0.83893996 1.9632876 23.785215 1.4935753 83.24326114144003 
Car -1 -1 0 735.54340946075 197.85306831898313 1014.1798950127859 362.49218883961356 1.3846668 1.5959634 3.7461581 2.8273873 1.7509217 8.616497 1.451796 114.994314525032 
Car -1 -1 0 0.0 210.0262926526835 259.409610793121 375.0 1.4811323 1.6246853 3.7522166 -5.726875 2.0308208 8.70047 1.4340485 107.35530136949467 
Car -1 -1 0 588.9832698330518 185.35193864008008 639.0188464629279 225.95463620770582 1.4728928 1.6046534 4.1230326 0.11420594 2.0229726 29.622953 1.4652654 32.07771738959229 
Car -1 -1 0 416.8919075351703 189.56927001172158 461.29702159981287 222.39353072203264 1.5801945 1.6229397 3.6240125 -9.026667 2.5134697 38.447266 1.5363767 40.85698753773308 
Car -1 -1 0 826.7471490830968 167.34789599334033 945.7053635280027 219.6333487820688 1.6005874 1.5860677 3.3798592 9.059055 1.4320318 23.685417 0.58811647 28.065120193000997 
Car -1 -1 0 575.050657191595 182.08627772644988 601.5790297185337 202.5677168052154 1.5362747 1.6220517 3.6649175 -1.732996 2.3009436 57.817802 1.3992329 10.48908685211035 
Car -1 -1 0 802.0573840215035 177.83382449738906 918.2558076433975 222.26840818695948 1.5073397 1.6185558 3.8006258 9.179318 1.70143 26.483036 0.5141 5.058046583206081 
Car -1 -1 0 1038.739089925827 163.05209835553487 1172.9655046341984 211.49655222870038 1.5000644 1.614938 3.902714 16.579832 1.196552 24.35775 1.4814775 5.634075215128275 
Car -1 -1 0 749.7317678250508 175.71576224785906 858.0055581305427 213.99734372012037 1.4844191 1.632396 4.063238 8.040356 1.6098797 29.932617 0.50692225 3.071692402482361 
Car -1 -1 0 1111.2103734534971 125.3565039192285 1219.2503794181089 159.4659131170993 1.3983309 1.6707113 4.1305494 25.523315 -0.65765953 33.338295 1.5192039 2.623983648572654 
Car -1 -1 0 210.41091339841114 194.35670253046308 294.79313034609305 222.57022784091652 1.5297512 1.6596935 4.056881 -20.60765 2.8062174 41.77984 -0.11277975 0.594190287617499 
Car -1 -1 0 441.3866240443397 187.91520481690029 473.76479735036816 215.57351019582285 1.5193155 1.5763242 3.8461382 -9.184336 2.475678 43.815506 1.45545 0.5959500903454948 

