Car -1 -1 0 578.0298955276861 175.02944255630808 652.5451854807408 242.8149295390279 1.5422075 1.6954104 3.2794194 0.18282253 1.310457 17.99533 1.5699496 73.51084154427386 
Car -1 -1 0 321.49687733950526 180.7320718495074 457.92361965611315 269.5022482557433 1.5547473 1.6299801 3.4963248 -4.1758523 1.4762198 14.347912 1.582591 134.82450238402427 
Car -1 -1 0 131.34034748713245 189.74877139013702 303.7758948082196 264.6778584034212 1.4219327 1.658221 4.230131 -8.437412 1.5365709 16.03999 1.5402907 88.92910378513305 
Car -1 -1 0 446.1121468499958 182.80024092589943 505.9692144949869 224.10788267206752 1.4047961 1.558051 3.5579667 -4.7115045 1.3226509 26.231352 1.563794 47.12762064571502 
Car -1 -1 0 490.24782381909705 176.2902258179043 531.5211654498937 211.53199848373086 1.579412 1.6300343 4.1874433 -4.5409317 1.1794038 34.35148 1.5164717 17.793248902048468 
Car -1 -1 0 261.4089975475774 183.09128339070614 339.54646801681 221.90641243652385 1.5289092 1.5808926 3.740067 -12.790734 1.4452295 30.212431 1.6064746 26.35255060294704 
Car -1 -1 0 635.2887748406542 180.16674490248627 658.011294700093 195.08663437738522 1.5066137 1.6175563 3.8787384 4.12504 0.9967693 74.67093 1.8258737 0.36063918471336365 
Car -1 -1 0 398.16570017775496 170.7853923399309 457.0086176185475 197.15589557692564 1.7508242 1.6655906 3.547114 -12.108673 0.79274887 48.594612 0.019604648 0.2990260422229767 
Car -1 -1 0 369.43163277486354 184.0701900880802 424.74080339086356 222.7818076797146 1.4802737 1.5507152 3.5517259 -8.502712 1.4364712 29.334057 1.467936 0.48666835567460265 
Car -1 -1 0 136.09721717617043 190.96924698318455 252.14063756833025 242.3554743166891 1.4251416 1.613339 3.656755 -12.616177 1.6178749 22.217142 1.5252483 0.2711106240749359 

