Car -1 -1 0 797.6213305645307 182.57060423316963 1138.4726736811642 375.0 1.599947 1.6308057 3.6528907 3.1948485 1.7228343 7.2983766 1.5700855 102.22081685169027 
Car -1 -1 0 682.376550570279 187.08199615996554 757.9077941196823 244.14400596548094 1.4437532 1.5667307 3.402834 3.1060987 1.8886863 20.839695 1.5410086 71.11550395743575 
Car -1 -1 0 736.8746266721075 186.49423137506497 848.6355123287972 225.3401845947785 1.4327656 1.6196432 3.9522676 7.0605326 1.9795911 28.06984 0.023491235 38.72694790899799 
Car -1 -1 0 6.194323548784936 183.77616379103867 328.9101418554915 295.4284305829833 1.5676684 1.6636747 3.970934 -6.666748 1.7511153 11.213411 -0.03736324 97.82721542510114 
Car -1 -1 0 221.0817297214431 182.6169620562418 419.43062119446455 256.1048467087675 1.5002636 1.6073076 3.700725 -6.236988 1.7257986 15.812932 0.028130325 39.861391089678875 
Car -1 -1 0 328.4858670830834 179.80027270625737 478.0580419773237 236.72995030046374 1.546262 1.6281732 3.8068361 -5.8265805 1.7533826 20.66027 0.02117062 36.01716584581788 
Car -1 -1 0 472.6953385891645 179.09456955767476 543.0936447826373 205.86167836368884 1.5978894 1.685827 4.0855103 -6.202037 1.9884086 44.309025 5.145668e-05 15.66183276622031 
Car -1 -1 0 488.59244835509134 175.0897664111586 556.4219489345436 202.6868692904886 1.8344725 1.7509737 4.5259423 -5.959271 1.9910684 49.34673 -0.14380088 8.059409707555444 
Car -1 -1 0 151.04952666899118 185.94546137359873 401.7830906399717 273.1264167266457 1.4852769 1.5952327 3.8988922 -6.019994 1.7419981 13.342126 -0.0048695104 24.49311780472634 
Car -1 -1 0 280.52699621200185 183.29668426385254 461.8601452287642 245.89395128638978 1.479682 1.6084834 4.06126 -5.9630823 1.7581546 18.30466 0.066006064 11.608647206692844 
Car -1 -1 0 362.8186902495056 178.77777765920487 487.8707989293587 225.50023693454028 1.5797678 1.6645281 4.019802 -6.437442 1.7966152 25.518078 -0.031294942 9.684995144544091 
Car -1 -1 0 420.13876543947663 174.1313006712801 507.30799945164154 209.187564882131 1.6443851 1.6399058 3.8860495 -6.974914 1.7074467 34.765415 -0.019520547 4.373478181005399 
Car -1 -1 0 721.2745342165524 182.21125197294424 823.8698272559407 220.2376914181506 1.5527596 1.6747549 4.0372868 6.8995457 1.9643893 30.826813 0.038253307 2.5686194541777345 
Car -1 -1 0 694.2538499093729 181.2051311594988 778.5688084928842 211.8515488862148 1.5720347 1.6826582 4.1590567 6.717877 2.0279994 38.45884 -0.046227306 0.6326958486089195 

