Car -1 -1 0 712.3808252929219 180.25328232570766 815.4830068776175 257.7413664636985 1.5554924 1.6302178 3.93733 3.4624987 1.7485822 16.845964 1.5889224 88.04713259286541 
Car -1 -1 0 677.9503326534937 182.1194249097685 726.1322558038648 221.0140585868151 1.4950144 1.5479254 3.383662 3.8205035 1.905247 30.245556 1.5587968 49.781399831730276 
Car -1 -1 0 746.2133891284623 182.76823051167898 908.737135059715 296.59962693324337 1.5092973 1.6206303 3.7082505 3.3432856 1.6967862 11.769358 1.5983068 84.16316142334016 
Car -1 -1 0 191.2486253442438 184.06245531599853 429.9717377548822 255.8746658783389 1.4127175 1.6570926 4.387374 -6.212082 1.6646504 15.342812 -0.021369454 115.54668886640067 
Car -1 -1 0 0.0 182.37626435189716 333.9420147564163 332.4212018066598 1.5225968 1.6581587 4.2391253 -5.667286 1.6481632 8.483686 0.0972439 88.19551654027462 
Car -1 -1 0 315.3908087795524 180.61347736798731 468.72004126147107 237.02210475377206 1.5435491 1.6589012 3.9215732 -6.1963205 1.776864 20.837711 0.014491418 47.27441165254191 
Car -1 -1 0 387.0950549203193 181.02011337811732 501.6589540437409 226.48679847459178 1.5174134 1.614589 3.6803439 -5.717606 1.8135414 25.281631 -0.04182256 9.179663234737585 
Car -1 -1 0 480.99507326138365 167.04223600666128 546.4986123401873 193.52067611548165 1.6000795 1.6253691 3.7893977 -5.8710904 1.2488772 44.471703 0.030198034 3.899762509079533 
Car -1 -1 0 426.7095728888374 178.3397832343104 535.6074610897764 218.40149768146725 1.601125 1.6674669 4.1851683 -5.34233 1.8395553 30.250816 0.13593316 5.161952847001656 
Car -1 -1 0 714.5987168437313 175.901998747474 794.293104652845 204.45025667766402 1.5277935 1.6746106 4.241843 7.966399 1.7014604 39.9831 0.1416003 1.667214506050955 
Car -1 -1 0 564.6895785968304 178.37032699617805 586.811834822386 198.35127027148053 1.5837166 1.594722 3.726882 -2.7880743 2.0576143 60.106857 1.591027 2.0052387631871134 
Car -1 -1 0 368.72080779420554 181.73454469318185 503.4803754966075 232.03512794533722 1.5130811 1.5942576 3.8685665 -5.424817 1.8048315 22.854534 0.027484596 2.6661532423802217 
Car -1 -1 0 413.0780757262324 179.1871261082615 527.0966190686847 222.3045412499284 1.5904652 1.6628377 4.0459456 -5.3000045 1.8416123 27.742273 0.019708263 1.4309506410016495 
Car -1 -1 0 547.332234962844 179.13214683348147 575.3233804837892 201.1161083678034 1.5829699 1.6104215 3.8535051 -3.6447937 2.0793357 55.066242 1.6437922 0.33574050664901733 

