Car -1 -1 0 663.8935193300632 189.56592335999142 746.5735731619556 251.8405181312422 1.4893042 1.5864935 3.6959078 2.5723433 2.0004973 20.172611 1.5019102 58.341470236515576 
Car -1 -1 0 725.0463392282602 191.09819566991118 948.4487462243069 339.71881083319846 1.4801359 1.6464005 4.139131 2.763782 1.7803545 9.78586 1.5484346 103.64534525519964 
Car -1 -1 0 245.4190237686691 197.8926855397338 474.00205094741375 347.88878511689757 1.4524118 1.6374257 4.2163916 -3.060118 1.8657379 9.800916 1.5728482 100.93791127811252 
Car -1 -1 0 689.386577741674 192.58383087972962 805.8845351989861 278.9691515742426 1.4580572 1.5816437 3.8650851 2.7215443 1.9224159 15.0268135 1.5410528 67.59966145358496 
Car -1 -1 0 482.9985681395252 190.74306638259284 548.7377824099203 247.12373483911674 1.5193784 1.6005411 3.8152711 -2.844254 2.1266243 22.576515 1.5600168 55.20094115569733 
Car -1 -1 0 633.9714699530206 185.19963657698193 664.663511354203 212.99973048374585 1.5299141 1.5866337 3.8256357 2.3475456 2.3043306 43.338123 1.5584434 21.892817671498225 
Car -1 -1 0 526.7154886161978 186.61510831354923 565.2538342702655 223.17772393262362 1.5049889 1.6402344 4.1808963 -2.8891737 2.1833527 33.43674 1.5163317 25.10595342388335 
Car -1 -1 0 656.0633313359094 176.54349231605042 719.2474912772719 235.59355166321797 1.8526709 1.6212213 3.7972481 2.603418 1.9893858 24.807873 1.5316529 35.06126253904345 
Car -1 -1 0 560.0013761133245 185.30935702243434 585.5358237035025 205.02772653976422 1.5139875 1.6322484 4.048795 -3.0301142 2.5874448 60.106064 1.64486 5.248049178769711 

