Car -1 -1 0 542.9444077246391 171.00247749643418 571.8847000637136 197.82121496040824 1.5044663 1.622204 3.480999 -2.482026 0.9148959 42.068558 1.5305877 22.430835397575805 
Car -1 -1 0 326.7386123690939 179.14698337313646 391.16238713584494 207.14061269093764 1.406292 1.5661123 3.8299034 -12.732469 1.2874722 38.113594 1.7579498 6.636235256109461 
Car -1 -1 0 350.4300374322647 173.4976460114378 482.8382592123168 223.7823916163167 1.5690908 1.6509006 4.132888 -6.1770573 1.3190036 24.487007 2.3240814 68.47879192191431 
Car -1 -1 0 598.8958340820168 168.54707179439953 632.0201748267731 187.27429654331064 1.4878011 1.605649 3.7585878 1.2744133 0.45777434 59.109085 1.9178644 4.955734712082745 
Car -1 -1 0 578.7394851023757 168.7309499332228 605.2382324644452 185.8006725601836 1.4996068 1.6822112 4.0177965 -0.72909266 0.37674966 65.23271 1.7478567 5.649444286566634 
Car -1 -1 0 286.8896872674142 154.35797480274616 340.7471017375654 171.17948717395097 1.4653893 1.6451677 4.3848734 -26.79435 -0.9974648 67.24812 -0.7497388 0.9426048872120317 
Car -1 -1 0 630.5670239941113 163.48925506280642 664.1354111573 194.24236668682374 1.9196455 1.7630929 4.319781 3.0249674 0.7946316 47.02998 1.5342535 0.3120046555995941 
Car -1 -1 0 783.6493942424437 148.97409590724556 837.7924463408339 166.41942148990037 1.4574468 1.6514375 4.352123 18.406197 -1.3467474 63.00267 0.12726611 0.28986287117004395 
Car -1 -1 0 615.8458680733856 168.13324180493964 637.4477082191767 183.9945150722673 1.4369402 1.6296941 3.8002846 2.422411 0.22488284 67.02757 1.503636 0.28823205828666687 

