Car -1 -1 0 441.1931061610105 180.98042499092236 504.6091056784728 223.08668597538104 1.3701749 1.5769434 3.503093 -4.620375 1.2323554 25.146921 1.5667635 70.8978737226448 
Car -1 -1 0 323.48194180231934 184.13846875758978 453.2337270609292 257.9482857636386 1.4273099 1.6339153 4.0879827 -4.6695414 1.4064788 15.945068 1.5707024 107.36224284721179 
Car -1 -1 0 286.6049378086366 183.3879352514137 381.4960061078885 231.3020406171828 1.4074366 1.6133021 3.9236755 -8.64345 1.3537476 23.090916 1.5539811 26.483434533647767 
Car -1 -1 0 72.7742600864454 176.9175797375668 266.171308598459 265.2077485011552 1.5200962 1.6077394 3.6764288 -8.41114 1.3772271 14.22081 1.5632472 69.02608332025257 
Car -1 -1 0 575.3315408449131 175.28232388086954 609.8198225032943 207.95480836445216 1.5613658 1.6493565 3.7772703 -0.76438093 1.0866657 36.269264 1.5358661 15.799932784794699 
Car -1 -1 0 183.12086692337158 176.5093020004193 293.5450008676691 228.2307772192275 1.5964618 1.6367846 4.02075 -12.265306 1.3277256 24.203575 1.5764799 42.16692059003167 
Car -1 -1 0 462.8885066882343 175.4555088515102 508.2172935919323 211.85518288947463 1.5914098 1.6162033 3.7999334 -5.584338 1.16469 33.362015 1.5272937 18.27411934717957 
Car -1 -1 0 463.1125033119172 164.14723188736582 512.3480116390328 183.44134622670907 1.5278213 1.62228 3.7209454 -9.598097 -0.14509296 57.931194 -0.021724802 8.649565807475904 
Car -1 -1 0 384.7777953407743 174.53863973318911 438.5240814553004 210.8688888362883 1.5803638 1.6505616 4.0607886 -8.9949255 1.1159123 33.35371 1.5002524 0.2926390469074249 
Car -1 -1 0 424.5542694944463 170.84478249309248 492.5933443611069 200.84576084375703 1.7655647 1.6594515 3.7310472 -8.884408 0.9198329 43.157654 0.012407037 0.25201326608657837 

