Car -1 -1 0 358.26173510165717 182.2106553939142 477.24355560861784 251.56058561948117 1.4497799 1.6940889 4.3842125 -4.3566275 1.3869586 17.220154 1.5709847 88.48929357813408 
Car -1 -1 0 578.0559532119975 174.97018916002315 658.4581123818404 249.81108349118423 1.5511022 1.6681726 3.268807 0.2632899 1.3387606 16.55027 1.5920277 59.8728216343259 
Car -1 -1 0 74.0072647246516 197.14907757514436 356.6357363430407 342.25945481956205 1.3706954 1.5242155 3.4642744 -4.474467 1.5462464 8.826432 1.5929652 93.26004408038094 
Car -1 -1 0 52.532071926152476 186.34925546793934 264.4885337376226 273.93081766847433 1.4304419 1.6069615 3.7675848 -8.275009 1.4550471 13.696936 1.6003757 48.92152627178125 
Car -1 -1 0 335.14464758406274 179.92031919572966 410.2150481537672 222.14547690780913 1.4185839 1.5666155 3.7706866 -8.400057 1.2406819 26.05339 1.547718 17.173402511110154 
Car -1 -1 0 210.53493530467995 181.92584333993543 306.44846007577985 223.7582181748295 1.3876094 1.6022801 3.8186398 -12.367389 1.2784826 25.758904 1.5649859 39.30727061585684 
Car -1 -1 0 225.38877053487693 176.19931477920758 267.0761771669892 196.29440741076226 1.6430068 1.6932955 4.118738 -30.511997 0.9058129 60.8869 1.5028663 12.943398950762068 
Car -1 -1 0 666.8784933727917 182.1870090743834 698.929620955194 202.42853912115095 1.6380634 1.6802776 4.185873 6.401561 1.3929641 60.428745 1.9300872 4.322034672950488 
Car -1 -1 0 156.96702155825668 178.91152329727748 212.70116421937504 203.9802217839436 1.4991852 1.6111083 3.7250438 -26.321613 1.1221762 44.927315 1.4644337 2.3149741650330715 

