Car -1 -1 0 700.7175204767484 195.14859362639413 771.1468156795528 251.10247820060297 1.4439192 1.6187862 4.212751 3.8296273 2.204008 22.461384 1.6120782 45.36862771843223 
Car -1 -1 0 117.50236538602563 201.92463490845324 430.22198223092624 375.0 1.5443516 1.547976 3.4189982 -2.9966507 1.9048434 7.2374153 1.5700831 92.66836854797383 
Car -1 -1 0 463.1581482759351 180.106218834449 550.1924784840332 263.8839620988211 1.8678498 1.6781693 4.1723146 -2.5177932 2.0752735 18.543203 1.5615772 147.28386844639238 
Car -1 -1 0 783.6017754027308 192.59526866809816 998.7499957241322 346.0023435780962 1.5884768 1.5955783 3.4540288 3.511868 1.9005971 9.664006 1.5924777 108.359108977431 
Car -1 -1 0 735.0036980477452 197.92504611507647 845.7919848103345 279.5053858051343 1.5067081 1.621003 3.9283314 3.9889863 2.1495814 16.522232 1.5901524 52.655624374426296 
Car -1 -1 0 551.0102153919318 187.04751719462027 587.6405002302979 219.23846811666925 1.6188511 1.7068317 4.2434797 -2.1948447 2.4540827 40.31716 1.595854 21.81951253443098 
Car -1 -1 0 675.6704167880918 191.415669403068 722.2188178398839 227.31718869033142 1.528376 1.5758066 3.437961 4.197051 2.456543 34.312424 1.504031 14.234770812307607 
Car -1 -1 0 669.9737640296446 190.3844884719611 706.0994211045138 221.8455505892613 1.5300624 1.5905031 3.560858 4.1830072 2.5179076 38.870995 1.5801041 16.76468160970025 
Car -1 -1 0 690.0264819077048 192.07045922342374 747.0136238855439 236.67799087674254 1.5125992 1.5668075 3.479886 4.122747 2.298598 27.749268 1.5398564 17.94061954707099 
Car -1 -1 0 508.8973415570853 192.65291220693817 569.8472040179486 246.01286581454482 1.5393755 1.5579677 3.5507958 -2.2564366 2.2461452 23.954947 1.6065093 8.99572491717157 

