Car -1 -1 0 752.6878975884379 179.62168840486527 965.3226375645169 315.9365472284273 1.5051974 1.6344491 4.0557604 3.2278576 1.6199905 10.20399 1.5792172 119.28751386543071 
Car -1 -1 0 35.87210879300902 197.0386341240747 336.60845628828685 337.7754166763974 1.4736648 1.6967177 4.397884 -5.737508 1.9019359 10.549163 1.6068826 120.24020977062258 
Car -1 -1 0 695.216763327872 181.78596943585177 779.5233492199961 240.79763272359233 1.4394937 1.5359067 3.556853 3.435298 1.7091335 19.96616 1.5190662 94.8660769269803 
Car -1 -1 0 287.4382091980208 189.80543259619898 411.27333048142015 268.99782387629614 1.5007849 1.564013 3.6112938 -5.7138157 1.926058 16.278194 1.5472441 92.18658766730573 
Car -1 -1 0 403.68941642454934 185.839566210801 488.11703053782657 233.38213630808252 1.4543468 1.6542246 4.201137 -5.6508245 1.9511408 25.431564 1.6707187 40.30963851646889 
Car -1 -1 0 653.0777019523107 178.4889662301381 699.1309320806927 211.9728425842241 1.4803431 1.5458599 3.5876675 3.1164956 1.7633908 34.384308 1.475931 32.595894065926224 
Car -1 -1 0 485.8338470790553 180.05995510777117 539.5051425517312 209.59645956226242 1.5277421 1.5909276 3.9245656 -5.3686066 1.9526777 40.44763 1.8334062 7.20164474536206 
Car -1 -1 0 650.0793159357636 178.48498218457595 689.5399782554639 207.93062917669755 1.5264405 1.5448629 3.4689815 3.2870817 1.8519504 39.902576 1.4633092 7.414194533188688 
Car -1 -1 0 506.0498321018628 180.16685608838117 546.5667442912104 205.562729921215 1.5051407 1.5623293 3.5090542 -5.2301693 1.9874105 45.712708 1.763027 3.3648756402349633 
Car -1 -1 0 665.66459306045 180.34292787589388 733.04449113731 226.45210772360522 1.4730704 1.5915314 3.9780037 3.1174996 1.7617998 25.767828 1.484032 4.567027127059395 
Car -1 -1 0 972.7273446328707 118.49233371776265 1238.727430319713 241.85282049656408 1.8419255 1.7281034 4.311434 8.51318 1.0302382 12.951493 1.5440694 0.519131752634045 
Car -1 -1 0 266.8709317210624 179.68136671514415 323.43048796247604 226.03531276836412 1.5048469 1.5148355 3.418136 -11.182533 1.7668409 25.829998 1.262219 0.280950665473938 

