Car -1 -1 0 665.0451207460876 175.1816682712372 735.1650464374675 226.68235136451193 1.5467315 1.6513051 4.0587907 2.9048889 1.6305512 23.919668 1.5277082 73.52600944970175 
Car -1 -1 0 333.3916379575826 191.46422657927113 432.3094477383082 253.95002227409825 1.5028428 1.5867251 3.610276 -6.241917 2.0722303 20.256529 1.5889205 78.81430674586798 
Car -1 -1 0 397.0966987530513 188.24400216838995 472.10289512037434 235.6116848788795 1.4773476 1.6427909 4.0421824 -6.1668925 2.072397 25.862396 1.5889004 59.996834683362316 
Car -1 -1 0 0.0 199.74608454029274 107.59062623285823 248.5918152704622 1.552013 1.6204838 3.8507164 -20.889074 2.6349897 27.080088 1.5010965 31.728250458090866 
Car -1 -1 0 452.20599783280943 181.62312981092023 497.83185867163644 217.80728914019323 1.5540179 1.6460396 4.119071 -6.2954226 1.9943254 34.119896 1.5048275 21.18295155087548 
Car -1 -1 0 1089.479577141194 136.85227342954502 1196.6415762314184 180.97822737020644 1.9124146 1.6986532 4.406329 24.590702 0.35210305 33.47872 1.56584 1.4764846563339233 
Car -1 -1 0 63.34809684788809 200.99118507660586 168.26221509198766 245.6212977022425 1.3992939 1.6233773 3.7646437 -18.356628 2.5295105 27.03231 1.4763566 1.401927423229636 
Car -1 -1 0 529.9476424161278 181.53613449414482 555.9864545458348 198.930637457135 1.4951432 1.6029023 4.13931 -6.0834045 2.3187041 66.300606 1.6758845 0.30138078331947327 
Car -1 -1 0 507.27693741435 180.71803252826803 533.6795863706261 204.8043982333036 1.5647604 1.5706769 3.9209232 -6.2427216 2.135588 50.301243 1.3817182 0.5454922329652884 

