Car -1 -1 0 686.2186199224934 185.08346811005356 803.3963073105681 272.1288140610518 1.5070105 1.5249509 3.229119 2.6183658 1.7834764 14.636965 1.4841144 100.54649471294424 
Car -1 -1 0 650.4187917112916 181.39491558307495 734.9630290590625 247.30244428920827 1.5426553 1.5967284 3.6438394 2.114449 1.7926722 19.247822 1.5002811 61.317565266687154 
Car -1 -1 0 767.4788402018278 190.5129772215271 1041.9007549891614 374.33532008364483 1.5250615 1.5368919 3.2949152 2.9697866 1.7623312 8.002967 1.5090014 112.30964994482486 
Car -1 -1 0 408.04331955628874 185.2114426208528 497.05415857249045 247.143005724324 1.4912312 1.6503321 3.9758565 -4.264741 1.8707213 20.163776 1.5630635 80.17597331718113 
Car -1 -1 0 632.395708614358 181.05318592697625 699.0767697905601 229.4105517942017 1.484952 1.6452241 4.304982 1.8599088 1.7955686 25.121077 1.4873698 30.54347956181853 
Car -1 -1 0 449.42940466899563 184.29454178315976 512.8668981347842 230.3293529223983 1.4803563 1.6023151 3.720742 -4.544744 1.9221029 25.99506 1.5769186 13.77663537832847 
Car -1 -1 0 623.9673206398999 179.81167371926404 656.8132240311401 212.6733876646186 1.5621833 1.5988634 3.7150245 1.6074785 1.9373457 37.00552 1.6281812 1.4843315570963256 
Car -1 -1 0 607.2529714024961 183.814819514731 668.9404881355141 222.0117667541422 1.4785223 1.6166179 4.0119314 1.1630766 1.9865358 31.300156 1.3269422 0.7691067344424807 
Car -1 -1 0 483.49343293852536 180.69767429944392 518.0286045059804 215.2010559708431 1.5810381 1.5969728 3.9104934 -5.383643 1.9948331 36.02712 1.4489495 1.8447057413437737 
Car -1 -1 0 756.8314456569087 163.17651403515654 827.3104797267966 187.8627841306619 1.4832824 1.6055739 4.0047855 11.169276 0.90180737 44.348423 0.097865425 0.29505500197410583 

