Car -1 -1 0 674.3254978406175 186.5184579711633 761.7656673513418 252.330094989269 1.4573984 1.6431656 4.1798983 2.7218814 1.8558204 18.943333 1.5646746 70.50925250149177 
Car -1 -1 0 383.5775645571042 195.1249094565219 510.87755029922454 293.7120538683881 1.4494352 1.5915521 3.7098134 -2.832953 1.9185412 13.326065 1.5485711 93.83113476219563 
Car -1 -1 0 647.53581470993 186.67344241453193 700.3984098591359 226.84035596331802 1.4538383 1.5696989 3.6877055 2.5515137 2.0516088 29.315403 1.4992104 31.904948544791907 
Car -1 -1 0 520.0902580291738 187.71710952149138 562.2336716316172 224.78289002109324 1.447325 1.5932206 3.8622274 -2.9473636 2.1404362 31.694122 1.5418708 23.455804160882824 
Car -1 -1 0 440.1053833160084 189.49034272623095 530.1740643142034 256.80523866701947 1.4747703 1.6370507 4.0834084 -3.1254303 1.956833 18.863035 1.5743438 34.34859445047496 
Car -1 -1 0 663.0877246552245 186.67813887864122 727.5249229178224 236.02119318081458 1.4521837 1.6038098 3.9611962 2.80725 1.9572129 24.358057 1.5438738 13.88250143247658 
Car -1 -1 0 631.8702502921315 182.85027930069077 654.6986691659563 205.81612300176533 1.5543947 1.5805784 3.8396623 2.4215426 2.3081248 52.464684 1.597228 5.418237254214362 
Car -1 -1 0 642.854586852463 178.66660732377616 685.3967899089438 219.93497418579082 1.8020266 1.5972433 3.8280027 2.5149512 2.0914721 33.991306 1.5388615 5.8042305337832865 
Car -1 -1 0 569.5937931534031 183.49161390960757 588.1122271428742 200.6310389934048 1.539711 1.5900352 3.9052606 -2.974887 2.5917153 69.33943 1.4796326 1.3724722658548336 

