Car -1 -1 0 771.9853098642292 176.00898004911568 1136.5541549067366 375.0 1.6510981 1.693162 4.1824956 3.0148456 1.6926968 7.4093056 1.5551443 123.62275602929431 
Car -1 -1 0 625.097416269338 177.12531614815063 659.7429485896719 202.03870826383027 1.4646426 1.579614 3.5987403 2.0063777 1.7418501 44.94585 1.44929 29.842498298544434 
Car -1 -1 0 712.6696666665708 177.9442370573833 788.9907379908071 212.6924541997806 1.4519936 1.5077882 3.439462 6.316492 1.694916 32.565872 1.0571575 55.920913888372056 
Car -1 -1 0 190.50109464435394 185.3748779301182 432.2004474111257 265.4460665322995 1.451925 1.6118065 4.0977287 -5.7470303 1.7134159 14.2104645 0.02576109 44.9364536496499 
Car -1 -1 0 54.54670662744097 177.67351263459688 331.4035578832331 284.1775557131932 1.564852 1.622602 3.517174 -6.5308948 1.6479228 11.558802 0.038203806 18.70675576308781 
Car -1 -1 0 222.12274417178756 182.2103468805473 417.6063246573323 250.61286365531788 1.4769063 1.5776232 3.8702383 -6.571158 1.7030776 16.622454 0.015810335 9.059454644401379 
Car -1 -1 0 327.8927389821145 176.70185725568962 455.3013976232014 225.87618699530168 1.5499887 1.6457719 3.6839395 -7.1233373 1.6817391 23.795452 0.047806643 24.41154012409034 
Car -1 -1 0 0.0 178.4828398565163 283.5981010847784 315.6714141094766 1.5473669 1.6117412 3.7513847 -6.311384 1.6239843 9.012964 0.0013065556 11.562441682546089 
Car -1 -1 0 615.6604199821467 174.99454910449413 639.0919738799417 195.99461337457137 1.5151985 1.5868951 3.8762672 1.3124694 1.6824266 54.414253 1.5486751 1.9111015642856164 
Car -1 -1 0 367.6642605578372 178.53704000627167 478.5335362330961 223.54811936570917 1.5395665 1.6167061 3.519504 -6.601485 1.749361 25.767588 0.03454137 3.3548747217025947 
Car -1 -1 0 377.40524392607233 173.06675959743103 487.9929318412862 217.08707407868374 1.6543111 1.674492 3.8719954 -6.7942667 1.6628113 27.975819 0.0075013237 1.2227752685038815 
Car -1 -1 0 0.0 170.03247498403667 315.3265363289592 375.0 1.5651674 1.5488213 3.2848234 -4.120824 1.5456665 6.648674 1.5450919 3.648324631073237 
Car -1 -1 0 438.8781100520588 177.49018476211674 521.3492694703266 205.2228998054635 1.5070927 1.6671951 4.3527527 -7.199525 1.7726192 40.419003 -0.03320958 1.1683512145566142 

