Car -1 -1 0 790.648845767367 186.9153384227262 1001.4013729254787 314.71216468409676 1.4429872 1.6194183 3.771069 3.8775845 1.6839817 10.465792 1.5896981 99.61919124395752 
Car -1 -1 0 318.6118735317521 186.26900893715822 453.8831048034485 270.87130573780786 1.5003563 1.6169252 3.8104205 -4.5677714 1.8211422 15.329888 1.5945296 113.06364779301794 
Car -1 -1 0 738.0961298220578 181.78808518661248 846.6929716200021 259.38806713056647 1.4749656 1.5884646 3.656601 3.9134874 1.6959571 15.994509 1.6034985 75.74635627225753 
Car -1 -1 0 412.1259679941168 183.51488020473917 497.79920340956977 241.99727008574774 1.5053036 1.6040297 3.6198246 -4.411438 1.8439674 21.081806 1.6090575 66.81945826010254 
Car -1 -1 0 529.6162409529048 177.96129984046445 566.7011627171516 205.66393806951308 1.5282092 1.6154934 3.8469214 -3.5689845 1.843029 42.503654 1.6371582 20.667565971094067 
Car -1 -1 0 704.7179405697638 180.8273100207358 790.3673832767444 237.361681013286 1.4462895 1.6346712 4.2053146 3.9254072 1.7036785 21.174177 1.5515184 46.91970401870132 
Car -1 -1 0 457.329342840126 183.73180334541465 526.1400768646964 227.63200529774394 1.4104676 1.6580783 4.3095193 -4.218483 1.8422194 26.452198 1.6111097 30.66998327062061 
Car -1 -1 0 688.2900022244912 179.93838681051997 753.1208153914654 224.70219855390434 1.474088 1.5839013 3.7486074 3.9668992 1.7509859 26.284563 1.5125494 17.22344015386613 
Car -1 -1 0 687.1206235711693 178.5168728830451 736.483323424786 215.31450337355867 1.4955325 1.5553672 3.5872407 4.4316316 1.7585977 31.701363 1.5392678 9.066257176476894 
Car -1 -1 0 675.3538338496817 178.8417960331609 716.6000146047926 210.3190495129665 1.5063672 1.6103331 3.9594862 4.408219 1.8322196 37.276165 1.5584592 0.42651131749153137 

