Car -1 -1 0 657.2218839567496 181.61052915476475 756.4943232386847 246.82949731124395 1.4014549 1.6057796 4.092065 2.3167121 1.6477268 18.18215 1.4795964 59.750149632192986 
Car -1 -1 0 191.72975920717462 187.8745117075464 468.57735735669263 375.0 1.479984 1.6798315 4.25712 -2.6981914 1.6928544 8.047099 1.5059407 106.55616546690798 
Car -1 -1 0 727.4088632586836 153.89686078014003 995.6901463652692 365.3002504896699 1.8000457 1.6264269 3.7269309 2.457494 1.6386305 8.020995 1.5534557 128.97482851143357 
Car -1 -1 0 462.2041506272723 183.62202554509514 539.6898299375808 239.03836405882114 1.4362243 1.6489778 4.0868735 -3.1351418 1.7885222 21.552471 1.5839622 73.62642327541874 
Car -1 -1 0 699.3913024063903 179.31205553959023 840.4313719185149 281.52663514114977 1.5188085 1.6373537 4.1151304 2.6967235 1.6539404 13.039646 1.5715976 35.56867504163815 
Car -1 -1 0 628.9395527156244 174.19430219634148 654.461544904034 197.67482086376944 1.5067345 1.645528 4.1097546 2.1302218 1.6008966 48.61459 1.5983267 8.669145498433062 
Car -1 -1 0 534.4629313665116 176.25968359529386 570.8739622896444 202.91688677584006 1.4888506 1.5832195 3.9198458 -3.3287373 1.7004827 42.825115 1.642988 5.222763115069593 
Car -1 -1 0 556.591555256677 173.85042290427424 578.505126875302 192.68095334281506 1.5398519 1.5882081 3.700098 -3.5864723 1.6269692 61.14631 1.4396187 0.2746827006340027 
Car -1 -1 0 422.5759560020898 187.5483224962396 509.2685530652069 257.60934903141435 1.4612234 1.5478933 3.6105576 -3.4045177 1.8582153 17.656446 1.5274501 0.3067404256506949 

