Car -1 -1 0 690.658385624111 178.0340385419164 810.1901167389686 260.45828733200125 1.4259387 1.697979 4.4457016 2.7435536 1.549721 15.002951 1.5902416 109.03928501788079 
Car -1 -1 0 775.732880929298 174.03777165493676 930.6702058866115 232.35159335108028 1.5246195 1.638632 3.7564845 6.6057816 1.5588034 19.86996 0.07960313 49.27418763775723 
Car -1 -1 0 671.1885803429069 170.18086605945552 739.6079786086542 196.76646713855664 1.5796969 1.693944 3.8902826 5.778512 1.420861 43.783714 -0.032887254 23.065770371661518 
Car -1 -1 0 405.3438951947731 169.8149241746084 512.9383259280851 208.20940870715506 1.4847217 1.6334605 4.001535 -5.93921 1.3671999 28.816866 -0.04957374 24.70396068267419 
Car -1 -1 0 24.574426455928197 172.4540521513603 338.3414426705067 271.8903001575298 1.4808273 1.6158957 4.06547 -6.6805487 1.4748712 11.557154 -0.001919922 47.13661964224267 
Car -1 -1 0 266.136188536122 171.88385787294325 459.38696179016426 241.14987226540316 1.4759183 1.6152773 3.830929 -5.447791 1.4552464 16.282751 -0.0531438 54.57417971447603 
Car -1 -1 0 367.0143553697585 169.23885132595095 488.56654261715784 210.7895542635948 1.4656694 1.6013522 4.0818286 -6.56627 1.3381476 26.373117 -0.05990315 14.099931809648695 
Car -1 -1 0 0.0 171.62677533259398 236.78813577678858 299.0330012969323 1.5001767 1.5938673 3.7199378 -7.1006794 1.4857264 9.361992 0.03747735 22.129113753377574 
Car -1 -1 0 100.88096456633774 167.68285116798114 345.09143106306624 251.85773516572402 1.5084962 1.619949 3.8106096 -7.274638 1.415824 13.877013 -0.07276716 20.774469430431232 
Car -1 -1 0 454.67829649067124 167.16259032827116 530.7108983991639 196.97409599828637 1.5365804 1.593831 3.8981724 -6.168451 1.2432268 38.25863 -0.14394382 3.2267493695147342 
Car -1 -1 0 696.2236432173563 169.87202663068834 752.1060204026552 202.91291668076704 1.4911993 1.6275542 4.023969 5.430892 1.3566169 34.656517 1.4557074 4.355782012539984 
Car -1 -1 0 436.3622431878007 168.78253169368642 528.539025587454 203.1455332741567 1.5222392 1.6277652 4.0804596 -5.855533 1.3418779 33.197693 -0.2172147 4.725908812674938 
Car -1 -1 0 632.8084066656772 172.11148835433278 653.5665231341305 190.3740206450292 1.4206237 1.6139156 3.8604243 2.6804926 1.3628641 58.083485 1.6038224 1.7643884720615968 
Car -1 -1 0 509.25119573868363 170.64035417554092 562.253366108432 192.60583894366926 1.5380739 1.626786 3.8111825 -5.378772 1.383069 52.36892 0.69515055 1.0174368936784348 
Car -1 -1 0 700.3709522914899 168.33240252109755 799.6443532612005 204.2036007138261 1.5343118 1.6429017 4.0162196 6.136035 1.3409102 31.779106 -0.048028924 0.33434802293777466 
Car -1 -1 0 811.9224061057704 157.74971329378582 871.3213804658386 177.11935628288572 1.4570968 1.5940464 4.187476 17.78897 0.32086453 55.461586 0.1927498 0.26120510697364807 
Car -1 -1 0 290.1867243781968 148.88744892575392 472.9049585028775 224.09370841398643 1.8685191 1.7493132 4.216353 -5.8668413 1.2730638 18.882704 0.038865864 0.25356730818748474 

