Car -1 -1 0 80.81655453389772 189.89525170565312 284.664481248028 276.51170267002595 1.417115 1.6274505 4.1702623 -8.024328 1.5225949 14.0961075 1.5424713 120.78519181696412 
Car -1 -1 0 317.44512439652016 180.8620444695549 472.63051123807804 291.0856743043587 1.5460936 1.6529984 3.8385081 -3.342994 1.4850254 12.044536 1.5165703 131.37396199567135 
Car -1 -1 0 552.53411101361 177.5534796461254 598.0589765651192 218.99507074703848 1.4954089 1.6449943 3.17145 -1.2569362 1.2189198 27.576561 1.5043589 40.07428575377292 
Car -1 -1 0 407.19355320082025 184.80492824950426 485.97947739608344 240.22129858217812 1.4202483 1.5341522 3.3517606 -4.4019427 1.4097208 20.11836 1.5451059 39.82358940401422 
Car -1 -1 0 292.39187108294936 181.42417609516045 381.13204925813113 230.29201035987882 1.4783208 1.5854785 3.7631445 -8.778798 1.363622 23.647633 1.5452265 28.9271387727193 
Car -1 -1 0 198.14541515374788 183.2182431668534 289.6579781263974 224.87417610034709 1.4492183 1.5992556 3.9248106 -13.520918 1.3797264 27.005754 1.5254874 15.074356122302241 
Car -1 -1 0 297.99121618154874 182.0225366906832 360.28091062337654 216.62194023339373 1.671281 1.6224778 3.8663633 -14.101557 1.5170393 36.671356 1.5893686 2.1298096882805075 
Car -1 -1 0 380.23900729214546 164.2705781061538 465.75325128946224 199.61485970210484 1.7594386 1.6935604 4.0853124 -9.388925 0.7167904 36.90082 -0.1361342 2.91323784257038 
Car -1 -1 0 0.0 161.74862942032584 148.37134206825678 263.7845351856589 1.9584446 1.7525326 4.4983225 -12.483946 1.5080252 16.092602 1.5142242 4.789305002686242 
Car -1 -1 0 351.6005518118552 179.9077485325006 403.0842888936027 216.3893199995435 1.4794016 1.5672498 3.6913679 -9.872829 1.2641535 31.094929 1.4171648 0.5818313998161976 

