Car -1 -1 0 147.15784799020747 200.31717992059944 345.50454252499935 308.34867392566207 1.4369134 1.5887259 3.7632923 -6.0108814 1.9832952 12.458255 1.5512809 107.3524714203771 
Car -1 -1 0 290.85504915404977 195.00410685417643 414.1604267756151 267.5842120161232 1.4374042 1.596435 3.7675803 -6.0143437 2.0274935 17.332525 1.5781184 73.17549215891421 
Car -1 -1 0 373.3947969301046 189.54748562978398 458.8825310367055 242.56560225549862 1.4606864 1.652972 4.0729804 -6.098362 2.0445595 23.199219 1.5718538 60.234532391218956 
Car -1 -1 0 437.82314292803125 186.66424370282564 496.8752674853208 225.86184282777884 1.479743 1.6399868 3.950348 -5.9588037 2.1043591 30.639196 1.5955408 49.967733132400674 
Car -1 -1 0 674.3125253131744 175.06670858518763 730.7294627928982 222.52644116097107 1.5126518 1.5964565 3.967808 3.1675882 1.5960882 25.196146 1.6070064 28.084137761849245 
Car -1 -1 0 858.5923300191595 151.0696015386193 1050.3110569302573 210.44012399193753 1.509186 1.6718136 4.3334775 9.101627 0.95543116 19.252375 -0.03491777 89.17414708230682 
Car -1 -1 0 655.834903531302 174.89941861721528 706.2612452304159 215.90017119014098 1.6217837 1.6242765 4.1019173 2.9831634 1.7150449 30.823082 1.539208 23.45247886481644 
Car -1 -1 0 468.5631953143867 184.1997527711384 515.1202520044395 217.44369799157744 1.548409 1.6344993 3.9029226 -5.9632416 2.1602085 36.931763 1.6018369 9.965370229249539 
Car -1 -1 0 811.6004334894577 161.45831356714191 949.0000598332659 208.21812968089395 1.502441 1.6225257 4.036552 9.0500145 1.1362858 24.254993 -0.13273862 22.414759463394002 
Car -1 -1 0 770.3969532669203 165.68923150811978 895.8156600584368 206.76758886562806 1.4857131 1.6246917 4.178427 8.297386 1.2265792 26.986923 -0.037695155 20.337094726351655 
Car -1 -1 0 852.1214237370896 154.0469782470708 1007.6422494944495 207.78995098156594 1.5542774 1.6367913 3.9745998 9.584474 1.0103675 21.767763 -0.041674476 15.314642302264398 
Car -1 -1 0 488.23395981553904 181.12541791862773 539.1751617501183 207.60343688241474 1.5470479 1.6548963 4.2345524 -6.025245 2.098425 45.834915 1.849383 0.5411372748085083 
Car -1 -1 0 38.13535530411372 187.43805393622787 227.562044864169 260.6725368271665 1.5496614 1.5410606 3.4231184 -10.86996 1.9034715 16.571962 0.0969533 0.7496152470582215 

