Car -1 -1 0 806.2328618510398 187.00034207017777 1055.2786529792481 334.93495775863227 1.4610951 1.620635 3.8467393 3.8670096 1.6842434 9.439754 1.594437 90.36417603272277 
Car -1 -1 0 293.02266501602105 188.12272780199282 440.21789132418417 280.5813704239639 1.5036167 1.6093296 3.7330675 -4.601504 1.8444189 14.229248 1.5823117 114.11738252181408 
Car -1 -1 0 525.3120190824018 177.8807042558867 561.1865388375569 206.62804967230824 1.5472827 1.5928341 3.456194 -3.745304 1.8466527 41.211586 1.6131908 27.458144535841924 
Car -1 -1 0 707.4078409135024 181.10029342652436 796.830634467792 241.3779385506334 1.4598763 1.6354822 4.1858053 3.8519459 1.7141675 20.149895 1.5617752 73.0140129249305 
Car -1 -1 0 396.25732757560496 183.50684783323663 488.92557537230175 246.9130984388652 1.5293357 1.6129413 3.8134742 -4.5002975 1.8525939 19.97211 1.5911943 61.528293858504895 
Car -1 -1 0 745.6380189006886 181.9348185173601 864.2869678850078 266.1120939688249 1.4774163 1.6106155 3.7002182 3.8952827 1.6893692 14.9559355 1.6169424 77.81062163901066 
Car -1 -1 0 447.3478893455513 183.9464319777143 517.0020359460538 230.23449596731075 1.4230564 1.6520252 4.16365 -4.3629284 1.8438513 25.27875 1.5845957 42.4051627196505 
Car -1 -1 0 689.281143254328 176.6007332316072 735.5978794142459 216.36152424485638 1.5744239 1.5509896 3.5368316 4.3193264 1.7430984 30.69545 1.5962029 13.221911381387597 
Car -1 -1 0 695.1423099401909 178.5518019495939 754.1986356522048 226.99448511406666 1.5375913 1.6023965 3.725863 3.9490244 1.7518297 25.238424 1.6081405 5.252598668904949 
Car -1 -1 0 542.3492179124186 177.76877878244485 572.3760842726346 203.4324122248473 1.4990239 1.5978472 3.7966006 -3.1994119 1.8169436 44.77347 1.5682867 0.27881757989934863 
Car -1 -1 0 681.2746896492911 177.67297831339528 718.757242358912 205.79207971680205 1.5284898 1.569463 3.7546964 5.189735 1.8202465 41.779194 1.5338082 0.7418218714114146 

