Car -1 -1 0 722.3938390422059 187.97925167650703 905.7394626518321 313.2801258474452 1.450941 1.6174259 3.7215078 2.7912955 1.7139883 10.677639 1.5581633 95.86864198507504 
Car -1 -1 0 665.1901182591885 177.5571019374299 737.3257431932644 240.80285930115204 1.6872671 1.6836771 4.1953278 2.6487112 1.8422616 21.670773 1.5833913 72.73550731479773 
Car -1 -1 0 0.0 185.8511010041088 294.2272196261574 319.00843024390855 1.4874196 1.6270266 4.0164857 -6.3690214 1.6698468 9.185614 0.06481846 116.29098552494244 
Car -1 -1 0 652.4903442933168 181.7082143597058 704.8037142824508 226.82504633312558 1.5539365 1.6107601 3.9296737 2.570788 1.9166673 27.591578 1.5672351 13.806851889548543 
Car -1 -1 0 634.3727744686048 178.29141937629024 678.3271976821836 213.24380245792742 1.6674535 1.571956 3.4935112 2.3390036 1.9588563 36.831234 1.4341727 26.86603287677649 
Car -1 -1 0 284.4721257480068 185.13044746917606 447.9607110685551 245.44652155090228 1.4826155 1.5966023 3.8006709 -6.312523 1.8219012 19.025066 -0.06289698 25.33121577699787 
Car -1 -1 0 320.26975866429814 178.18808265210248 470.7241489674132 238.18731605253583 1.7097175 1.7167103 4.060472 -6.3409786 1.8775504 21.71911 -0.062527895 32.94377581496715 
Car -1 -1 0 393.6253357833912 181.9589254183287 495.7625690717725 220.30087783152942 1.5731447 1.6786225 4.0180635 -7.003088 1.9747229 30.927011 -0.028820194 19.0442281626366 
Car -1 -1 0 141.48447927704646 170.27833779198866 395.99960855996164 269.84044353126166 1.8083909 1.7144971 4.1214905 -6.4524775 1.7616079 13.9756975 0.0062379623 83.65813446414668 
Car -1 -1 0 235.93467821521384 182.45746623255224 426.01418433086303 252.9396942983484 1.503525 1.5875258 3.721029 -6.257125 1.7337954 16.460838 0.025033964 6.183110803436339 
Car -1 -1 0 485.41946214726505 181.6920258812458 549.3470009710265 205.2806425884931 1.5176516 1.6457698 4.0341034 -6.07885 2.1141658 47.871326 -0.0026381034 3.0143810715284745 
Car -1 -1 0 625.0333752099624 178.63155272066655 654.3026339476023 201.92663041935918 1.5412427 1.5892837 3.93125 2.0799131 1.963934 50.765114 1.4900671 1.1249128006187306 

