Car -1 -1 0 252.19524000532297 186.42759526045225 440.87279224080595 288.13596220618484 1.4482388 1.6779374 4.402415 -4.2403197 1.4730086 12.490478 1.5718782 89.7750455548657 
Car -1 -1 0 593.8891584134245 173.62665218371396 672.3446557227401 247.49621140668333 1.5895783 1.690737 3.218129 0.6194813 1.3401968 17.109417 1.6094825 65.72589536527128 
Car -1 -1 0 119.45136303973266 184.25715302242028 255.6713638724596 236.30952396377663 1.3958966 1.6407773 4.0897846 -12.255583 1.3701911 21.32596 1.5749547 78.19624835870924 
Car -1 -1 0 15.128100514727597 176.80047353374601 94.92747145149394 207.16904750685802 1.5682478 1.5899855 3.5859876 -29.79733 1.1336815 38.92286 1.5608811 46.11252718129491 
Car -1 -1 0 700.789507198843 182.35285515584962 730.4678111939864 202.0133601172394 1.6599936 1.6904076 4.171436 9.528756 1.4182755 62.94539 1.9431252 6.9016368387460565 
Car -1 -1 0 200.33548161457745 182.3618825162324 285.5908008707017 218.06666705549466 1.4091654 1.6262274 4.1046333 -15.303272 1.2965335 30.445868 1.5422571 4.4075828845296465 
Car -1 -1 0 273.55603753311675 181.6739338322853 379.04074250144623 233.60097436156028 1.3964831 1.5698996 3.5735292 -8.137978 1.3012338 21.154526 1.618559 2.371131234703881 
Car -1 -1 0 644.1078118797302 181.95767080734353 681.0658218138007 210.5380328957196 1.5158743 1.5847983 3.8571537 3.1403673 1.3430717 40.176376 1.7743926 6.156124875271739 
Car -1 -1 0 489.48416330505785 175.94267026214575 544.2346729815913 221.24086609515248 1.6098511 1.608943 3.8695374 -3.3798435 1.2802973 27.482615 1.5702428 0.49211052969887026 

