Car -1 -1 0 366.5087241126522 193.42893073691775 489.12608919114234 267.66224154760107 1.3946922 1.603344 3.7737236 -4.301143 1.9282024 16.692066 0.99042434 114.1697468889815 
Car -1 -1 0 857.1993653448832 173.4057335837734 987.6590974566647 241.19339101703957 1.3912847 1.7180765 4.4347887 7.231907 1.4061761 17.160595 1.7078586 55.22717205454108 
Car -1 -1 0 772.9497662182173 171.48218905071033 845.9630437229679 232.17461796408713 1.400181 1.5933173 3.5194218 5.038849 1.3685331 18.53249 1.7793741 69.62989220603487 
Car -1 -1 0 252.90199454435384 185.9694814870997 314.44243810634396 227.02738114886776 1.4665447 1.6442459 4.0114822 -13.2651825 2.0369542 29.255457 0.9834033 43.82149317695231 
Car -1 -1 0 437.74630855543506 177.0188186129365 526.1974851311924 211.56155932339905 1.5192378 1.6262019 3.6837592 -5.780217 1.7147655 32.919464 0.07845405 47.00496563101056 
Car -1 -1 0 236.39558404884772 184.33384241243823 282.3472216453827 219.70685743324057 1.4938664 1.5997689 3.950872 -16.514866 2.0674138 33.94364 1.0299021 12.121443578608522 
Car -1 -1 0 27.424687404867825 190.4718620225034 75.11924696356982 223.62342825061123 1.5294163 1.6165662 3.7810402 -28.927807 2.4939528 37.473343 1.0048172 19.992889647086695 
Car -1 -1 0 503.6822882560339 152.84849088685067 790.4001506391414 333.6171515547088 2.0163114 1.7849587 4.5819693 0.2596674 1.793168 10.453246 0.99024755 120.87715187786688 
Car -1 -1 0 367.10608178202125 182.98948611778755 457.28347753938027 212.63886652392034 1.4999728 1.6505927 4.2843347 -10.328888 2.0449684 37.94268 0.013980011 9.168052733611058 
Car -1 -1 0 955.803534205765 168.88263856523747 1151.8647576069113 230.69158458535122 1.4382644 1.6383272 4.10679 11.49919 1.3458526 18.978165 1.0486414 2.1123919948814107 
Car -1 -1 0 210.60414004873192 183.87947108921443 235.55596340568206 204.49961259096875 1.5334902 1.6335633 3.8474495 -31.018856 2.451311 57.978035 1.1141033 3.0697651550618197 
Car -1 -1 0 898.4829759953349 134.2636906366953 999.8376623980004 167.48016452968872 1.4368957 1.6309166 4.0213513 15.917606 -0.2687118 33.98497 0.9215174 0.9245905217026199 
Car -1 -1 0 833.798611359136 138.79233651047534 920.4602101726738 171.75937308084863 1.5073605 1.5686579 3.6937664 12.944727 -0.056168318 35.072308 0.934776 1.9627611847068511 
Car -1 -1 0 621.6823641742077 148.96760136156215 685.9817789772493 176.7319521655547 1.6205088 1.6271685 3.6867194 2.7070632 0.22634238 43.836266 -0.60977006 0.5588121211775136 
Car -1 -1 0 970.5085729287115 130.66473238842488 1115.489754376744 182.8278735812098 1.5508994 1.6229893 3.887803 13.884879 0.2965402 23.212646 0.593689 0.26790907979011536 

