Car -1 -1 0 146.0936114051257 184.91690547208836 311.8374229969419 259.1152237599874 1.4286354 1.6169488 3.8032885 -8.066009 1.4228823 15.746105 1.5750282 78.9457917699114 
Car -1 -1 0 286.01756158269853 184.75291103526737 467.7432503995519 290.35379287801317 1.495768 1.6746182 4.275706 -3.6843348 1.4892129 12.336283 1.5907754 98.38211391162878 
Car -1 -1 0 688.2576900997193 185.56144692981218 778.9905966168035 249.5720045081017 1.3910081 1.5570246 3.4420981 2.946581 1.4001931 17.36839 1.5613613 80.62530372435205 
Car -1 -1 0 443.0739394523371 180.11973388437653 508.9800864146793 227.81886777863252 1.4929975 1.5848503 3.453042 -4.3417797 1.3334923 24.228539 1.5728245 76.79181767935049 
Car -1 -1 0 632.1373139007019 177.86504148906582 665.4666744654589 203.25264055381717 1.4677261 1.6221222 4.104675 2.4794068 1.0427647 43.64305 1.5295568 18.024807244257325 
Car -1 -1 0 499.52956458737395 179.56498664395207 536.1763865754915 209.18469385057574 1.4471362 1.5752234 3.6997786 -4.550748 1.1710582 37.002575 1.528867 19.51151698830639 
Car -1 -1 0 584.3612063763993 177.12054504720845 613.6897741951319 202.76746847732068 1.4823799 1.633678 3.7712436 -0.5315255 1.0144839 43.472725 1.5220407 13.450121670124911 
Car -1 -1 0 393.0810864754618 171.958145540493 446.8849816950913 207.40301386406423 1.5927267 1.6343269 3.5174649 -8.804597 0.99699426 34.06103 1.5704664 5.3764875985509235 
Car -1 -1 0 312.7614612390941 180.62653207828595 391.8083780250515 226.95196202773545 1.4473672 1.5298836 3.546202 -8.50402 1.3039857 24.261208 1.5316912 1.1478763917731838 
Car -1 -1 0 525.2035640757347 176.64060710537512 553.9769791016897 200.22859455978343 1.4932828 1.5896465 3.871476 -4.423847 0.9504202 47.45563 1.5562793 0.2714950144290924 

