Car -1 -1 0 0.0 192.67046003546267 263.03706838719296 354.836515716763 1.6133782 1.6913371 4.2591257 -6.5609403 1.9429176 9.851148 1.5487041 112.14162946359862 
Car -1 -1 0 446.8494926892865 186.52823300595537 517.6552583066552 237.72456222881013 1.4296637 1.7030385 4.388501 -4.0484943 1.9184468 23.564808 1.5309341 94.59867862340104 
Car -1 -1 0 309.9615793283595 193.04270732373507 413.9081410545113 252.46706674045552 1.4087862 1.6025124 4.0050044 -6.8835297 2.0379944 20.479078 1.5630878 79.29326882781041 
Car -1 -1 0 717.2300533663781 169.00453762178327 816.5709455728344 203.04369925209096 1.6252699 1.7364731 4.485073 7.642441 1.4414692 35.321556 0.00089861505 33.59077515232185 
Car -1 -1 0 625.7664678440708 178.50690808857763 659.6368521246717 205.38773005039653 1.4675508 1.6639653 3.8353596 1.892215 1.8130996 42.158554 1.5335033 36.91716832227223 
Car -1 -1 0 496.4880141929194 183.0651170944188 541.0845052928157 217.4672618241701 1.4774024 1.577934 3.765057 -4.220044 1.9854188 34.003983 1.584903 25.938774402518643 
Car -1 -1 0 707.8010572219903 165.272529166538 795.2324718153752 197.4659583431662 1.6693916 1.7097758 4.279995 7.4998536 1.2762539 38.356377 -0.04058299 10.43654452031027 
Car -1 -1 0 440.4727134321653 183.61812051681525 488.2792137227449 218.48382484824901 1.5597429 1.5701803 3.891223 -7.0640144 2.117306 35.427544 1.569162 0.3949659466743469 
Car -1 -1 0 1126.118144532145 141.4787684974453 1233.8449537791369 174.74831735069765 1.5041105 1.567061 3.7281015 26.375233 0.08564158 33.439888 0.019265385 0.5944953323014642 
Car -1 -1 0 842.0140962834944 160.68250967540283 884.9054706054623 180.55307923153487 1.487703 1.6217896 3.9321172 19.671083 0.5764272 56.059765 1.4686865 0.25646549463272095 

