Car -1 -1 0 676.3082099396028 171.98957410120804 788.1162958709411 260.4609566528585 1.7955217 1.6925682 4.3055463 2.697898 1.7779782 16.833324 1.5243328 128.51937644700442 
Car -1 -1 0 653.3832983506256 179.8433766180608 706.7250798029858 222.63676500492778 1.4930464 1.6036513 3.841566 2.6400938 1.78054 27.74282 1.551154 29.801498250810706 
Car -1 -1 0 634.7423660192861 177.77006239726072 670.6928000438927 207.10120960579837 1.5173042 1.5684348 3.3318613 2.3292577 1.7988707 39.612747 1.5059967 18.27958705778314 
Car -1 -1 0 24.213433238803972 183.33586380879532 332.4855747511561 286.30748632401304 1.4981105 1.621727 3.9439416 -6.695261 1.6769656 11.488461 0.006340296 70.7013705712427 
Car -1 -1 0 666.6136387520875 182.45912221293253 734.4861501504886 235.83822070616912 1.4785143 1.552101 3.427663 2.7397249 1.7992663 22.353529 1.5337424 16.075685619735207 
Car -1 -1 0 154.02624528443192 182.9251923869143 403.19997859580957 265.7482246522916 1.4787326 1.6131947 4.0960026 -6.2801847 1.685933 13.969885 0.033494823 36.43683157112404 
Car -1 -1 0 208.59274323150808 181.72531832638848 416.6085677503601 251.65504726284266 1.4681147 1.5997213 4.044756 -6.6002727 1.679385 16.280306 0.051599555 25.49590923386977 
Car -1 -1 0 401.5291343676254 175.90937952050896 501.848397853648 214.57735485398766 1.5707462 1.6411492 3.8182857 -6.6268377 1.7041254 30.48403 0.1037846 15.178319348169214 
Car -1 -1 0 264.9991602092716 181.06410978168495 432.41487912431626 241.90078272826264 1.5054013 1.6087277 3.8060713 -6.7371206 1.7298152 18.89948 -0.009781474 15.14284670921293 
Car -1 -1 0 304.7686536448585 176.5151636406368 452.18063348641806 235.1265465483404 1.6267712 1.6739501 3.79122 -6.6512227 1.7383046 21.061115 -0.04412497 19.707577871169217 
Car -1 -1 0 344.0561317122873 176.49461128000652 480.7967165696981 228.25983837765258 1.5971789 1.6656218 3.9908247 -6.2813187 1.7194138 23.308725 -0.042677924 13.864546611632706 
Car -1 -1 0 350.1376486074756 172.5771708327769 476.1249482181239 221.4731793984411 1.675765 1.6812636 4.0111003 -6.8890753 1.6662774 25.578009 -0.004402336 5.258663756308562 
Car -1 -1 0 0.0 186.17880831426422 324.2762510650814 337.2429587174599 1.4854659 1.5848384 3.7951312 -5.522002 1.6637571 8.478521 0.21317647 6.194086779028326 
Car -1 -1 0 464.29603115684984 176.43637666540175 530.4793726522345 203.0164407455975 1.541104 1.6064712 3.7576694 -6.6412992 1.7590445 42.987766 -0.056676768 0.7219277971759526 
Car -1 -1 0 671.5348679215997 170.44989612726246 715.3639428178204 185.32449523887234 1.4457285 1.6185644 4.2334623 8.23728 1.2120626 71.1031 0.078918315 1.0890137291584 
Car -1 -1 0 627.7053713933203 177.7401784780736 655.4975418428564 200.83885200055596 1.5254458 1.5568035 3.5981796 2.2678976 1.8792528 50.34974 1.7237265 1.0821204724045161 
Car -1 -1 0 252.87343008355938 156.4886906933829 328.06835553128 191.262257510845 1.7633293 1.6914437 3.8091662 -17.003859 0.93346226 38.64279 1.820222 0.2635481357574463 

