Car -1 -1 0 691.2223055174287 171.85491380688572 811.6143653566776 265.05439646847 1.6566226 1.5979798 3.4346635 2.72733 1.6388638 14.582054 1.5185596 135.43830332818825 
Car -1 -1 0 653.416785076011 176.7887217489769 705.3239561414532 216.09929016133108 1.4271562 1.5540315 3.4565153 2.6782098 1.5911424 28.309593 1.5253901 55.23518468609463 
Car -1 -1 0 346.29754583250303 177.32413964586607 485.0415211155543 223.76630182557076 1.4628334 1.6203594 4.1203475 -6.2997637 1.6149936 23.72429 0.012724485 35.76659036064236 
Car -1 -1 0 138.30393615655893 180.86601686189837 399.39784172860766 269.70360744354736 1.4933536 1.6142396 4.056774 -6.127752 1.6507249 13.235211 0.065002024 54.785268286313546 
Car -1 -1 0 216.3594970588063 177.5021232370781 426.57923718101875 250.48297958739144 1.5063539 1.6192131 3.9624488 -6.196233 1.6135435 15.81834 -0.0057292236 31.404900476536966 
Car -1 -1 0 384.43844147938324 175.06389734178623 506.1012979209802 218.2789347947079 1.4966897 1.614284 3.994704 -5.8272696 1.5784771 25.88835 0.0042063813 11.603881406484572 
Car -1 -1 0 700.0610493518791 172.2853508644717 787.4991593489527 206.56711473536657 1.5523214 1.6077236 3.7606127 6.179125 1.5265721 33.480873 0.0025940053 9.815901822149904 
Car -1 -1 0 240.14002254974827 164.10509635309842 417.5005433256959 235.73047296975133 1.708637 1.6960514 3.7897537 -6.929985 1.4999301 18.087399 -0.014270263 11.147725605886517 
Car -1 -1 0 0.0 175.06632862393155 314.04836294585795 313.8970737699996 1.5361204 1.5736456 3.4967456 -5.681464 1.5656439 8.819166 -0.01315894 18.504968051158606 
Car -1 -1 0 629.8313115329197 174.46553328971504 649.4757126277499 192.24935601056404 1.4713541 1.634653 3.9579437 2.5827274 1.6144731 62.070145 1.6096091 2.252896611973624 
Car -1 -1 0 484.9104182522833 171.9715641008311 522.0301262718147 203.82437956321857 1.5427212 1.6278757 3.7081728 -5.3701186 1.4999821 36.85797 1.4927893 1.1359610609874342 
Car -1 -1 0 409.4849487064019 173.8503118133502 512.6979327359758 210.96296939071465 1.5225744 1.6045393 3.9982145 -6.2643957 1.566277 30.652552 0.09975883 0.9888464148345193 
Car -1 -1 0 410.8199507655082 172.61183929415728 504.0334295914367 206.7850917768048 1.5369875 1.627883 3.918272 -7.0301423 1.5260959 33.512405 0.12958701 0.6527027535513945 
Car -1 -1 0 455.5657497858698 168.19602783106413 528.4483108099258 195.981043235168 1.7035185 1.713785 4.339007 -7.3149867 1.4179348 45.1967 -0.04739925 0.2802867293357849 

