Car -1 -1 0 735.7324604884226 189.0850369494049 834.9319657191141 261.74739196216234 1.439387 1.6079453 4.139309 4.081773 1.8772856 17.352077 1.6311207 76.58546452743566 
Car -1 -1 0 794.587403356998 192.95623426020464 1005.266252261493 320.1494308659953 1.4783623 1.6836842 4.347576 4.220238 1.8541876 11.286265 1.6077262 113.16463856749984 
Car -1 -1 0 552.6203248643172 178.44172510413077 594.4698945024556 212.50400880370083 1.5335848 1.6709348 4.1504292 -1.7021117 1.8231723 35.28584 1.612644 38.85779812773568 
Car -1 -1 0 697.7169390168516 182.99930143085365 752.432681271763 224.69701268542508 1.5377855 1.5660954 3.491568 4.6154957 1.9737363 29.237476 1.5421172 29.978312183558895 
Car -1 -1 0 413.9982196158734 166.3258611014138 544.0686861215813 285.1504496731297 1.8800495 1.6684304 4.2142606 -2.2568655 1.7767608 13.5249 1.5726694 153.73841410768117 
Car -1 -1 0 719.81630298318 184.6395966843047 788.6594227142617 238.7541873922339 1.5139446 1.5602676 3.4283307 4.464137 1.9126658 22.676098 1.597546 43.682579336366835 
Car -1 -1 0 685.9755262394582 180.77231845075977 731.4310522764366 216.68081916176652 1.5477064 1.5710862 3.6619 4.580819 1.9383596 33.754658 1.5555707 20.9487290469645 
Car -1 -1 0 475.2383478803453 182.75497354191143 560.4959009918726 251.4349193127488 1.5593593 1.6109494 3.8648133 -2.290461 1.8457187 18.908073 1.6072812 22.165636677357202 
Car -1 -1 0 675.1141221782534 180.46560378265696 715.2361056063531 210.61479543915516 1.5303136 1.5585637 3.6560762 4.6302786 1.9660964 39.439106 1.5119566 5.217391467418474 

