Car -1 -1 0 865.7159218890615 183.34397840785905 1227.6597057372685 301.95361602299977 1.4614727 1.6327369 4.0174313 5.8243074 1.6185547 9.925379 -0.031524785 123.1241976431904 
Car -1 -1 0 650.0183979578123 181.6385909775063 712.7275219956502 227.34728646495782 1.3764112 1.5868741 3.8181605 2.3485794 1.6972939 24.414948 1.5279365 64.50010288487152 
Car -1 -1 0 258.50262377748845 182.70016486769896 447.98607908259015 246.11894817129027 1.4894545 1.6550245 4.150665 -6.299148 1.7470518 18.041286 -0.0039650933 111.33843583155517 
Car -1 -1 0 0.0 186.97046297033663 315.00674348916453 306.6650557317551 1.4560986 1.5937176 3.9497824 -6.2889915 1.6629864 9.770941 -0.0034987736 46.45249709725428 
Car -1 -1 0 637.6433463145403 178.42361580912973 684.0174398483405 212.7674446385506 1.4714044 1.595927 4.08239 2.3299952 1.7475779 33.684975 1.4992341 13.100812595815176 
Car -1 -1 0 623.4863337135386 174.78765984863168 651.5775364121956 196.99852417042365 1.5392673 1.5958979 3.5975997 1.989702 1.6841147 52.18882 1.4850388 11.859073282719626 
Car -1 -1 0 550.3960336002643 177.38467984345252 578.6183571949775 200.81631261424732 1.4916157 1.574481 3.7631226 -2.9960861 1.8085122 48.567223 1.5955677 10.125192473233499 
Car -1 -1 0 357.50256511104135 177.6031232567317 486.8877093529761 223.78193609561905 1.5619303 1.6686548 4.1324444 -6.5276814 1.7349317 25.432224 -0.008580687 14.102802846618806 
Car -1 -1 0 494.57311256083494 177.54227133157897 547.0331059495719 198.31489012401326 1.5501539 1.6590174 3.9379516 -6.8068457 1.9170187 55.394028 -0.1244556 8.127224540909143 
Car -1 -1 0 472.5311448107134 180.7855905689024 510.98248807905645 217.2871091110675 1.4604294 1.5690699 3.7207875 -5.1251907 1.8299966 31.668213 1.4313703 6.3651936649937 
Car -1 -1 0 45.827854784008466 183.91981022789835 336.3835653598866 279.6119645266603 1.466708 1.577878 3.9487984 -6.838558 1.6640713 12.057889 0.011221232 2.4173586659033406 
Car -1 -1 0 317.66930861238745 180.18674584788295 459.61465883582673 235.80389232863482 1.5368965 1.5763011 3.6383815 -6.3665876 1.7592847 21.023987 0.039231144 1.1869279627682143 

