Car -1 -1 0 661.078722188545 184.36149194910976 734.683518415467 234.7133043081652 1.4350296 1.5554495 3.368752 2.7528813 1.8323758 23.143692 1.4415963 81.34467050734692 
Car -1 -1 0 926.5399288696108 184.0890377834183 1232.6708283400176 304.91290420028065 1.4225945 1.5569816 3.5215526 6.7626047 1.6202931 10.7747555 1.0956938 141.54661535876107 
Car -1 -1 0 272.07602332216925 191.18288038087744 444.18458939119176 251.24815967249086 1.4683666 1.6251329 3.959848 -6.511212 1.9711711 18.968048 -0.0065115336 67.03319840123052 
Car -1 -1 0 637.8289430986472 182.0622809363379 681.3365468538938 217.3299010035061 1.4504731 1.6154876 4.0809927 2.2133422 1.8953788 32.805332 1.5506189 24.628582142075665 
Car -1 -1 0 135.8948571250185 190.45594497574803 369.98166897327513 274.0748817445062 1.5132239 1.6269042 3.813252 -6.902864 1.8808804 14.239262 -0.009585519 35.15573394689455 
Car -1 -1 0 39.743974602184 192.50827041090022 329.41877587746495 295.56724311796955 1.529053 1.6192106 3.820558 -6.8322363 1.8751395 11.865465 0.015908623 32.26117618561728 
Car -1 -1 0 357.75035251503857 186.8441700918303 478.78165953003935 231.06863947170604 1.4961653 1.6157329 3.907384 -6.8625193 2.0213857 26.070995 0.1097832 18.323494038110002 
Car -1 -1 0 395.72754572910736 185.01791029906394 494.4195835266107 222.38950019986052 1.5083592 1.5824362 3.7940397 -6.976246 2.0440183 30.773754 0.11319651 10.190990776017081 
Car -1 -1 0 485.60556288139304 185.3788258128393 526.3914228691167 216.43403583135645 1.4658253 1.6084245 3.9494405 -5.3466954 2.153701 37.642784 1.5580771 13.299052885031529 
Car -1 -1 0 327.7883830758061 186.66786260944411 455.8569133316323 234.72563410544785 1.483546 1.5669384 3.7123873 -7.090731 1.9543793 23.692331 0.06403927 5.900292953416509 
Car -1 -1 0 288.20957227719805 186.9230816110757 443.1010512432848 243.81672002020147 1.5756885 1.6339587 4.0026445 -7.09005 2.0058675 21.228615 0.008153718 1.858030587487617 
Car -1 -1 0 517.5159436102317 181.40348980434217 550.706486215007 205.91231651734 1.5837375 1.646734 4.006082 -5.1947517 2.2017658 50.10749 1.6343431 1.0694766908684137 

