Car -1 -1 0 648.455541068682 173.15785716728232 703.9519961645724 216.2161663661748 1.6411783 1.6711442 4.1399894 2.6606393 1.6545534 29.646221 1.5130302 84.86245441651307 
Car -1 -1 0 723.2375504081292 186.3500415093258 911.4303813962329 306.96162176158515 1.4033151 1.625799 4.1219177 2.8789797 1.6464095 10.92735 1.5605354 101.26455444820778 
Car -1 -1 0 509.4009212833553 179.72927551347206 566.7496367230701 222.34008223217995 1.3795776 1.5780755 3.6756523 -2.4863558 1.6433797 25.823338 1.6024021 59.75705936669706 
Car -1 -1 0 248.89117712985546 174.83537632413896 435.39799707011275 243.8615890217582 1.5328789 1.6430792 3.8283255 -6.1927814 1.5823486 17.046911 -0.07789782 52.746665425485595 
Car -1 -1 0 0.0 185.5087065994903 307.46922800748195 338.7333331113293 1.5064716 1.6535571 4.187607 -5.843642 1.6648713 8.136674 0.032732394 83.58512242958054 
Car -1 -1 0 415.7461841113595 175.0374701952867 512.6292352911181 208.9986732574843 1.4858091 1.6632011 4.130847 -6.5184503 1.587704 32.683105 -0.07728025 42.018743330096726 
Car -1 -1 0 64.0737830365723 184.08072699719386 369.92401128189215 293.7970932341312 1.4832183 1.5815921 3.7766612 -5.7597656 1.6661307 10.847865 0.06285653 67.93980161723603 
Car -1 -1 0 166.47113059927113 183.13447550279753 398.5932442253477 262.2737764851326 1.4669343 1.595185 3.9890044 -6.494461 1.6877877 14.559795 0.072957754 20.414722694422903 
Car -1 -1 0 501.1675977694511 165.5709148795687 552.564155406743 184.67980397292 1.5577008 1.6526012 4.086593 -6.8094134 0.96400464 59.684643 -0.019999752 1.2703150085960544 

