Car -1 -1 0 403.22178959988645 187.79710176279895 490.28472116418834 252.7709424798414 1.4283311 1.5314337 3.4082973 -4.042922 1.8446612 18.378742 1.5440152 86.520215656033 
Car -1 -1 0 215.77303943266926 193.08600966124578 443.14051403595187 326.8700141264842 1.4375882 1.7139801 4.468545 -3.7936645 1.8003788 10.686361 1.5496354 132.81494699485916 
Car -1 -1 0 640.2256781495589 176.7260578630022 684.8349679450147 212.84843230509983 1.482544 1.6378381 3.6144698 2.2811089 1.6631144 31.826286 1.5522486 59.93020863480933 
Car -1 -1 0 0.0 205.2322828702235 264.4296504118687 342.47911608530234 1.3818375 1.6419126 4.1861157 -6.756302 1.9411082 10.360034 1.5583627 86.23565984583904 
Car -1 -1 0 772.163862357527 163.1210200588753 911.9468295254582 210.97844880508677 1.595504 1.7082984 4.29444 7.955227 1.2710191 24.960854 0.024140477 31.258397852846855 
Car -1 -1 0 713.7462286968232 167.76929058051155 810.0364763817063 200.60084143296734 1.5113423 1.678579 4.2410545 7.1467915 1.2772765 34.145878 0.043719817 14.49126247151312 
Car -1 -1 0 485.01614739915647 181.5368987458534 523.2295170176433 206.72688147726393 1.5320907 1.5900824 3.941775 -6.8657236 2.1261256 47.326443 1.6653016 5.029559187058637 
Car -1 -1 0 752.9992883858506 163.14619020059894 873.2937465426929 206.1459463309135 1.6136355 1.6996115 4.2059617 7.822022 1.2493341 27.992792 0.03164584 8.840341319781306 
Car -1 -1 0 454.337460426562 180.21031502286286 493.10429987022013 214.7977357160872 1.5947844 1.584204 3.9175463 -6.7533064 1.9841466 36.161293 1.4692504 2.3273628312888666 
Car -1 -1 0 918.1305963379249 153.64738969388424 967.6466646651359 179.3437010359147 1.5237467 1.5249038 3.3782382 20.492132 0.3848278 44.484215 1.582974 1.7533089149870078 

