Car -1 -1 0 182.48918198491072 188.36453802047393 363.24526433798763 293.8004348369221 1.5524361 1.5708491 3.5942168 -5.818132 1.8694906 12.951031 1.5695409 114.97538224568156 
Car -1 -1 0 789.0452873296903 180.3345319682609 1166.152229480793 375.0 1.4706168 1.6034371 3.7446136 3.0379338 1.561836 6.901183 1.5382484 101.93449939383589 
Car -1 -1 0 723.8386559230125 179.64108843283844 884.1156000346876 282.79260683560165 1.455966 1.5346005 3.4595318 3.104864 1.5876071 12.207222 1.4875093 80.34640278000916 
Car -1 -1 0 323.90400624762464 187.88241496136095 423.38206750210827 255.99783444557863 1.4689809 1.5034428 3.3762245 -5.7787704 1.8804183 18.03619 1.5297046 79.76539032139253 
Car -1 -1 0 701.5794475442646 178.73123055191633 795.9384983916814 243.38407329299716 1.4009124 1.550844 3.6674638 3.3192277 1.5611398 17.82083 1.54922 33.951993476685935 
Car -1 -1 0 372.50794163070856 176.79849738526963 450.5664345086458 205.22157836234538 1.6187367 1.650945 4.1096916 -11.619613 1.8566297 42.45201 0.11923221 19.21604657210249 
Car -1 -1 0 322.59741447005405 183.6142257376346 368.49512824588606 205.24496551517353 1.433435 1.6809902 4.2894506 -19.11111 2.243277 52.1379 0.8511368 12.463201326115597 
Car -1 -1 0 767.1606427651429 142.92028556071142 903.7468925276946 196.56548732100669 1.5473964 1.6305652 3.9116645 6.9925117 0.683958 22.329845 -0.40305078 0.6485107993625335 
Car -1 -1 0 656.7144394825116 171.74890156051234 685.6162545744752 190.0387301203238 1.4929767 1.6158615 3.8598573 5.1654954 1.4027685 60.921185 1.432407 0.8126104972945983 
Car -1 -1 0 0.0 185.0655638088934 143.2707836596678 245.02145093502557 1.5043223 1.5937519 3.6992397 -14.873113 1.8485211 19.409597 0.07201123 0.2981536090373993 

