Car -1 -1 0 742.5740266062926 173.50742241846075 992.3331850123835 347.0904989579287 1.6497622 1.6173179 3.4667063 2.7954893 1.6591902 8.64092 1.5230399 127.51179309498838 
Car -1 -1 0 670.2562778258429 182.1350566144248 733.5182249060842 233.27118244356274 1.4236841 1.5509129 3.3708038 2.7911725 1.7334461 22.391848 1.5767746 79.01216208090814 
Car -1 -1 0 718.0963509132024 174.72137048697795 834.7767152413207 222.88010252671134 1.7651589 1.7171781 4.1157064 6.284327 1.8389618 27.520359 0.06808327 52.994924314938565 
Car -1 -1 0 257.2672981413779 183.9964370031162 445.3380642937283 246.57514431890672 1.4417208 1.5960355 4.0623984 -6.269655 1.7296108 17.78547 0.029254582 46.46690512027474 
Car -1 -1 0 313.0583189766983 180.37729564364756 478.71620548206687 236.779130724519 1.4742899 1.6141922 4.0896606 -5.808099 1.6906339 19.91576 0.012790358 52.17862890902135 
Car -1 -1 0 0.0 182.8138780113129 324.5223834849465 304.0238454596495 1.512242 1.6225483 3.9131474 -6.2145677 1.6613024 9.968541 -0.009623643 66.3536560342567 
Car -1 -1 0 358.14796554401295 179.514354110252 491.0695863532564 225.61439888756013 1.4974855 1.6269798 4.1385565 -6.2207956 1.7327209 24.590034 -0.039114356 16.488786708201918 
Car -1 -1 0 398.2164501604773 178.39054346857887 506.9506416199921 216.05087674668988 1.4877913 1.6155522 4.0917997 -6.3980894 1.7222154 29.6589 0.041481458 8.003724745213312 
Car -1 -1 0 439.7636755945081 174.34347489102905 520.4566128072298 205.4571937522602 1.6472014 1.6501164 4.131888 -6.981842 1.730012 39.20115 -0.04365707 5.955278964356789 
Car -1 -1 0 365.06513525881144 177.33800051508672 475.94139209147636 219.0119067181291 1.5236452 1.6065826 3.7895947 -7.109314 1.6988236 27.372284 -0.0069127036 6.667650840354365 
Car -1 -1 0 44.649610059088936 162.00274803537536 336.41294846741636 275.41512945674674 1.7715454 1.7054513 3.9308472 -6.908817 1.6020446 12.230744 -0.055295058 31.167911179249405 
Car -1 -1 0 631.4258892222067 176.53781052020037 654.1114951310982 197.35721609825504 1.5462567 1.6285818 3.9455144 2.5587714 1.843663 56.27096 1.5813587 3.5032177782275675 
Car -1 -1 0 344.92208567200635 177.38720793762303 483.59961199107977 231.00050820564013 1.5932987 1.6349251 3.8671386 -6.0611243 1.7416788 22.614845 0.09783366 0.6285265240878104 
Car -1 -1 0 351.6152752366062 166.72185591334716 394.50056203114536 188.46117191131387 1.4437575 1.6599073 3.6759758 -16.263199 1.0365076 49.781364 1.6012405 0.3338969349861145 
Car -1 -1 0 166.297980763536 173.21141221037115 378.927314521008 252.128179211934 1.547015 1.641746 3.6756268 -6.9014783 1.5549316 15.067465 -0.0517215 2.223345025801456 

