Car -1 -1 0 650.3667408031554 177.98040461954096 701.5829543447201 217.01529867638425 1.4747212 1.6012528 4.046321 2.6769342 1.701379 29.85012 1.5332103 35.31430763364427 
Car -1 -1 0 662.9406186789886 181.57014389121514 737.3789084184164 236.58363418627687 1.3773578 1.5733448 3.7174954 2.4835837 1.6480842 20.535292 1.548372 70.549973238997 
Car -1 -1 0 551.2646350149479 175.94271861810054 582.649156086524 201.62338523838534 1.5086864 1.5835757 3.687983 -2.6007261 1.7081202 44.714195 1.6111634 17.719400884820228 
Car -1 -1 0 170.04799006887464 183.66055543236487 415.82434467078673 263.4217828738862 1.4628968 1.6539898 4.169857 -6.167267 1.6910782 14.353931 0.026236905 147.34967145558673 
Car -1 -1 0 321.22163744916116 174.50188121908877 472.58349917827684 229.5258096106038 1.573411 1.6691067 4.037546 -6.331046 1.6253175 21.710514 0.0923642 34.2945587441533 
Car -1 -1 0 633.6052880020354 173.26664676803912 662.181393094618 199.59562891663998 1.6942753 1.6129061 3.9774601 2.5378714 1.7231619 48.502308 1.5458037 26.10759174350486 
Car -1 -1 0 498.43077560810406 176.45592390940558 552.4107888805981 198.5667414513559 1.5430018 1.6310364 3.7801304 -6.003955 1.8059328 51.67379 -0.098050624 5.17944990075136 
Car -1 -1 0 455.5158389129534 178.6891175993567 506.48725722380783 220.12796298591022 1.4951813 1.6323588 4.2086616 -5.2153378 1.7471519 28.91194 1.3028096 2.2614692130897427 
Car -1 -1 0 428.76298300927874 174.38068261203213 522.560517451284 205.6554797961667 1.5190135 1.6729453 4.413968 -6.6313066 1.5972576 36.057358 -0.03919191 5.042122045478189 

