Car -1 -1 0 636.4055782162078 169.14090735804177 707.7819489636098 196.18324369918898 1.4769552 1.5965916 3.7554393 3.4684305 1.2741592 40.37497 -0.091859296 43.01790036765852 
Car -1 -1 0 1048.4801553373409 162.9931265553391 1104.6743998651216 184.3217634697375 1.5724387 1.6215829 3.5174043 35.58522 0.8454525 55.073673 1.3837193 27.03009726692084 
Car -1 -1 0 802.4524225058361 165.45492802009753 841.3768330447128 185.42619063456914 1.463061 1.6364702 4.0018225 16.102392 0.92101717 54.8925 1.5282991 10.335131006802582 
Car -1 -1 0 769.6038277545316 165.70396345664994 810.8456033060813 187.12763965235405 1.534553 1.6454273 4.0873847 13.417642 1.022404 53.807957 1.455022 15.793222404999948 
Car -1 -1 0 110.1857385619377 173.91750890171733 221.77041468215643 210.3700929560128 1.5299284 1.6535392 4.0552816 -19.828934 1.5804607 32.340164 -0.70489645 21.299484154151564 
Car -1 -1 0 972.1229776617093 164.68898233340556 1031.3986776911077 188.11701916559204 1.6616726 1.6442292 3.8678837 28.879059 1.0825548 53.25493 1.3161757 5.524306900729404 
Car -1 -1 0 842.1673072325053 166.27108169607115 888.188706789383 187.16088868303186 1.5072824 1.621769 3.9467561 19.11689 1.0322984 54.127464 1.4337475 1.6318408628731793 
Car -1 -1 0 240.87871341875987 170.39940841900284 283.84762176656744 190.4441153154108 1.5234351 1.5708445 3.6503282 -27.21804 1.3368813 56.676228 1.5874823 0.5344430533708989 
Car -1 -1 0 295.9872497944864 167.636334375172 330.333448107527 186.64108009991745 1.5743151 1.5766041 3.5374844 -25.247477 1.1420938 61.56506 1.5370668 0.2851879596710205 

