Car -1 -1 0 630.139234903764 177.74412496596074 677.9084401411297 212.73375259664175 1.5087903 1.6908045 4.348542 2.0231524 1.7540734 33.963852 1.5013525 48.54597855633152 
Car -1 -1 0 884.5104721877564 186.70821518647168 1206.6721226063544 300.0702410211762 1.4822918 1.5994886 3.6919522 6.128382 1.698242 10.439418 0.004165671 62.8774484419497 
Car -1 -1 0 779.1240200676325 185.2994965624618 998.3329955974119 260.046474174475 1.4636538 1.606643 4.1144605 5.9097104 1.7486842 15.497817 -0.11140516 51.858653133961084 
Car -1 -1 0 134.34177362721937 177.35450746110416 372.60267264237996 265.01207821096125 1.6154268 1.655724 3.9001906 -6.909811 1.7103899 14.308039 -0.04607367 61.67349507200208 
Car -1 -1 0 0.0 185.89828165117854 293.68971286820977 312.2131900308218 1.5252886 1.6424735 3.959787 -6.6221724 1.7184329 9.790468 0.036640532 46.06232423334426 
Car -1 -1 0 400.97909083864425 179.44946035286137 506.6345885808236 214.94029331251653 1.4496403 1.6029364 4.120558 -6.581932 1.7388368 30.724457 0.05494843 16.93083701853575 
Car -1 -1 0 374.93045464512886 179.5500740431055 487.13452023367876 218.7631783242806 1.4678302 1.6126518 3.9672503 -6.895824 1.7364364 28.117352 0.010148883 43.254624795732475 
Car -1 -1 0 853.3468717944654 183.2723741099596 1112.6750803948062 273.9578382002256 1.4845266 1.5951203 3.8543246 6.570749 1.6844026 12.931788 -0.059570376 21.15639384894043 
Car -1 -1 0 745.6429707328632 181.14140703045328 926.2926090320312 243.5102274328783 1.4833529 1.6237798 4.089458 5.70072 1.7062819 18.41682 -0.08998794 41.62419002008084 
Car -1 -1 0 200.00608144350443 165.5534523610208 408.8060401251452 246.46957771367119 1.7837774 1.707317 4.1509705 -6.985312 1.6228384 16.834425 -0.03623751 63.57980763259682 
Car -1 -1 0 447.67002947929814 174.38946928782806 525.8187161512132 201.28658339046459 1.5187335 1.6342306 4.2282877 -7.0492334 1.6091797 41.6692 0.007435308 2.4571851206879525 
Car -1 -1 0 736.2206081270973 171.68941932906904 890.8220884018018 231.77469276653497 1.6475526 1.6888256 3.9402778 5.7773743 1.6156194 20.722143 -0.047707014 4.391534586428474 
Car -1 -1 0 611.8583750094265 176.4508730207667 647.1171566129209 200.01323157828995 1.5162925 1.5638689 3.667456 1.3132656 1.770256 48.9879 1.3577412 2.2219634409720035 
Car -1 -1 0 405.0827929992362 154.7285010606934 430.0019374331304 177.4533425526237 1.7112308 1.644627 3.826503 -14.966302 0.34634036 56.370728 1.3734535 0.5253697298205838 

