Car -1 -1 0 756.8433488205558 185.79772052097965 876.6349210746163 268.93237120266446 1.4485471 1.6222725 3.940209 4.2022233 1.7577465 15.218281 1.6345835 52.02637345500712 
Car -1 -1 0 720.7304833191367 179.16905934609545 804.0232187814412 238.5151150736287 1.5529389 1.5771277 3.4292746 4.349849 1.7519727 20.996525 1.5313194 52.847531691976435 
Car -1 -1 0 707.1454771639837 180.45661195810152 766.4798961525154 225.77796151296567 1.4782939 1.5713923 3.750446 4.519112 1.7729008 26.065475 1.5963249 22.054618359613706 
Car -1 -1 0 494.9609734095516 181.91662900929376 550.0724741883325 220.3693359744075 1.5125837 1.6646034 3.7292397 -3.696933 1.9287964 31.213512 1.6491299 36.10159947545915 
Car -1 -1 0 690.7940946170211 178.87671814239798 741.8898590017154 216.07064292138426 1.5041862 1.5768011 3.6282744 4.616278 1.7834913 31.619194 1.5334285 13.674017167835805 
Car -1 -1 0 810.6503908819819 145.75972958259607 1150.1032044499166 360.222297317358 1.9458596 1.8212183 4.797303 4.037488 1.7000281 8.961416 1.5889285 42.4489297683548 
Car -1 -1 0 529.2573601829199 179.79101640320977 572.5337480966089 212.50137871790488 1.5438782 1.5687356 3.9285536 -2.9467897 1.9185066 36.9404 1.6589947 2.6487730331022385 
Car -1 -1 0 577.2201174103427 181.37951327079492 602.6115570149357 201.15058991214784 1.5009646 1.615405 3.7738338 -1.5585842 2.2142687 58.415398 1.6633977 1.435631542497185 
Car -1 -1 0 540.4440331088249 179.31044365239353 578.0496745235323 207.33975536679714 1.516618 1.6534904 4.090817 -2.8839276 1.912095 42.10138 1.6361601 0.3159545361995697 

