Car -1 -1 0 340.3339134202307 192.16725631108014 478.99507886137974 279.9079340696863 1.4146938 1.6792567 4.283784 -3.874153 1.8664955 14.729631 1.5615638 116.48332185244094 
Car -1 -1 0 443.0090415873174 187.62297434479632 509.1297563279227 237.47847982972024 1.4144974 1.5553987 3.484162 -4.2247577 1.9268092 23.270985 1.5498365 45.61996781072573 
Car -1 -1 0 634.6823573833733 178.91279984985383 672.810318151138 211.02580654687483 1.4547325 1.6478832 3.7783184 2.1113086 1.7669749 35.292374 1.574688 38.64683158659745 
Car -1 -1 0 133.0163670709076 201.4726154908176 334.4882671757958 298.72923741491854 1.3954759 1.6415992 4.2538576 -6.85844 2.0249865 13.739449 1.564704 67.5924846204923 
Car -1 -1 0 757.9775231152695 165.51772487631658 875.914115226307 207.5989837388469 1.6125965 1.7061145 4.1735125 8.125225 1.3314629 28.515234 0.0058148364 32.1659517964882 
Car -1 -1 0 706.4545669674796 168.56081118597342 795.0719586139688 199.41961528563587 1.5734122 1.7009568 4.300203 7.316424 1.3545132 37.65909 0.008960133 6.251392435795277 
Car -1 -1 0 885.6738985362255 156.29488545759142 932.8290022584537 180.4763095081989 1.5565283 1.5369399 3.5316958 19.983885 0.49063838 48.24865 1.5176752 6.060881784475345 
Car -1 -1 0 486.89999435447766 183.07565181112108 515.8177994304406 207.03411025891307 1.5530572 1.6040595 4.0087767 -7.6438265 2.302206 50.74054 1.3180678 1.8478380441682345 
Car -1 -1 0 743.4118822889736 160.16269064149017 845.4998398629465 200.53011076346414 1.7121952 1.6970737 4.0092797 8.011067 1.1738896 31.48701 -0.017149743 0.91841552316309 

