Car -1 -1 0 24.597433106859263 195.49886595124278 247.9029620628568 287.15590749576876 1.3791595 1.6351049 3.8076112 -8.32533 1.594846 13.162123 1.5560163 87.40518009665779 
Car -1 -1 0 336.55821356581686 187.84808668785354 458.2822403408196 262.6676807463646 1.4052114 1.5756152 3.5318122 -4.341878 1.4680395 15.391251 1.5707815 83.03508428533874 
Car -1 -1 0 433.4077184456656 182.56654526378867 500.69369712025656 226.70712751320067 1.4358879 1.6114678 3.9039533 -4.8480268 1.3497113 25.336506 1.5705135 56.798036546031135 
Car -1 -1 0 297.6288254979825 180.49086462399674 385.61550853528 231.53696419014645 1.5408359 1.6582096 3.8682494 -8.625978 1.3982159 23.676765 1.5141473 36.02716612540846 
Car -1 -1 0 575.9164100534435 178.3068595022002 608.2597515474198 208.42554530840292 1.5178413 1.6307353 3.2624347 -0.80931175 1.1696681 37.88156 1.5412806 19.524470915711653 
Car -1 -1 0 483.94806179589546 181.3761982907715 525.4406303072027 213.34920448704747 1.4629182 1.5991825 3.6997466 -4.903159 1.2872427 34.767235 1.5366006 28.16852567019209 
Car -1 -1 0 468.199621540544 173.2417231092705 495.70371833624654 194.18722251122597 1.5142727 1.5964986 3.6572468 -9.343921 0.648604 53.836975 1.520181 4.453390641519698 
Car -1 -1 0 102.03451116883427 168.65882082117608 246.64645212210377 238.8813614659729 1.8211102 1.721959 4.3447094 -12.332192 1.3917339 20.849232 1.5284696 8.690145316062328 
Car -1 -1 0 425.00180703067844 175.27846736163718 469.0596818283435 201.38595878554491 1.4811809 1.5780034 3.8452313 -9.46633 0.9174026 42.745956 1.6248288 1.8412397047045375 
Car -1 -1 0 481.71201461414876 167.18705591003177 524.5952740958409 182.78221499553777 1.4644521 1.609495 3.9304605 -9.915987 -0.2356664 68.70258 -0.056145474 0.8701251627104836 

