Car -1 -1 0 700.4993976374191 181.4574347374238 814.6420967298643 262.41360182607644 1.4803638 1.5546918 3.6750298 3.0285304 1.6869707 15.459222 1.529377 33.07897446546347 
Car -1 -1 0 0.0 161.01437292276682 352.4744838098785 307.642054292095 1.7318724 1.7222941 4.1327553 -5.7705917 1.5920303 9.625504 -0.12042932 157.86713696184265 
Car -1 -1 0 344.29960850012804 176.51993231460776 463.88161726194335 223.99581403751046 1.5727615 1.6319066 3.6471095 -7.0309825 1.7037642 24.910982 0.031682324 64.53564477387357 
Car -1 -1 0 88.74331057200604 174.82751590205356 371.4162234576314 273.32152078431596 1.531134 1.6293086 3.9047701 -6.231142 1.5670885 12.199935 -0.06799248 16.104135833804627 
Car -1 -1 0 638.7969697045054 177.2634442635085 666.567867609099 203.6975956704787 1.4916451 1.57565 3.824392 2.625895 1.768574 43.344112 1.6540432 6.48675057792386 
Car -1 -1 0 481.89184270165424 175.8183033995213 554.6570691128935 200.97186805301175 1.4982305 1.6495174 4.2904644 -5.659192 1.6870596 44.627354 -0.25296172 10.012182121434636 
Car -1 -1 0 388.8323867382699 177.9966471435979 496.6307281957439 219.66573174345982 1.5262446 1.6265824 3.7222486 -6.286813 1.727746 27.45121 0.0038264554 20.631367646675752 
Car -1 -1 0 165.9495929068541 137.5630668805923 274.99923827837057 178.0651342160856 1.3977652 1.6460855 4.1836233 -14.425266 0.1798411 27.03688 1.6286798 2.0272141392842538 
Car -1 -1 0 408.68187992821737 178.4527158975546 507.3764641018663 216.00750559238233 1.5041585 1.6335596 3.7887778 -6.246551 1.7438903 30.026945 -0.027547017 0.36821172180358397 

