Car -1 -1 0 803.064146238557 191.2607479754525 1198.0955877392528 375.0 1.5094162 1.6280539 3.764997 3.1277528 1.7289715 6.720844 1.566916 126.01058481169419 
Car -1 -1 0 450.33980221559676 176.9433591822726 528.3343208885301 243.92114188648273 1.5713367 1.5957388 3.6356215 -3.066448 1.6895317 19.004154 1.5276912 67.95402605816105 
Car -1 -1 0 668.9943838283297 182.45874221356883 728.1149321738402 227.57914751692934 1.4052643 1.5482767 3.7016437 3.0239496 1.7645442 25.127657 1.5553344 42.81814394918961 
Car -1 -1 0 636.3475699086472 178.89409061643133 683.2641061088584 209.10419114107296 1.5672565 1.6170413 3.756453 2.7484603 1.9209467 40.24323 1.3545456 20.800497525802943 
Car -1 -1 0 535.2577905284437 176.52215344713085 572.5639479312101 206.53192424314952 1.5612528 1.5752825 3.691283 -3.029838 1.7736294 39.887302 1.6283752 18.65121652881367 
Car -1 -1 0 511.12606826820235 180.05056749605157 553.5778541609377 215.1192763521971 1.3968605 1.5980289 4.0500636 -3.3253498 1.7329848 31.642601 1.5275244 19.049358944454823 
Car -1 -1 0 700.1707243946272 138.41469733724998 869.4119806123816 288.2870349121034 2.3286247 1.9048542 4.9884915 3.0436814 1.7935278 13.726296 1.5478023 1.6299620419488052 
Car -1 -1 0 457.21809308276397 158.82237299624373 497.3478589484878 186.61905663815685 1.4658326 1.4729791 3.1637557 -7.2295203 0.7258874 39.668976 1.6248325 0.82240368417879 
Car -1 -1 0 567.3968852639324 176.97255610557002 593.3219887558726 195.2535188405804 1.459491 1.5558889 3.6539607 -2.4129708 1.8150859 60.38266 1.7051951 0.25377970933914185 

