Car -1 -1 0 705.7403287370352 191.75675309680082 837.1987043033263 287.5299340343085 1.4707006 1.6068325 3.712916 2.9033868 1.878238 13.686974 1.5546944 85.36778509552724 
Car -1 -1 0 662.7620052872344 189.02698204647137 722.6144608075705 235.66796419196768 1.4616385 1.6232725 3.7080388 2.894709 2.0816069 25.785173 1.5454912 68.54408119106542 
Car -1 -1 0 767.4381385695795 199.70730037104747 1029.482266109373 375.0 1.4674212 1.5677414 3.4596457 2.9687214 1.8370688 8.195967 1.5624274 94.75231316794503 
Car -1 -1 0 334.26209943842946 185.86993082967763 481.9544912102725 234.27454366615933 1.5235615 1.6989061 4.467154 -6.693413 1.9785478 24.232574 0.06354988 46.62273568014136 
Car -1 -1 0 231.57795745005592 183.43964271384183 432.5534248249039 259.3241964894565 1.6150355 1.6680727 3.9486241 -6.231948 1.8699054 16.487785 0.02577265 54.492215312606206 
Car -1 -1 0 647.803753572593 185.29152581400933 683.9389163919661 219.00420659265197 1.5600986 1.6094621 3.5455213 2.803448 2.2199593 36.494274 1.5878255 19.82368534692195 
Car -1 -1 0 393.90837898450025 178.8153218292411 506.25332319507106 226.06950474615283 1.8350165 1.7187133 4.146029 -6.372506 2.0829504 29.125679 0.011624494 25.73158894200194 
Car -1 -1 0 0.0 182.48121246600545 330.0300410955581 325.2727920109888 1.6537924 1.6976842 4.1382937 -6.056401 1.793047 9.462476 -0.061466563 42.37486741914794 
Car -1 -1 0 150.4265401891634 187.4171342572293 397.49466516055037 274.4682308580162 1.528691 1.6315908 3.9840064 -6.3015776 1.8253331 13.829263 0.026362306 9.890307613811554 
Car -1 -1 0 636.7850783033598 184.73837693824476 659.5545133914815 208.21407359348126 1.5737574 1.5632675 3.6105757 2.7565026 2.4612305 52.051888 1.6028357 0.8912664834842633 
Car -1 -1 0 48.20968889830276 175.17657726653132 342.834174295051 288.4851124472504 1.7239176 1.7047058 3.9213614 -6.692979 1.7653316 11.940735 0.03740122 1.3751557508216823 
Car -1 -1 0 447.57929985896953 187.4004533486044 526.8247518650819 219.74780702084536 1.5595626 1.6574417 3.8827786 -6.174094 2.321028 36.74163 -0.105649464 1.4046104299060016 

