Car -1 -1 0 773.1360832544137 184.28445661346686 975.6141598234469 257.27926004025466 1.4694904 1.6254501 3.7933722 5.640969 1.7312741 15.660578 -0.027355574 128.96146879696988 
Car -1 -1 0 330.9730362044964 180.5503820764074 479.8153662461407 228.69382842869703 1.4979115 1.6871676 4.4039545 -6.59161 1.7592814 23.618086 -0.0190717 70.19826123380615 
Car -1 -1 0 193.04981753407458 184.07986204046063 408.5180255420126 257.4368506154506 1.4574522 1.5922941 3.9135916 -6.464976 1.7094138 15.388482 -0.0051696133 31.203889233458455 
Car -1 -1 0 637.1482576008207 180.49754109606633 686.7627305522861 218.1049019214381 1.4246644 1.5963262 3.9418235 2.123785 1.7654312 30.159058 1.520161 26.364244529117855 
Car -1 -1 0 0.0 176.08887172771986 318.9355338676145 300.84845042011307 1.6133277 1.6578994 3.969842 -6.4697886 1.6638043 10.319048 -0.056519907 68.13754169321848 
Car -1 -1 0 386.54472565073166 174.0170735585216 488.8991602037057 214.57579235241292 1.6903771 1.7064204 3.9677577 -7.3526945 1.7420547 31.093275 0.05766794 9.193453597863568 
Car -1 -1 0 95.62637969218724 181.4434021676766 360.9109531553985 273.44327176923406 1.5020082 1.6088051 3.8584752 -6.6246357 1.6657071 12.849772 -0.05087789 11.90800492580272 
Car -1 -1 0 620.4570646279001 176.89344337007083 642.0247376477543 195.9345292947043 1.4518466 1.6105795 3.8786178 1.766315 1.7867799 57.84237 1.6313603 2.677924530576083 
Car -1 -1 0 627.2471418960332 180.07032865940656 667.8625873686841 209.3590936117333 1.4677327 1.5604107 3.6931067 2.0070202 1.8774877 39.039707 1.4439632 2.1817441015880035 
Car -1 -1 0 546.7310681860804 178.30976642609866 574.7885443546497 198.5024906311905 1.4282326 1.5949537 3.8053296 -3.6956334 1.8530185 54.153843 1.3659009 1.9305054701520643 
Car -1 -1 0 473.6150926846742 177.2489197004361 537.4532702072742 202.0975516311975 1.5185847 1.6180043 3.886393 -6.50343 1.8010505 45.40601 -0.08334972 1.224230497035987 
Car -1 -1 0 363.6160960015704 180.03269886214386 484.3752276399494 222.77879643791633 1.5136685 1.5951405 4.043036 -6.8027163 1.7877369 26.692068 0.028480576 0.3286130428314209 

