Car -1 -1 0 88.20855485711762 195.32601525554028 326.2536483728315 321.55083485005406 1.4653817 1.5598441 3.5635338 -5.728323 1.8573456 10.798943 1.5767045 116.03245440278322 
Car -1 -1 0 723.5952306720151 179.03867975948864 856.7920825656602 263.5657661270841 1.4408178 1.569943 3.6444345 3.4502888 1.5805376 14.43617 1.5133374 112.64575458153486 
Car -1 -1 0 341.1115301270786 183.9224667588467 458.5618758671209 246.57247415800921 1.4760476 1.6692338 4.1958156 -5.6319475 1.815192 19.937494 1.6709657 80.4093581385787 
Car -1 -1 0 687.9070647291279 178.18911189392185 775.210391469371 237.50933670805634 1.4587708 1.6355681 4.03592 3.2873814 1.6229049 20.154634 1.53837 53.07731833267325 
Car -1 -1 0 662.1439753799741 174.75040766782757 715.459169876183 215.0329900116621 1.4942358 1.5891018 3.805165 3.1020298 1.5752001 28.87566 1.5355616 50.23807910276073 
Car -1 -1 0 464.7182147254137 175.21294217689498 514.1284008996877 210.3383817315484 1.5942028 1.6382946 3.9299545 -5.761458 1.7151355 35.002422 1.599579 25.418212765772076 
Car -1 -1 0 655.0916172437342 173.8420289126999 702.4153751780392 208.384462504835 1.5284467 1.5676658 3.577825 3.1937199 1.5773888 33.88726 1.4772512 6.803359158040578 
Car -1 -1 0 68.15731703527041 184.03016130087948 218.3456821870012 230.8708714317287 1.467653 1.589194 3.915061 -15.336158 1.8505569 23.86762 -0.029929865 11.224643583402186 
Car -1 -1 0 504.961865289146 172.1124091558651 552.3016504417855 191.57729810578735 1.5742725 1.5957936 3.5474095 -6.68426 1.5142941 59.65907 0.311328 1.3936906849565553 

