Car -1 -1 0 294.7902008965611 188.96024098439443 450.3676032983846 307.7771605621362 1.5274003 1.5628637 3.4942026 -3.603196 1.8255994 11.560902 1.4999716 96.56868812655385 
Car -1 -1 0 651.2522302707777 177.13616091337957 704.0592705052337 219.96752898084455 1.4596698 1.6083691 4.0935154 2.4778163 1.6323662 27.049294 1.574611 43.37129800620193 
Car -1 -1 0 788.6604558851928 188.8312003855461 1034.1944921460529 341.33308931329776 1.4211521 1.5863427 3.8347933 3.4653182 1.6650496 9.072678 1.6028693 123.43728232679251 
Car -1 -1 0 696.6985336737673 175.7310266377539 820.8262953146829 266.5559062837875 1.5621018 1.6274297 3.5133452 2.8096855 1.626257 14.306208 1.5366147 110.16121117868063 
Car -1 -1 0 457.3324627063521 169.32662895822477 523.8727581935378 233.32019404004822 1.8396468 1.676393 4.1148233 -3.6698325 1.738244 22.848654 1.507458 109.39096360725439 
Car -1 -1 0 523.254805002676 174.68964254293397 552.3391841612771 201.43343947102275 1.5682294 1.6348284 3.8602128 -4.391675 1.6866091 44.556557 1.5114853 21.028491920758675 
Car -1 -1 0 645.2236771541064 175.6398424207993 689.8115772821144 211.73743217662636 1.5216718 1.5495176 3.433679 2.5544593 1.653721 32.444084 1.5156661 8.51320232015901 
Car -1 -1 0 630.4872192246931 173.82667180814497 659.8420615528884 200.63740625269202 1.5427891 1.5892541 3.7996325 2.1899266 1.60426 43.63134 1.6689613 3.545423198918748 
Car -1 -1 0 495.8898132238575 182.43621757188956 541.9815307168932 224.43235780330937 1.4579756 1.6233828 4.0125656 -3.458467 1.858118 28.062054 1.4848595 2.253634483005582 

