Car -1 -1 0 789.1621790353083 177.89169268112252 1221.0034732259799 375.0 1.5519701 1.6602863 3.9126313 2.9831324 1.6111467 6.4967623 1.5425581 115.98376345649001 
Car -1 -1 0 0.0 203.1975868611067 258.4342365413432 375.0 1.4770458 1.6435709 4.119808 -6.0603013 1.9285367 8.667011 1.5819674 112.76251551144658 
Car -1 -1 0 267.2982230138756 179.3662490544326 410.35510021882453 264.04533744367575 1.6894796 1.7133876 4.2621574 -6.1167436 1.8609761 16.863003 1.5793267 92.30380690364878 
Car -1 -1 0 991.0236094464682 151.4949863230912 1150.7960324831627 199.06707106766703 1.4510456 1.6604843 4.308819 15.018447 0.799552 23.771767 0.5012801 31.227555346373123 
Car -1 -1 0 531.9506026546663 178.17044158635852 570.7430845341984 205.61407926635056 1.5472138 1.6870159 4.16929 -3.4682064 1.8847075 43.657284 1.6528572 28.965248199488958 
Car -1 -1 0 374.60153980899935 183.481087814052 464.917396640447 238.48659397501427 1.5647718 1.6087112 4.1078787 -6.041848 1.9410383 23.443005 1.6390699 22.60169401356299 
Car -1 -1 0 451.44712195695575 183.11214689080927 499.46583863677114 216.57514408979992 1.4486487 1.5356731 3.538153 -6.282965 1.959122 34.118713 1.5947739 14.026029592112659 
Car -1 -1 0 503.93022295345634 181.34131800692776 529.9737173451299 204.3514775490766 1.4514334 1.6040556 4.006094 -6.265047 2.0533388 49.103825 1.481873 5.103166135296128 
Car -1 -1 0 634.7159523284917 175.69851612348378 656.978225373692 196.21318226317524 1.5156596 1.5937812 3.7418966 2.772981 1.7427342 55.715336 1.5879124 11.09474153441621 
Car -1 -1 0 1110.9479957325866 146.72106359570301 1204.873825630769 173.37559943554416 1.4620317 1.6180899 4.129176 30.728947 0.02861011 40.493954 -0.052754898 0.8592191060303047 
Car -1 -1 0 696.4464537538553 166.72608370709582 758.3255786995727 189.46396415032768 1.6060692 1.6795428 4.174139 8.424891 1.1732292 51.81478 0.0047282097 3.568214289767843 

