Car -1 -1 0 640.2669745014117 185.6177923443085 722.4391234375832 246.51721895422375 1.5145408 1.53747 3.2175295 1.9434794 1.9051617 20.371527 1.4115738 102.24400460055062 
Car -1 -1 0 387.87691912828103 193.26188742695126 444.8952502153405 247.33185083215474 1.4543035 1.6172985 3.8277988 -6.1857076 2.1638765 23.025537 1.2940958 34.18709671266229 
Car -1 -1 0 562.4520472048712 187.88085527621143 600.9082698523805 219.37012271542145 1.5527656 1.6179883 3.4346237 -1.5544393 2.406623 39.164886 1.3907901 47.77276983593567 
Car -1 -1 0 721.3539759803151 185.37656495041048 899.1351890451643 306.28988777280927 1.5022869 1.606902 3.9249804 2.9211621 1.733917 11.361118 1.5415028 89.81609496261578 
Car -1 -1 0 601.6909881737319 182.5667394859895 666.0614233461956 231.7821614939193 1.6728685 1.6149904 3.7554746 0.84554166 2.0674844 27.315086 1.3724009 54.49007403959085 
Car -1 -1 0 787.4816669899526 139.92721664995403 1242.0 375.0 1.8285431 1.7403278 4.3404055 2.9032183 1.6455102 6.1938515 1.5857595 94.15418157175954 
Car -1 -1 0 540.3092584640918 188.00402297029189 568.705858849957 211.84987359142994 1.4867595 1.5796145 3.7311478 -3.8079646 2.5669575 49.47097 1.3954604 13.749147854963653 
Car -1 -1 0 416.12861927811895 192.19082068347095 461.00660488231824 235.45430199912693 1.4884839 1.6212763 3.6779022 -6.7813034 2.3072762 28.573244 1.3296568 2.054636433429559 
Car -1 -1 0 435.90179012537 191.0912635452446 471.20538839851974 218.30868969784154 1.4924994 1.5614264 3.7833052 -9.487452 2.656094 44.09932 1.507778 3.1976390292289274 
Car -1 -1 0 523.9206564084941 187.62210720339033 543.8400341160448 206.28455948745778 1.5314252 1.6064931 4.070642 -6.8135433 2.8995361 64.71208 1.4241035 1.3697269308085234 

