Car -1 -1 0 327.7548314678845 178.668109713989 473.43030061337635 279.7162988159903 1.5751534 1.5990845 3.3988776 -3.5411282 1.4730886 12.916266 1.5850188 116.08698979182773 
Car -1 -1 0 429.090066754482 178.47560133092006 513.2442066466572 236.2487079320493 1.5082666 1.6402593 4.1038437 -3.8204725 1.3323047 20.823397 1.5763202 63.66588074871449 
Car -1 -1 0 698.0082793609428 185.9741041692249 802.5695612594747 257.89649723713416 1.3802822 1.555396 3.409345 2.970561 1.398486 15.5432 1.5621314 83.79939297833057 
Car -1 -1 0 72.4617532594992 187.29873823462128 273.82495692320987 276.49561251624885 1.4283193 1.5798168 3.5377238 -7.8277125 1.4722198 13.372099 1.5824375 94.79088290416699 
Car -1 -1 0 480.56891861219617 177.81448134945668 529.1502703560369 213.72889371650624 1.5052538 1.6135194 3.55914 -4.48378 1.1950521 31.91729 1.581899 43.32606442221294 
Car -1 -1 0 641.2362452195958 176.86455851475546 683.0469089135745 207.9263784762953 1.4814029 1.6378653 3.890704 2.71669 1.0831196 36.26527 1.5240021 38.85686008706032 
Car -1 -1 0 308.046726597767 179.43791014201358 393.8386517288884 227.5123758742893 1.4434173 1.5957557 3.6551285 -8.243629 1.2699414 23.435883 1.5383208 22.04199448179804 
Car -1 -1 0 585.2168322778908 175.4587912385208 611.9915937127331 198.08994103607006 1.4902849 1.664129 3.9724221 -0.62587935 0.8477824 49.367306 1.514497 9.319978357191214 
Car -1 -1 0 517.6168060776877 177.58752423753427 544.4356041590764 203.91631785868825 1.5454936 1.5692896 3.6373088 -4.7020187 1.0977217 44.09771 1.4480511 4.270433861761232 
Car -1 -1 0 571.2288467403365 176.17009942687264 603.1638745463333 195.70707302046085 1.4780142 1.5832753 3.6596756 -1.5322325 0.79369515 56.34933 1.8130747 0.4472026526927948 
Car -1 -1 0 408.9063271462926 167.45962218046887 478.79594668331464 195.9362795821042 1.5554059 1.5809784 3.518205 -9.077667 0.5855622 40.10781 0.030416995 0.5693484366771625 
Car -1 -1 0 616.9153806198544 175.5407957239715 635.8025537200222 191.1073702450734 1.5137455 1.6222839 3.7690954 1.8906826 0.5729258 71.82277 1.5262275 0.25120076537132263 

