Car -1 -1 0 412.8288569020923 187.38003301594517 523.8589582722767 270.3903151695721 1.4552721 1.593401 3.7146366 -2.8245006 1.7979391 15.160732 1.5744808 89.14528081414385 
Car -1 -1 0 668.7673312482946 181.58767582466285 746.7310790060862 240.29382117402596 1.4671628 1.6397723 4.2355137 2.7148654 1.7444959 20.788189 1.5632911 68.53186181557915 
Car -1 -1 0 524.2163496722233 182.02556226835193 570.7286079743783 217.36684320087974 1.4923606 1.5971935 3.9154353 -2.822094 1.943773 33.51053 1.631619 37.07902148699998 
Car -1 -1 0 458.19579094763753 185.48084119707676 539.2123799550565 244.98556329993093 1.4726923 1.6359417 4.0466595 -3.0770893 1.8716991 20.761639 1.5902827 38.76361080900592 
Car -1 -1 0 661.4708433701087 182.03510797080125 718.2081895412451 227.58029307279105 1.4680971 1.6005664 4.044983 2.8240309 1.8258938 26.096249 1.5704268 8.329222845297467 
Car -1 -1 0 645.4818862367047 179.86137079262093 695.5043839816099 218.3812337187426 1.5225409 1.607496 3.8738773 2.571653 1.8450483 31.224655 1.5081902 21.64371545093666 
Car -1 -1 0 643.0260490433675 172.76821225917337 683.9461449899037 212.3368004403759 1.8580408 1.6243829 3.9893298 2.627215 1.8540123 35.89937 1.5412579 7.607064844861765 
Car -1 -1 0 547.2450785910305 180.19193197204018 579.8820584377886 205.32391169858488 1.4639214 1.6302497 3.8905213 -2.8359258 1.9433614 45.164074 1.6147662 1.4303917749253299 
Car -1 -1 0 627.9073330264157 176.79296603232189 653.0237782551951 199.01604929866403 1.5908351 1.5623808 3.64731 2.289178 1.8966928 54.168427 1.5236092 1.2988689610836788 

