Car -1 -1 0 690.0602577441404 175.8285774895046 789.7717507353912 241.36529344848182 1.4635863 1.6112702 4.062915 3.181964 1.5478637 18.372307 1.51859 61.85454799822512 
Car -1 -1 0 265.78470585027344 194.7197125032952 406.90246692429474 273.50622216599777 1.437631 1.6734767 4.238282 -6.0321226 2.0016658 16.480772 1.5556314 88.91098228822433 
Car -1 -1 0 386.5329786552608 189.03775282176247 471.4324920130847 240.4279936693572 1.4634383 1.685201 4.280857 -5.8969355 2.0515022 24.061855 1.5902836 71.99343948284502 
Car -1 -1 0 54.83350667366094 203.56271599746043 304.86468074798137 336.15967602848264 1.4499415 1.5349054 3.5139534 -5.9259553 1.9700028 10.461786 1.56989 117.83404215969996 
Car -1 -1 0 673.8283837558546 175.2286547683893 739.5549335255209 227.20864218202667 1.5610912 1.6195071 3.9835117 3.1197228 1.6461414 23.847216 1.5663991 54.91547735717212 
Car -1 -1 0 656.6136395968467 177.33831440321643 705.4216632524619 213.25283323812184 1.5550733 1.6016052 3.8726368 3.277989 1.7771386 33.735626 1.488979 32.06459383596478 
Car -1 -1 0 439.1907101124163 187.80041700202275 499.52373758810717 228.134701640339 1.4869587 1.5888144 3.8336647 -5.7515593 2.1489513 30.003166 1.6213229 16.17363741274679 
Car -1 -1 0 1001.0644143574413 138.253678007367 1242.0 233.92656653029806 1.5143931 1.6541419 4.1745133 9.192247 0.96670926 12.274931 -0.012843128 100.23492027882135 
Car -1 -1 0 895.0297657328473 152.76216831944328 1097.748194668595 219.47226910556162 1.5166175 1.6386865 3.9604402 9.119377 1.0598407 17.225258 0.0010862197 49.928800157762026 
Car -1 -1 0 478.6081422276555 183.78213610950385 530.0807502669982 214.6487645717304 1.5109615 1.6041682 4.156478 -5.6236544 2.1351805 39.03795 1.7245324 10.161981592886223 
Car -1 -1 0 828.067075178542 159.613952748106 1002.5895888234825 215.8077834779091 1.4893893 1.6284711 4.139911 8.362 1.1384684 19.975103 0.017876958 41.60549746272204 
Car -1 -1 0 962.6812244273815 143.46865698967008 1203.976382725788 223.7192034533822 1.5523611 1.6426992 3.8629518 9.5693 0.983933 14.784376 0.0029269422 38.05034112792144 
Car -1 -1 0 517.1095844101076 181.78265127972878 551.3123881219312 202.6478055830484 1.4542599 1.5564728 3.7827568 -5.598174 2.1472137 53.999634 1.7481942 2.905446230089015 

