Car -1 -1 0 715.8681023258572 180.29349632273113 810.2318251608018 253.38139644527595 1.5324264 1.611313 3.577981 3.5641732 1.7296388 17.312485 1.6038752 54.19556815861213 
Car -1 -1 0 699.9637564765412 178.40581684246968 771.3203197120127 234.3415409623966 1.5574489 1.6330473 3.733103 3.811965 1.743898 22.34793 1.5924753 61.02937010998693 
Car -1 -1 0 316.3842071055605 181.85955317469652 484.36700970469076 234.1983739483798 1.4467075 1.6728095 4.42035 -6.0119114 1.720175 21.071732 0.0011228891 60.29894942102755 
Car -1 -1 0 194.3138548107757 182.93043342006467 440.652317652771 267.0495430396711 1.5013465 1.635639 4.2024307 -5.627257 1.7133758 14.153566 0.10279153 66.44643860024074 
Car -1 -1 0 677.7287075801096 180.01984747706013 717.2482520640425 213.02964767872172 1.5301629 1.519944 3.362554 4.325416 1.9031785 35.869843 1.5597687 21.2018691609801 
Car -1 -1 0 386.4047198917723 179.90540460531585 504.8382143887577 223.8930340056129 1.5526547 1.6441845 3.9827821 -5.9716973 1.8205454 26.574524 0.00775495 15.189713883227066 
Car -1 -1 0 438.26773606184827 180.19612324676783 533.6329876355762 217.20237710739147 1.535078 1.630015 3.8633144 -5.277404 1.8607492 31.139446 -0.026282366 6.271736330028923 
Car -1 -1 0 456.11404104154843 179.14495984453563 551.0960003817178 213.9035870822758 1.5547922 1.644917 4.12508 -4.8786316 1.855352 33.542244 0.05287022 2.260232981711444 
Car -1 -1 0 75.70142181894114 176.52936626077044 367.96832382516857 291.40756801385356 1.4964951 1.5279595 3.5432825 -5.543867 1.5552187 10.496897 0.15698409 3.928767455062033 
Car -1 -1 0 757.1936254712042 175.2980336739569 811.9309784403736 211.80962932790703 1.5266755 1.5833483 3.7039099 7.7583766 1.6423106 32.278645 1.5806926 0.61186274297871 
Car -1 -1 0 977.663734894552 177.43763431128048 1113.6826292206242 227.66886113437872 1.5794883 1.593973 3.4902291 14.260819 1.7358515 23.731716 0.049520783 1.4206991877720487 
Car -1 -1 0 478.54300773581906 176.8452882698088 568.0460778792176 210.88931479430562 1.6138355 1.6561809 4.110757 -4.287458 1.8204951 35.94738 0.30799636 0.5980609362667176 

