Car -1 -1 0 663.6314314422067 177.57606016729665 729.9115132561611 236.713909987563 1.6584466 1.6651286 4.100135 2.6405528 1.8200854 22.631691 1.5916516 73.93787663167672 
Car -1 -1 0 711.325962101979 188.17309975336 870.4500227916282 298.0389111571148 1.4175208 1.5857029 3.7204027 2.7385583 1.7058694 11.706814 1.5522764 98.33308451773766 
Car -1 -1 0 0.0 184.87961444994696 326.11727753314057 302.07787863593603 1.4625483 1.6458352 4.18554 -6.417795 1.6493785 10.209673 0.0862622 139.14068568775556 
Car -1 -1 0 649.7314767973929 180.39857515074902 699.4933795646403 223.3395621771272 1.5429169 1.6119556 4.046179 2.514164 1.8637438 28.659687 1.570847 16.62805874137448 
Car -1 -1 0 635.4193762834091 177.85532506259725 675.6503843169953 212.3788488525647 1.6962061 1.5827961 3.507547 2.3615954 1.9707881 37.795555 1.4801128 30.04608175028142 
Car -1 -1 0 329.4752899843236 178.21570409597567 477.13852321545784 235.13492848060264 1.705876 1.7233392 4.1779947 -6.4017544 1.8816617 22.727688 -0.032084223 27.265490243204713 
Car -1 -1 0 306.4883100862298 183.6855818688533 458.2632985212636 241.3034336903002 1.492957 1.5902001 3.746181 -6.193434 1.8069735 19.982805 -0.0760836 19.802734637836352 
Car -1 -1 0 182.1620964068559 169.66136353202253 410.8766897066809 263.113706325083 1.8332695 1.7141109 4.0243516 -6.393296 1.770639 15.039123 0.013730681 78.21624135202704 
Car -1 -1 0 404.4261867638303 181.9573707016839 497.94698464528904 218.63184995964102 1.5559518 1.633803 3.8032568 -6.9490104 1.9696343 31.916761 -0.029124722 10.846447209533258 
Car -1 -1 0 259.95638302475083 181.83373148617397 437.6458942167559 248.16618439426438 1.5103265 1.5903953 3.7378182 -6.24958 1.7394387 17.537247 0.041656863 5.802667687098011 
Car -1 -1 0 356.4180159561375 149.96368372283249 386.70241479870185 178.86668699000805 1.6133273 1.6151496 4.028571 -13.953895 0.33562 42.438263 1.2707379 0.2540796995162964 

