Car -1 -1 0 718.6714446617948 178.90304701245879 911.3819173519936 253.03619377248478 1.503092 1.6333144 3.7068944 4.391814 1.6430387 15.739141 -0.07535981 128.92037177462473 
Car -1 -1 0 153.6068787287021 171.75432446566296 369.1615248500482 239.9353017865445 1.4786423 1.6395385 4.1683955 -7.883606 1.4547936 16.646654 -0.08744117 93.62119901148075 
Car -1 -1 0 688.6620641517719 179.85409593239476 854.4691888753403 243.07224612363893 1.4815779 1.5791986 3.748415 3.9804866 1.6658227 18.054264 -0.08000581 22.014645537167873 
Car -1 -1 0 0.0 171.06609596866227 267.57823401221503 272.12165506206406 1.4986727 1.6151361 4.1033444 -7.9102187 1.4721577 11.564913 0.027843937 54.39381400754941 
Car -1 -1 0 234.58230417384 165.7190725575026 380.5954438371349 223.70955647690022 1.6301728 1.6557622 3.8287153 -8.895316 1.4296025 21.56454 -0.25339884 21.501611124111324 
Car -1 -1 0 455.25427834718073 168.69099943419425 492.03910486402447 193.98735606689362 1.8352938 1.6934435 4.1081533 -10.315684 1.5332607 54.565575 1.1129366 4.1939939407498725 
Car -1 -1 0 271.1782714426825 166.7093715390734 401.5469646969445 217.14457380291879 1.5927258 1.644418 3.88986 -8.990195 1.3986804 24.044151 -0.23840028 8.215446581693918 
Car -1 -1 0 954.9141891991314 181.19339829156132 1009.0715047154762 203.73458167767416 1.5016665 1.6086557 3.7461903 26.500889 2.1191463 51.470043 1.4518697 0.5266083259863817 
Car -1 -1 0 187.8411830291229 165.53266845649972 367.7805169052748 232.30460979718316 1.6087525 1.647628 3.8985212 -8.371806 1.4323578 18.51496 -0.16387099 0.29041242599487305 

