Car -1 -1 0 663.0742042227639 173.5710735546762 750.3665685894198 244.6107961625755 1.8256946 1.7003795 4.359235 2.6738555 1.8485887 20.812477 1.5140605 105.42167426652188 
Car -1 -1 0 178.73359655922093 184.23907461547304 399.77907014402405 260.34432723711063 1.5040252 1.6384188 4.0395927 -6.7729197 1.763485 15.493512 0.06565072 60.981792058485965 
Car -1 -1 0 298.80950269818106 185.19153611689194 458.4575024073457 241.1503689688662 1.4618076 1.5830458 3.9551492 -6.4001937 1.8236842 20.215275 0.08072319 24.122241716584874 
Car -1 -1 0 648.1482093071531 181.76092496700977 691.4419149130443 219.59969589118512 1.5115359 1.594547 3.8467715 2.585001 1.9261075 31.657051 1.5751534 16.005182147251595 
Car -1 -1 0 264.44138892287583 184.29430868005582 446.6407240801237 249.63048145726034 1.4974827 1.613482 3.958086 -6.232003 1.7976285 17.912037 0.109457776 19.851696230043874 
Car -1 -1 0 633.919719921247 180.44625238208954 666.4532602781499 205.99102257184796 1.4432006 1.5357778 3.500813 2.418736 1.9212732 43.63434 1.5008037 8.138524998810363 
Car -1 -1 0 361.60122487893767 180.84575865450992 477.6263104148611 228.8886365191629 1.5900582 1.6231915 3.5949776 -6.5097904 1.8758857 24.980558 -0.007724237 14.375724219886083 
Car -1 -1 0 370.1539957748075 175.99127314823218 488.1393897222489 222.6857510190585 1.699114 1.6957977 4.087913 -6.7574778 1.8221283 27.337711 -0.052627463 24.44104400395827 
Car -1 -1 0 120.26829324874862 184.87207436993475 378.2262149885312 279.9723896292141 1.5059731 1.5603445 3.6572602 -6.057207 1.725693 12.407782 0.0019313737 6.306724181309617 
Car -1 -1 0 653.9650414320012 183.5958656506555 714.2841913373823 230.36502126074274 1.5180173 1.5636814 3.6726124 2.6306038 1.9357728 26.17363 1.4995971 2.315975617095495 
Car -1 -1 0 427.68490205571254 178.69608317721566 512.7942440140775 213.41415278713376 1.5922325 1.6231453 3.6922736 -6.579313 1.8771951 34.29446 0.04866794 3.0456408875652823 
Car -1 -1 0 442.49018305971566 161.7007981118149 473.2637665254145 178.5001243344614 1.5114214 1.602453 3.8687034 -14.033167 0.5079768 66.93834 1.7013366 0.36069485545158386 
Car -1 -1 0 391.9786981855088 177.06778256115146 495.31173038639326 219.2767354010272 1.6678702 1.6798071 3.8296514 -6.746107 1.8458486 29.58268 0.027948381 0.8972353950543012 
Car -1 -1 0 454.83267618381467 181.20630785683045 527.8797456266707 208.2902034655366 1.5068655 1.6640136 4.107488 -6.8300266 2.0048645 41.921658 -0.13425076 0.2911655604839325 

