Car -1 -1 0 0.0 184.61379117071183 131.84956249495417 233.97711850389598 1.4932846 1.6512451 4.249736 -18.943886 1.9372634 25.05483 1.6539354 69.66370614806175 
Car -1 -1 0 243.2662601156059 177.7533883218681 338.73095346139127 211.1736112623609 1.5393775 1.6202159 4.0730686 -15.802483 1.7978604 35.959908 2.2281213 33.42445869197421 
Car -1 -1 0 189.45993659158054 181.20662289522923 269.8353042714394 209.70737444538779 1.488704 1.5681496 3.7171583 -21.431263 1.9840206 40.816048 2.18284 26.28457172201581 
Car -1 -1 0 415.41375261211033 175.6864201696568 483.2537060077369 199.63166166096454 1.5313647 1.6812134 4.2423606 -10.659279 1.7255315 47.978962 -0.33059332 9.820608492662569 
Car -1 -1 0 1021.4141427196928 166.82483272464444 1068.5767500322638 184.8682268831405 1.5020714 1.6022999 3.7910342 37.359734 1.0001566 62.006657 1.5105892 3.391901692728517 
Car -1 -1 0 836.5938734101514 167.1823726021374 872.0414288329575 185.17764616888266 1.5348153 1.6206284 3.8514338 21.497963 1.0510824 63.510803 1.5106913 3.648900661875307 
Car -1 -1 0 1061.998997376758 166.76039805297015 1114.614811284774 185.79276405181176 1.5849484 1.6901238 3.9450676 41.150703 1.0774944 62.123806 1.4864932 3.28258214040629 
Car -1 -1 0 871.8213248735696 170.77798292692802 940.1132760816557 192.20158830301395 1.4631124 1.6189752 4.082802 20.562326 1.3213317 50.155506 0.034051586 3.1186915297362843 
Car -1 -1 0 911.5937088503226 169.85861182683303 958.2407905295277 194.63655005168184 1.4786029 1.594735 3.6052415 20.200495 1.2998554 44.932545 1.674339 0.3028617203235626 

