Car -1 -1 0 741.8267577853935 175.96604395229036 966.462353751461 318.76175621199496 1.5344574 1.634521 3.9666634 3.0315876 1.5855575 9.844282 1.5454056 109.62224068059251 
Car -1 -1 0 108.80197802511354 195.4195909080867 344.41728693529524 311.1687696092512 1.4601927 1.6321609 4.014636 -6.015479 1.8974524 11.9398775 1.6151941 116.77080505255576 
Car -1 -1 0 337.7584823105129 177.855715157482 445.49080009511187 245.92108863310798 1.681407 1.6873887 4.253003 -5.9667826 1.8367958 20.277237 1.5857403 94.31510710405485 
Car -1 -1 0 407.8363492717719 179.1742823970246 484.62985057902716 227.42188367548152 1.6091363 1.672544 4.191247 -5.9507017 1.8623838 26.768585 1.6318426 19.285509936296084 
Car -1 -1 0 545.7057497927532 178.1332185319649 574.6502233962143 201.77758953803257 1.510472 1.639433 3.9129062 -3.3105016 1.8829587 48.941307 1.5855994 12.53512081669015 
Car -1 -1 0 512.8514803733939 179.02308928223852 539.9174312997858 200.17890036085575 1.4355035 1.6385893 3.9997702 -5.975958 1.8989097 52.171234 1.5337365 5.883191296447532 
Car -1 -1 0 686.0717715325876 171.47123756414965 723.2353362184751 193.40066462666488 1.5545251 1.6206343 3.8907032 6.966349 1.4565041 53.204727 1.3960025 3.2569759759159345 
Car -1 -1 0 469.3242869294825 181.6221266033159 512.674457770031 212.4362253130974 1.4496276 1.6350337 3.994038 -6.0355062 1.9248809 37.0987 1.5541264 2.0378580390409664 
Car -1 -1 0 638.248262680625 174.07874980967935 659.7495487774274 193.01058709387053 1.486352 1.653501 3.815292 3.1868572 1.5894866 58.829117 1.5998473 2.792300125461836 
Car -1 -1 0 838.30313576145 158.41300295790745 873.0178406700397 178.5444585793298 1.678477 1.6454141 4.0079136 21.155794 0.47444645 62.167828 1.5769892 0.33718037605285645 
Car -1 -1 0 915.2787384464355 153.70058578562328 1029.9148061625272 195.5031034991876 1.519402 1.6302456 3.8268821 13.826016 0.82323 27.714233 0.39481857 0.2518981099128723 

