Car -1 -1 0 647.8564456917301 183.25114846230935 697.7795372386544 221.9195995586581 1.441349 1.6518954 3.9693732 2.5595264 1.9020467 29.971018 1.5514024 41.2282019843262 
Car -1 -1 0 229.5965924616279 184.86598795733357 434.23102182543306 256.40119872524497 1.5164013 1.6461034 4.0472836 -6.2453876 1.8061979 16.503197 0.04051907 36.3330154688779 
Car -1 -1 0 27.75814977709065 183.66119752334734 309.80043688563444 290.25899011828113 1.5501673 1.6048746 3.5503886 -6.900749 1.7358553 11.532728 0.035337374 110.29840956928882 
Car -1 -1 0 328.4952272387723 184.23312903581927 484.86631605913817 235.18152473500535 1.4726274 1.6511877 4.3155527 -6.1157064 1.8337843 22.06473 0.004749036 32.10184801351271 
Car -1 -1 0 422.82179793229284 182.29530286379864 522.1438657242295 217.908172696663 1.4843099 1.6292071 4.0224714 -5.9009466 1.9058262 31.367691 -0.01570439 23.6613310601015 
Car -1 -1 0 151.7232990852479 183.30328702126573 394.1759921218023 267.18285114681777 1.5153391 1.633285 3.9703307 -6.4328847 1.7312807 14.076967 0.0088104885 65.93298208434827 
Car -1 -1 0 370.48235110927186 183.444790843333 488.3459535964649 226.03195921852662 1.4681203 1.576827 3.9216304 -6.614131 1.8758802 26.61641 0.20087077 12.473828030807702 
Car -1 -1 0 371.0482483291347 179.9898410334524 473.8276925041907 220.0773508328881 1.5544982 1.6064095 3.7239895 -7.481643 1.8499389 29.069538 0.0003433937 7.994809150986925 
Car -1 -1 0 474.9024194129598 180.88262061506643 547.7429774222279 206.67542070532625 1.520468 1.6829604 4.277995 -5.9518847 2.0212991 44.06598 -0.048449077 2.3798465654377736 
Car -1 -1 0 443.26371746166717 178.87172069897267 533.3603231747234 213.93544895657365 1.5872707 1.699598 3.9273791 -5.634041 1.876739 33.835087 0.0117479935 1.4069187655839452 
Car -1 -1 0 490.2924092135684 181.33478217720312 550.7630624760067 204.79343776178058 1.5202264 1.6327705 3.9680219 -5.960277 2.1023078 48.507927 -0.102490894 0.7882897868262794 

