Car -1 -1 0 149.42699473542154 197.55550009510785 347.82084175579575 308.1848308117074 1.5268545 1.6009262 3.6742373 -6.06632 2.0224247 12.629312 1.5825942 79.74339895887545 
Car -1 -1 0 777.035751211867 174.53586663698186 1005.7560154149267 346.96098999396753 1.5538325 1.5543578 3.2585602 2.944045 1.5769265 8.221343 1.6508507 103.83067907848387 
Car -1 -1 0 455.2770550952716 186.08306717897437 505.75198950000004 220.06239471520325 1.5102515 1.5926517 3.6750667 -6.2739587 2.1944213 35.427822 1.6398054 32.33266200679814 
Car -1 -1 0 643.2844969982502 175.20288674856795 680.9469616332367 206.72023452707109 1.6028104 1.6178592 3.7625313 2.7844226 1.7356306 38.889343 1.5325421 31.186020562712514 
Car -1 -1 0 181.54299078714135 197.96599717792253 236.98349126123324 226.21591130355608 1.4658945 1.5952141 3.6378067 -23.62191 3.0183716 42.71009 1.458352 9.276985139295363 
Car -1 -1 0 220.56424941712606 197.50218285890062 278.89502212361964 225.74855497061856 1.445548 1.6072067 3.6963453 -20.888947 2.9452019 42.037872 1.5529768 8.491033007290225 
Car -1 -1 0 479.338077934577 184.23054023045574 520.5938555863463 213.17720901793436 1.4986525 1.626691 4.086795 -6.1760607 2.1783104 41.04227 1.5968511 11.924963560268953 
Car -1 -1 0 802.3336526618599 162.59993310677723 829.9033470213069 180.04919508662718 1.4994854 1.6067855 3.8467999 18.27907 0.61831176 63.983177 1.6463195 3.037479760501304 
Car -1 -1 0 266.7764814013492 196.9255754234268 325.7912458281827 224.6639663291822 1.4114926 1.6230258 3.8851051 -18.210398 2.8826604 42.121754 1.6143374 1.9960785724753953 

