Car -1 -1 0 795.6403406524795 182.40569592158164 1036.1484942912566 267.25278039782637 1.4920754 1.6358855 3.8933825 5.7135415 1.6857381 13.757143 -0.028036188 122.57452179834009 
Car -1 -1 0 315.3247145062968 182.83953056760362 472.7585723629871 234.3152201344837 1.4715372 1.6631042 4.259056 -6.428552 1.785327 21.816587 0.012139494 86.7125860215022 
Car -1 -1 0 640.2825412888021 181.52627919058995 692.884077347009 221.90102712523284 1.4218102 1.6012824 4.035151 2.1669106 1.7869602 28.33445 1.5332273 40.03283808618971 
Car -1 -1 0 137.54933828527487 185.59710153533172 381.5370889087143 270.58534523405007 1.4695911 1.5868592 3.8039458 -6.427326 1.7229424 13.532736 -0.0100360485 35.80799462860816 
Car -1 -1 0 621.5217884315846 177.50392241198495 644.912630548537 197.25054366155646 1.4556885 1.5810261 3.6481097 1.8039953 1.8278991 55.90879 1.5394678 6.366440924609735 
Car -1 -1 0 17.840865072704517 183.44520621404178 328.56269800840874 293.5397560067625 1.5196834 1.6091387 3.7408953 -6.459899 1.6936612 10.989122 -0.031628694 20.367889510079376 
Car -1 -1 0 628.3952633979785 179.3872810432704 668.7504395156734 210.13832584468372 1.4725149 1.5861547 4.028496 1.9730446 1.8307787 37.4983 1.4950255 9.364784859507301 
Car -1 -1 0 381.87539970417964 177.70575222392347 491.0723083247266 217.68532983327546 1.5536995 1.663415 3.9929192 -6.934264 1.755708 29.149673 0.030616913 6.525908861899125 
Car -1 -1 0 549.267988215098 178.9960483169925 578.182380281476 200.51927331776162 1.4702715 1.5908015 3.8206406 -3.2898211 1.9327977 52.372314 1.643468 3.505893055343669 
Car -1 -1 0 197.13058637445593 182.33760709415725 393.61897456806594 254.41525528487142 1.4936175 1.5610658 3.6971998 -6.892988 1.7159188 16.046637 0.047060452 1.1829609740451918 
Car -1 -1 0 465.2192534167024 178.27689136337713 529.3077588094128 204.59682689947007 1.5313429 1.6242844 3.7435954 -6.721998 1.8655412 43.435802 -0.12016994 1.0304273810099562 
Car -1 -1 0 429.4805705275011 180.3874352628999 520.1877461131816 213.5964270907869 1.4979948 1.6319181 4.124867 -6.3299394 1.866305 34.163914 -0.14850625 0.25359320640563965 

