Car -1 -1 0 0.0 179.69739862580417 311.57214424283853 306.602728667887 1.5744413 1.6586137 3.754769 -6.356696 1.6791408 10.048781 -0.08754509 117.92066581141879 
Car -1 -1 0 729.3959709040441 171.3686130755841 888.835448066064 231.0927450104763 1.8284593 1.7561474 4.5936437 6.287656 1.7829839 23.051348 -0.036546938 88.98335087665552 
Car -1 -1 0 822.8075972770646 182.44724370703346 1043.7886185121836 263.0668890472253 1.5560802 1.6529138 3.9269526 6.661684 1.7717917 15.197712 0.104429066 52.699358989288164 
Car -1 -1 0 843.0188450848764 190.07554952071436 1128.2786287697402 281.18344291748366 1.438299 1.6092255 4.131505 6.4011793 1.7607524 12.618802 0.042254616 85.99766232384059 
Car -1 -1 0 392.4457840956734 175.1440869752344 500.24397094851287 216.3873320775117 1.591063 1.6935788 3.9116023 -6.452086 1.685208 28.796783 0.0095940335 60.64712079666291 
Car -1 -1 0 423.49651300424705 169.83912620608396 521.3514514076278 209.56417550378637 1.7999635 1.7616873 4.401101 -6.355102 1.6633577 33.838074 -0.123305775 24.11423020939917 
Car -1 -1 0 274.17620819912173 165.42160746412404 437.92670111035585 234.60947307720437 1.7525817 1.6855321 3.7545698 -6.6634355 1.5643134 19.208506 0.04774451 59.685440529020966 
Car -1 -1 0 305.7461662595345 176.5633196604959 442.40881075653226 229.12113523922227 1.5054095 1.6034948 3.5694482 -7.02209 1.6217575 21.714283 0.06604523 11.21506829273912 
Car -1 -1 0 513.0654582550403 177.01327566834215 542.2294847616116 198.9802977647148 1.5221272 1.6497176 3.7314305 -6.022872 1.8378811 52.76667 1.3278537 0.30401691794395447 

