Car -1 -1 0 279.31138783668086 191.35051620626027 454.43102689308506 323.89407047433116 1.5386736 1.5337685 3.3440218 -3.3415866 1.8525631 10.547285 1.5364574 101.55601843138578 
Car -1 -1 0 820.461295320299 191.4346736924246 1132.7142823881197 375.0 1.4505967 1.5865531 3.8608463 3.6484163 1.706944 8.0027075 1.5989004 140.5622835284661 
Car -1 -1 0 719.3988541576863 175.95747729708955 855.7540742150604 276.97788429015037 1.5921024 1.6031241 3.4009016 3.0950215 1.6562093 13.190668 1.5538547 109.92171819551966 
Car -1 -1 0 673.8675633068216 179.04087531664635 725.7564950152037 225.14557822483303 1.4840411 1.6190736 4.144013 3.1655066 1.724468 25.917185 1.6390047 30.52215956818099 
Car -1 -1 0 463.3823806936614 171.26349578349829 533.676260040911 239.43842555450956 1.8680499 1.6772262 4.103118 -3.2618983 1.8244686 21.858656 1.5248367 132.8119529982536 
Car -1 -1 0 536.5899650937133 177.7720843131949 570.1765400815459 204.34371240592208 1.5065601 1.6088998 3.877211 -3.3500123 1.8171234 43.599846 1.6027107 12.234035805966304 
Car -1 -1 0 651.4525410737716 177.04421435536642 690.3401292574243 208.053957673494 1.537421 1.5810608 3.3422344 3.182294 1.7677573 37.949474 1.5136654 9.712406473304824 
Car -1 -1 0 643.1819305815901 176.32154800358336 674.5759099884515 203.916010793412 1.5362588 1.5832529 3.5140734 2.8583188 1.7483671 42.374447 1.5648403 3.8280262658411295 
Car -1 -1 0 691.1489593689219 181.0204883941859 777.4219991700364 242.8244418394065 1.5148723 1.5813594 3.6778846 3.3606215 1.7631984 20.061325 1.5164759 4.265271787072687 

