Car -1 -1 0 117.830720996683 182.35146485119657 210.0251895597076 214.6265043573932 1.4996622 1.5763185 3.6786134 -22.578564 2.008629 36.681084 2.098524 35.490771480183 
Car -1 -1 0 171.7958842996742 178.76724907792533 277.30086282576934 217.19962685222808 1.564322 1.6060375 3.8997245 -17.036884 1.8446498 32.109825 2.0717146 42.950975957087955 
Car -1 -1 0 1069.0101372310696 166.09703350294453 1120.582005153106 185.71850729356154 1.585882 1.6037625 3.6171331 40.42836 1.039758 60.20672 1.4546587 12.228583533746846 
Car -1 -1 0 838.294704503413 173.39543594246106 906.8395165900442 196.4114988038684 1.506484 1.6151195 3.981918 17.51378 1.5432673 48.14373 -0.034274638 23.003494249437654 
Car -1 -1 0 282.6231531399212 177.98234377246538 316.8595194564945 197.3037232041004 1.6330206 1.6348982 3.7218137 -27.395363 2.1008115 63.9068 1.5065131 5.327030467715245 
Car -1 -1 0 809.031533421362 172.34141976754097 845.3156099655657 190.8113118577169 1.5004888 1.6087673 3.799808 18.226004 1.4588466 60.58306 1.4791558 3.9381076541556235 
Car -1 -1 0 358.0466598054724 176.4389831191473 390.3771511116112 193.20840831122646 1.4959257 1.6175518 3.879807 -21.868687 1.8394821 67.17692 1.6093299 1.3159545715911112 
Car -1 -1 0 884.615524628543 170.7675571679904 919.1415171048153 189.420096947275 1.5079249 1.6059251 3.971377 24.414248 1.3392506 60.383404 1.6646849 0.6375637255640386 
Car -1 -1 0 399.06342390456524 176.80165351915534 467.9137340471067 201.93134141043907 1.5230496 1.6732228 4.078069 -11.150342 1.7810476 45.675835 -0.34697914 1.271408188935491 
Car -1 -1 0 459.2019431880349 173.81290557272803 483.23016993929144 194.87969557529604 1.4994597 1.5436647 3.1931958 -10.233049 1.5725429 53.253574 1.318344 0.30728670954704285 

