Car -1 -1 0 386.63791192644976 187.8038719366319 460.9689642652315 237.13520351589918 1.3854786 1.5765486 3.8230462 -5.6019077 1.4730296 22.355968 1.5022745 57.303990807613374 
Car -1 -1 0 296.79567274912455 191.00774342551847 412.6238334801611 262.3239588532707 1.3681262 1.571375 3.4899254 -5.43382 1.510619 15.883974 1.4926882 76.90655052671787 
Car -1 -1 0 668.2704639589329 181.61707753997223 810.2278222928593 282.5463375851411 1.5635878 1.6533031 3.7647614 2.2216945 1.5078382 13.072089 1.500736 136.34130856678456 
Car -1 -1 0 537.579976472441 180.9276379522468 581.2300628025199 220.6609465179653 1.5295855 1.6515524 3.3782656 -2.0054622 1.364511 29.440252 1.464901 46.84322408724502 
Car -1 -1 0 0.0 191.1506725054565 277.94315522930077 375.0 1.4992198 1.578388 3.4874873 -4.7564926 1.5728291 7.1238875 1.5050504 112.19767549055791 
Car -1 -1 0 526.4437852997079 182.9235900064224 563.7721803669104 211.57833952800615 1.4793749 1.5705853 3.4009788 -3.312076 1.3610389 38.848656 1.6183141 5.939073142721837 
Car -1 -1 0 463.49200236306626 182.33634873926425 498.807034099966 208.1294036954532 1.4618365 1.5813988 3.8908298 -7.441965 1.2986476 42.720608 1.5257849 6.895469807930768 
Car -1 -1 0 420.14168934289825 181.78350442236632 475.06748893564145 220.8834862699726 1.528406 1.6795018 4.3294277 -6.647159 1.3942426 30.324594 1.4910381 8.443232012375379 
Car -1 -1 0 576.5445633935365 181.4918420572687 602.9745385564863 201.0681627026552 1.4645193 1.605971 3.9363036 -1.3879385 1.1859348 55.839466 1.4301027 7.314024560709747 
Car -1 -1 0 170.74595516031815 169.14955854726745 308.44120612532845 247.20207934554895 1.8940053 1.743589 4.7173915 -9.928234 1.5041479 19.869417 1.4833592 26.10786424375652 
Car -1 -1 0 363.67200810087115 174.65187689899807 410.29320460480324 207.84937400076683 1.7153356 1.6908947 4.04178 -11.953093 1.1694963 39.241875 1.4661745 0.9015388466273601 
Car -1 -1 0 434.5946183397426 176.9641825540648 457.7749096087301 194.52665337832005 1.5291536 1.6100471 3.799327 -14.429262 0.81069916 64.56476 1.4644109 0.2817666530609131 
Car -1 -1 0 410.8351787887561 179.78500129416116 446.83580978509406 200.01248107061167 1.4311323 1.5680315 3.9408028 -13.064635 1.0469003 52.85255 1.5995572 0.269790381193161 
Car -1 -1 0 668.0365732199199 182.41248913808616 708.1725475754769 208.74992084387162 1.4866595 1.5977361 3.6246033 4.7319593 1.3284278 42.465916 1.4610279 0.2541627883911133 

