Car -1 -1 0 768.8584906068629 192.4865126615588 1048.0312378572996 374.79995758174715 1.4083915 1.5434941 3.4564247 2.8451004 1.6643157 7.6761255 1.5726638 85.02700832510946 
Car -1 -1 0 638.6335679958158 175.6451806276059 670.22653786407 203.28650210179626 1.4997593 1.6202756 3.9993382 2.5408096 1.668321 41.564644 1.5833409 15.039848607624121 
Car -1 -1 0 730.9315053721782 180.8267910550216 874.1888272623272 228.71487007062265 1.451951 1.5992119 4.1371384 6.109503 1.7172264 23.094162 -0.055575527 33.60849350568686 
Car -1 -1 0 317.5886191106482 173.50057978006316 459.26781526516703 228.20986329829884 1.6098897 1.6457553 3.8292217 -6.6979914 1.6304679 22.108147 0.01723956 41.62884607963261 
Car -1 -1 0 842.6359640840399 173.5299418287077 1112.737037693053 272.2655447693968 1.6142671 1.6459032 3.9098053 6.318023 1.6270295 12.716262 0.04347579 77.84949409547414 
Car -1 -1 0 168.7682515097929 177.9865492568979 406.4255592947344 255.12988109518102 1.493707 1.6243604 4.1946115 -6.528517 1.6061922 14.949581 -0.024684917 31.055870139524785 
Car -1 -1 0 709.4996518274113 178.66950971979136 829.2517068294914 221.63905341326554 1.4800062 1.6044956 3.9275074 5.6997213 1.6967884 25.996101 -0.050505307 26.089930787942755 
Car -1 -1 0 0.0 177.59109530454933 347.09465897393227 294.90806822783316 1.4962251 1.6159683 4.057465 -5.9939675 1.567921 10.09472 -0.008777696 72.83408504836453 
Car -1 -1 0 247.74035883722374 177.35840654983383 433.29865029365516 244.2791717876829 1.5284146 1.6461972 3.8866656 -6.4375443 1.6434745 17.516628 0.047389563 22.460433235839197 
Car -1 -1 0 441.91739645339146 174.11657569104702 525.3489467990463 205.32462329565226 1.5136273 1.6287928 3.8726432 -6.215913 1.577879 35.89057 -0.0071035326 25.199157565350596 
Car -1 -1 0 83.48646032928434 176.27013947555577 345.39556395852304 266.8309605753896 1.4752256 1.5822396 3.7413075 -6.795986 1.5391214 12.65641 0.025911575 24.154734140568802 
Car -1 -1 0 776.3326986064853 178.41260880642332 952.6396859615131 241.4037610594288 1.4943441 1.580964 3.85956 6.302202 1.6401672 18.096321 -0.021783296 24.857717541673868 
Car -1 -1 0 814.5168623592376 177.9072289326356 1037.9331348130818 254.25473198514305 1.5079286 1.6198555 3.9996572 6.5523195 1.620305 15.20418 -0.01597162 11.901650238430431 
Car -1 -1 0 339.4674820478339 168.01338491829955 475.99642460496347 221.06433096748697 1.7417843 1.7055038 4.1646376 -6.802784 1.5828557 24.591728 0.023763001 30.473866822573036 
Car -1 -1 0 457.5771152615633 176.37089047025742 537.5873517750643 205.46221880308119 1.506785 1.6454483 3.9836116 -5.925802 1.6985035 38.458645 0.026411511 3.619502361608518 
Car -1 -1 0 709.649026976432 170.74265612920018 818.5833235783158 215.49866933584087 1.706027 1.6856067 3.9043605 6.024559 1.6255459 28.402363 -0.028716931 4.46970460532899 
Car -1 -1 0 466.2912369962205 172.02844180238085 534.7855526196238 195.59887122030682 1.5885947 1.6881521 4.4085646 -7.4555125 1.5329536 49.57577 0.046547715 1.9410763009355774 
Car -1 -1 0 674.830162917695 172.8349101857984 710.0351253168645 195.63046494442372 1.5662452 1.6543758 4.0607686 5.889002 1.5649333 51.682728 1.4638934 0.3681451976299286 

