Car -1 -1 0 718.0725500889472 175.3863591817282 881.2360587858745 295.0425633872697 1.6116095 1.6808221 4.0992346 2.8941607 1.6605296 11.87216 1.5914526 110.66970195764773 
Car -1 -1 0 435.12387023971485 183.51777224037923 539.7369844115617 250.6572059552612 1.4512832 1.6855447 4.395862 -2.9862404 1.7587888 18.558706 1.6356174 112.2882219679358 
Car -1 -1 0 678.1904040113909 182.60555527619886 765.5066925588781 247.47472381147506 1.4590814 1.5885525 3.7498527 2.7970767 1.7373383 18.693916 1.5448596 58.21965654750826 
Car -1 -1 0 661.2781636513441 182.4578057862607 725.5395064920152 232.28179143968782 1.4616576 1.6132228 4.0564127 2.6983097 1.8081384 23.992306 1.5572602 17.803037196479302 
Car -1 -1 0 522.143623651011 178.2146011703928 562.7830697300956 212.57325167721578 1.4927402 1.4924257 3.2784472 -3.072084 1.7541555 33.526234 1.600036 23.31314203068347 
Car -1 -1 0 487.987921620677 179.85394736534528 545.1052277460735 229.7868910917729 1.5588417 1.559323 3.4621613 -3.12229 1.8159056 24.75569 1.5567652 21.03564347062659 
Car -1 -1 0 645.6196266816562 176.0363055439438 666.3485894090137 195.81421036248904 1.5216565 1.5768383 3.5597794 3.7529514 1.7853601 57.94834 1.6589198 2.7776236523481024 
Car -1 -1 0 652.0655094506807 178.7933567663362 687.6908618024813 209.2397051787563 1.4959191 1.5548155 3.7084737 3.1337528 1.8242738 38.032867 1.567158 3.3714182668164057 
Car -1 -1 0 538.1699417391862 178.43602295593388 577.0243812098294 207.53971026829737 1.5300913 1.585066 3.6022043 -2.872141 1.8580602 40.522644 1.6703802 1.6041244645187527 

