Car -1 -1 0 723.4115352761672 183.60646976245866 899.6235754908021 301.6797520218199 1.4859073 1.5792925 3.5587914 2.9321759 1.6804118 11.231947 1.5157294 86.19874814263976 
Car -1 -1 0 705.4288551551323 172.2720028172394 829.4073918167053 217.54833006851942 1.7541754 1.7516105 4.558756 6.2657423 1.7316265 28.939713 -0.04820555 45.73241122951418 
Car -1 -1 0 196.33592182601723 173.98595002494915 404.15950698387843 253.29642054749442 1.6242795 1.6824557 3.8551736 -6.6345963 1.6506761 15.815985 -0.089446515 70.0474121393831 
Car -1 -1 0 425.51485761228025 172.8725067854014 513.8485691475231 206.91649569211697 1.5878315 1.6808399 3.9363966 -6.64396 1.5887408 34.557034 -0.03207758 31.110650840300664 
Car -1 -1 0 792.294357125976 184.30061108587208 973.0885049309708 244.87927648439808 1.4536479 1.6426904 4.0315466 6.9076324 1.7619737 18.543259 0.035355695 42.70567926872195 
Car -1 -1 0 54.13101086961557 168.87186106460643 361.539384452177 287.17306474749887 1.65252 1.6289994 3.7488744 -5.914144 1.5968944 10.959186 -0.03533221 85.67022750852963 
Car -1 -1 0 0.0 184.02956682983054 301.1936163449059 321.272898283833 1.4637957 1.5988181 4.025384 -6.046563 1.6101546 8.638631 -0.005701893 58.646702116464496 
Car -1 -1 0 756.8272910760169 177.1466431178416 910.5235961482306 232.46576227656385 1.5384777 1.6505035 4.0242763 6.470275 1.6699239 21.153553 0.05819154 17.702468888077565 
Car -1 -1 0 346.2375425941518 163.25469319546528 468.6066608035105 213.34973041184955 1.6762872 1.6390426 3.7795084 -6.926045 1.3550737 24.973991 -0.005442898 2.2446443615159986 
Car -1 -1 0 494.93643825009644 169.06077058598532 529.0867524135389 200.9966019445903 1.7181084 1.675164 3.9671764 -5.575244 1.5140371 40.92694 1.3739364 2.419515197950884 
Car -1 -1 0 359.3047124769982 168.91131537548102 473.2317290038948 211.8872920549108 1.5811157 1.6335446 3.892674 -7.269565 1.4360615 27.383448 -0.01071447 0.25149446725845337 

