Car -1 -1 0 215.591976420665 185.68893176482672 372.44478984980077 276.28468869563835 1.594938 1.6782167 4.1940856 -6.5199213 1.9074936 15.438812 1.5266384 88.90760613292491 
Car -1 -1 0 0.0 183.01881037748308 255.54852875459477 373.27889243071104 1.734025 1.7026906 4.3576155 -6.2762585 1.8922833 9.023046 1.5312685 116.74560047685236 
Car -1 -1 0 491.55619695334263 180.88958713083684 543.4899830186298 217.3585369839418 1.4400632 1.6650368 4.2978344 -3.9545672 1.8161135 31.60534 1.5859351 53.95656185205935 
Car -1 -1 0 385.13888620448404 186.048917154665 455.6647657379771 230.6977423437445 1.4328125 1.590826 3.8573585 -6.7835526 1.948038 26.236872 1.5599192 46.78782989244237 
Car -1 -1 0 626.5167761428434 174.96682556985638 654.9521854620292 198.6956758458965 1.5030136 1.5811315 3.7675095 2.0356154 1.6490481 47.957634 1.5309236 26.394361395224397 
Car -1 -1 0 1090.3683593766168 150.67316312495976 1220.4569865035255 202.43539962298178 1.5814507 1.5962226 3.9239283 18.021992 0.903777 24.062927 1.6490564 11.07320363506378 
Car -1 -1 0 702.0443111906225 167.53553030968578 784.159247490737 196.24331830100803 1.5943171 1.7104039 4.3987823 7.5388994 1.2989501 41.026897 0.04605131 14.992447311840586 
Car -1 -1 0 523.6503229243407 178.58189432403276 554.1977494364601 205.01773777873132 1.4883934 1.59809 3.761359 -4.2919316 1.8492148 43.468155 1.4102643 9.640956130962724 
Car -1 -1 0 468.1410645777333 183.32911730291158 506.99179126387384 210.76126330020028 1.429876 1.5917807 3.9955597 -6.9036384 2.0564706 41.152004 1.5570277 4.821570899301439 
Car -1 -1 0 697.3542200355894 163.53659626320274 771.1813533903609 191.47631926798974 1.6666796 1.6964654 4.1606946 7.569154 1.1108712 44.008663 -0.057802126 3.6982281004149264 
Car -1 -1 0 863.6708105071664 160.88320269308664 919.2494124232824 183.95998257823277 1.4085803 1.6479475 4.215644 17.974173 0.67789626 46.206646 1.4940275 0.2999538779258728 

