Car -1 -1 0 713.1610871506788 179.84860355917277 818.2114987339501 247.4328484063618 1.449954 1.635474 4.2261395 3.7530527 1.64557 18.049828 1.5505193 66.5428655116459 
Car -1 -1 0 849.517206061473 189.21289820869802 1226.6834190444088 375.0 1.4624915 1.6358073 3.8900595 3.8478856 1.6737885 7.346851 1.6062183 103.19651709879476 
Car -1 -1 0 367.1639541813961 185.59250425788238 473.2918440212544 255.70820355698405 1.4905524 1.58836 3.6552045 -4.5525765 1.8384012 17.856354 1.5954099 77.92674483262267 
Car -1 -1 0 224.10212056181754 189.9567858114379 413.610138920371 300.4132483398184 1.4742757 1.6169573 3.8195202 -4.642564 1.807565 12.142695 1.5813936 111.427139541181 
Car -1 -1 0 760.8909475036202 182.34362600597242 910.8740016685729 281.61324791654545 1.4682552 1.5998087 3.6364841 3.8423471 1.6614927 12.857742 1.5922172 86.46771645504772 
Car -1 -1 0 426.9633004001256 184.89253922114284 508.7483295159687 236.43234755711822 1.4364846 1.6625304 4.257382 -4.452156 1.8608114 23.27514 1.6067162 56.2378929706748 
Car -1 -1 0 516.5679191996653 178.87652856722545 557.9083031920213 208.156416951773 1.4863197 1.6004694 3.5378745 -3.8820524 1.8289293 39.213963 1.6595521 24.302117158250457 
Car -1 -1 0 697.6861043806414 180.39819739864686 766.1521784033843 231.78775012841467 1.4827178 1.581089 3.663222 3.8453736 1.7443223 23.188166 1.5713856 18.054584020805546 
Car -1 -1 0 689.9479263745235 177.87579217199735 743.8417947722273 218.9613646399514 1.501508 1.5801197 3.6687236 4.1944914 1.7137403 28.656153 1.5665565 23.293564038373113 
Car -1 -1 0 562.2631163428765 176.36491621588627 603.90861336826 190.18976904924756 1.4686338 1.6529648 4.354022 -2.847093 1.8535421 78.12526 0.070773646 3.759323164808266 
Car -1 -1 0 669.401608738075 178.34710564572052 722.9474703748072 212.59211200319834 1.486533 1.629282 4.1110516 4.0252542 1.7626419 34.136353 1.4625723 0.6449705194777652 

