Car -1 -1 0 49.324709424861716 184.39223617072528 317.2329709335192 318.0930522978204 1.6185628 1.6898783 4.204644 -6.2284355 1.831408 11.204241 1.566503 141.59886174384215 
Car -1 -1 0 272.72145220996373 185.22658595735902 405.8174977791991 260.1510131535507 1.5543077 1.6544116 4.0692306 -6.4455433 1.89309 17.701962 1.596195 61.032405084452996 
Car -1 -1 0 505.35856450918004 179.8288541239065 547.7793740924874 213.34666853527918 1.4858503 1.6636602 4.059661 -3.9521604 1.8428442 34.884037 1.5503105 40.25878938749636 
Car -1 -1 0 479.8259183601741 180.45540160921277 510.72661035771705 207.97109186434483 1.5281913 1.6248819 4.1666985 -6.8314724 2.0083797 43.422867 1.4650955 13.293914982175355 
Car -1 -1 0 408.83534328720947 185.31343857251662 469.36053877429555 226.01332895842944 1.4196708 1.6103908 3.9817173 -6.6324234 1.9456327 28.433626 1.5254298 35.674406355270555 
Car -1 -1 0 627.0542234013402 176.01963333615922 654.5159614298481 197.7189598784528 1.4367013 1.6403241 3.7485151 2.1383567 1.665379 50.224308 1.5409365 14.061092561759468 
Car -1 -1 0 699.1331251717619 165.67375129741447 769.8517739107491 191.32355514356834 1.6118195 1.6839827 4.2047367 7.9768896 1.1606164 46.280003 -0.04657991 5.817003659188495 
Car -1 -1 0 698.5075527079835 170.11249334154664 774.8187363871632 196.20341951986384 1.5333767 1.6918315 4.302073 7.5798655 1.3722568 43.296715 0.021322079 7.863958236895165 
Car -1 -1 0 1065.9709964840151 152.79335498867098 1169.6161317879728 198.0463973746725 1.5097868 1.6140285 3.905683 18.2664 0.84049916 26.1439 1.7631074 5.358303929818833 
Car -1 -1 0 527.6095305699154 178.0440402912095 560.2860659845459 201.97976478147993 1.4728065 1.620703 3.7613301 -4.337306 1.827457 47.28836 1.3392403 0.6079695409673368 

