Car -1 -1 0 721.9178642125052 178.4862305997521 895.2236025540491 290.3068579386081 1.5149641 1.6506726 4.116421 3.084635 1.625426 12.068241 1.5396621 113.13565362217783 
Car -1 -1 0 0.0 203.2668487935555 242.49441037821995 375.0 1.4977621 1.5504642 3.5224848 -6.0648365 1.9334599 8.551477 1.6030861 100.70898991895552 
Car -1 -1 0 200.15108011950144 195.57267657836636 383.935792017588 290.3693917949537 1.4485861 1.6486603 4.18522 -5.96907 1.9612217 14.161465 1.605134 119.74243371901265 
Car -1 -1 0 365.9830974698791 181.89621317581472 460.94004403716815 239.6353836915845 1.5676594 1.6947155 4.1951246 -5.945191 1.8746724 22.376726 1.6005927 63.018364936441316 
Car -1 -1 0 553.0648538193611 179.59723756108062 580.0162966370775 201.69842405256728 1.5148938 1.6104732 3.967897 -3.1049027 2.0260906 52.690613 1.6023148 13.801760169342922 
Car -1 -1 0 424.86387931486246 183.12466901441667 492.2396260646015 225.76749356891509 1.5261058 1.6327703 4.128757 -5.9633465 1.9680836 28.943546 1.626187 13.872397679755215 
Car -1 -1 0 517.47575693674 179.7371559467834 548.6206734492428 201.50817224676888 1.5446366 1.6600797 4.0574365 -5.7463074 2.085266 54.590626 1.6407162 11.76930353206364 
Car -1 -1 0 479.91280034084616 181.89863208350855 518.7799859130752 210.43455325944913 1.4412977 1.5908318 3.776877 -5.98896 1.9607509 39.542744 1.5601671 10.652838239099873 
Car -1 -1 0 639.2973038584205 175.15962649596017 661.021631954746 193.97326052248772 1.5339607 1.5886524 3.8111715 3.4766638 1.7362189 61.306946 1.6947343 0.30282536149024963 

