Car -1 -1 0 505.7385728978605 186.28613763180957 644.7124843824514 270.4526571934693 1.3869373 1.5889276 3.912927 -0.84291434 1.6994419 14.675358 1.1767346 111.7381246952204 
Car -1 -1 0 405.86202508432774 180.17507336712174 463.32134313374127 220.50053543547926 1.445822 1.6062727 3.8742135 -7.0247397 1.7585876 28.728146 1.1671895 54.753909581221784 
Car -1 -1 0 0.0 199.00569753472308 150.2643102085376 312.0760878349449 1.4705627 1.5879061 3.7417684 -9.0832615 1.9919634 12.35466 1.13306 58.26366900578659 
Car -1 -1 0 221.01312771740376 185.76687340138602 265.0256580826528 216.5118213326453 1.5419489 1.6505516 4.147251 -20.399223 2.302895 40.289955 1.2350994 15.22154412184107 
Car -1 -1 0 1005.6650957730667 151.42141344228946 1135.6344568197385 235.24874046842237 1.4357514 1.5389147 3.4206405 8.925841 1.068665 14.231659 1.9484861 27.16607729399641 
Car -1 -1 0 397.4607623201323 178.46124910588105 434.7868423091862 212.98514489607706 1.4953723 1.6062522 3.997546 -9.102148 1.7768121 34.080864 1.3230877 10.565643621699012 
Car -1 -1 0 589.4491267770275 164.88239893712165 682.9132234645966 203.13498263574434 1.5644246 1.6085836 3.6996045 1.1517521 1.2384081 30.821552 0.29845572 24.52643580803801 
Car -1 -1 0 658.1517972739891 122.11556551224727 1097.229734716206 375.0 1.9938958 1.7620962 4.5765266 2.265306 1.6322083 7.5954065 1.2109139 86.4729776106582 
Car -1 -1 0 378.00091791020145 177.65502069524644 399.1476505725906 196.7778909688529 1.5243781 1.6362908 3.8846598 -18.548018 1.9419363 60.66123 1.2900326 3.646212147437325 
Car -1 -1 0 778.1751394604505 140.9754113477863 842.3325411837473 169.93234272653484 1.5194077 1.5782821 3.583705 11.124576 -0.17075354 40.212265 1.181688 0.2922520935535431 

