Car -1 -1 0 687.2773177894878 176.2731776400436 811.3607932781615 269.01236641829126 1.6682823 1.6663406 3.98558 2.768426 1.7497339 15.158933 1.5240325 126.411787830627 
Car -1 -1 0 610.3517574707133 177.37105655391645 641.8256289803319 199.47612162427924 1.5314536 1.6164157 3.7010074 1.1716926 1.8739715 52.751354 1.399446 16.34527905066586 
Car -1 -1 0 332.47959755335853 185.81479976050358 479.35141490048494 237.76509296323502 1.4781959 1.5947398 3.9761863 -6.073223 1.8847009 21.790192 0.021670073 23.114476243568323 
Car -1 -1 0 384.21738972700587 179.2168281186521 480.4938401021624 215.9220647325752 1.540432 1.614313 3.7862036 -7.6565323 1.8245118 31.390593 0.008788885 5.063512476972901 
Car -1 -1 0 680.7063393407102 178.34082114572143 748.7830468299773 207.60503620605428 1.5116706 1.6196992 3.983169 5.7981963 1.8335254 40.197376 1.0408654 5.649228042801374 
Car -1 -1 0 276.14570047898616 179.43982841264815 420.91475196923767 259.66451226856844 1.6893513 1.725124 4.4156256 -6.234474 1.8727205 17.82758 1.6400388 0.688154999441637 
Car -1 -1 0 600.33466429448 175.69481886750972 619.4378152365485 194.26969165399038 1.5312229 1.5912678 3.976029 0.0019514561 1.7835455 62.089287 1.5579886 0.5806122492672603 
Car -1 -1 0 204.51721720417007 179.96653511283637 413.362941011869 324.52006689490764 1.5866516 1.5120282 3.1361585 -3.7926965 1.6973119 9.650427 1.5607197 0.5591142398970057 
Car -1 -1 0 399.43502585045576 179.55039966746764 493.5925432518398 214.5573256944373 1.5643727 1.6515833 4.0022426 -7.498319 1.882603 33.43079 -0.016444406 0.2888357937335968 

