Car -1 -1 0 694.3487212782319 162.78643244198642 840.9398066749304 267.42871839039793 1.5132463 1.5928638 3.7384715 2.5126624 1.3676578 12.3246155 1.5433869 91.43511140833661 
Car -1 -1 0 662.5716679640021 159.84151509913346 761.6154511169354 227.36206336987206 1.4908628 1.6671667 4.36995 2.433095 1.2035453 18.155613 1.5207183 54.34494037497794 
Car -1 -1 0 315.71180948745445 165.69311156112204 467.7347997712429 264.40662358967313 1.5516102 1.656518 3.9765162 -3.816948 1.439053 13.340417 1.5575452 111.58502745052206 
Car -1 -1 0 768.4093885594164 169.5715527519845 1060.6063355060464 352.8489388552003 1.5209885 1.5660104 3.306148 2.9224052 1.493748 7.683596 1.5128083 97.07495464169723 
Car -1 -1 0 405.1771383245728 166.26406808814147 498.5617616852734 229.87944394560014 1.5003779 1.6231407 3.9796157 -4.026325 1.3449533 19.014433 1.5620111 54.500616994926894 
Car -1 -1 0 470.0578006113357 160.21647258015318 523.3350787933153 200.30322619176502 1.5191193 1.6315328 4.123275 -4.5259023 1.04021 29.425858 1.5441837 18.747567268252645 
Car -1 -1 0 654.9405544815713 155.62085122870286 724.9624203933924 206.31093135327106 1.5336258 1.6441697 4.181468 2.5707486 1.0122377 23.962633 1.5161064 23.632612810647252 
Car -1 -1 0 644.5980719703502 153.24281001908466 697.0639135181743 196.1482037527383 1.6681048 1.6456057 4.0055966 2.4845853 0.9056476 30.096127 1.5176238 14.704059463782029 
Car -1 -1 0 619.4381323915627 156.79517953514448 648.7960506623557 179.3232313613222 1.5477437 1.6205677 4.0438294 1.7186377 0.44445503 51.657055 1.4828293 8.99804612560266 
Car -1 -1 0 448.9548064725827 162.3248090114045 507.51305043554515 208.4004680230237 1.452757 1.5391061 3.5823727 -4.3998995 1.1207734 24.582914 1.5125251 7.588799327712499 
Car -1 -1 0 809.306821024091 139.71102769845388 884.034636891363 164.12798136160606 1.4548461 1.638521 4.223893 14.718131 -0.5577942 44.969505 0.16416907 1.818176731230749 
Car -1 -1 0 801.3408270581734 136.79924615874853 888.6086098800196 167.2129798886793 1.5095297 1.6503665 4.0266304 12.084938 -0.2991747 37.231712 0.106971174 1.103881134411634 

