Car -1 -1 0 373.7656626864071 186.42517509993482 476.329820909946 257.5305648678693 1.5035717 1.6514002 3.9470186 -4.464985 1.8799536 18.015177 1.5427372 124.14711368888702 
Car -1 -1 0 690.8707721254979 174.5760791015676 783.2336475053842 248.07360583956492 1.5798104 1.5836122 3.519614 2.954296 1.6254421 17.355658 1.5658013 70.89905979663587 
Car -1 -1 0 718.743554220679 175.56606037718137 894.8287211141849 296.03551104375197 1.5061715 1.6430666 4.0442724 2.7978044 1.5556738 11.141201 1.57901 125.21289104836835 
Car -1 -1 0 435.48524716899595 176.27362499426084 507.4154779135395 235.4646456921576 1.7517912 1.6196982 3.771001 -4.3961434 1.8719083 23.458435 1.5699509 77.32988299123758 
Car -1 -1 0 0.0 194.15703036614235 242.85208103255536 280.602653276431 1.4461085 1.5921892 3.8601468 -9.119508 1.8664074 13.366993 0.037878886 106.10930677144748 
Car -1 -1 0 666.0527702173215 173.67658755112953 726.3174751050747 220.96241132421844 1.5725105 1.6188467 3.769843 3.0398662 1.6042883 25.967827 1.5433172 42.999145578500475 
Car -1 -1 0 472.6177508418998 177.33718697266477 534.8281696271226 223.23462765989532 1.6830897 1.6797957 4.1905317 -4.167532 1.876642 29.013838 1.6241529 16.210744522340022 
Car -1 -1 0 532.0487414797382 178.76288747303988 557.4600385975854 195.94162370481405 1.4373957 1.6031566 3.9584851 -5.7736444 1.9784355 63.948547 1.3130457 1.5294223842375179 
Car -1 -1 0 591.7811916733081 176.77032581800276 610.9949391400982 190.84321932691103 1.5053151 1.6088326 3.5425186 -0.9286746 1.9503069 80.10522 1.4055368 1.1338700889003561 

