Car -1 -1 0 611.1939710629443 180.82612955871681 690.6925982300161 237.4255634803669 1.4686437 1.5640043 3.321363 1.1222242 1.72026 20.997887 1.3877152 99.91972824639066 
Car -1 -1 0 781.751824380174 179.71595518511737 1209.53749532243 375.0 1.5381706 1.6074526 3.4689813 2.8888133 1.6153688 6.303049 1.4572451 68.2269240269264 
Car -1 -1 0 547.2424246253153 178.4043823344044 629.5032149568558 209.12990292485637 1.4397101 1.6169528 3.9764771 -1.0324601 1.7338996 36.365883 -0.6793239 56.39330946850892 
Car -1 -1 0 675.5946929292577 174.9918394128815 764.6262120736179 210.1803728493086 1.4850445 1.6208376 4.0750027 5.0289717 1.5871692 32.57437 -0.6637252 45.20249588214749 
Car -1 -1 0 806.9872537589971 171.26926856669243 872.1587078914558 200.9011338509756 1.5155184 1.5731514 3.537233 12.324618 1.4344673 38.598793 -0.6492541 43.64557796330964 
Car -1 -1 0 742.2513765942165 171.0831798483659 821.1473542658 203.46376358501743 1.5071754 1.6445496 4.2247276 8.53434 1.4247513 35.595016 -0.71954155 38.01861406489545 
Car -1 -1 0 942.7403792552243 171.36168279577933 1028.839596196744 205.88725777875283 1.5329293 1.581856 3.4752612 17.44623 1.4666705 33.545 0.48418015 4.964057519051013 
Car -1 -1 0 282.96644368137106 178.12804278794312 330.54527418239115 205.6982483740808 1.4804538 1.6137152 4.035843 -17.516415 1.800247 41.649673 0.93185353 7.2352140033488075 
Car -1 -1 0 845.3773659481849 170.1789120772005 894.6327878431458 199.23868094583463 1.5780929 1.6424503 3.855198 14.790005 1.4328219 41.161205 1.6374925 3.1450506178031574 
Car -1 -1 0 220.39624437074391 175.4279849380905 283.1135393993916 202.58184750030426 1.5977405 1.6342814 3.8664103 -22.165115 1.7649624 44.856895 1.6935384 0.6410999004736807 

