Car -1 -1 0 450.8662681136821 181.8857824705551 508.7435185482343 221.39425462349237 1.4316655 1.5968308 4.0608 -4.8957644 1.3109996 28.090843 1.5563635 40.540322499128706 
Car -1 -1 0 0.0 195.46495827647115 351.1784635101724 375.0 1.4350276 1.6300731 4.052798 -4.0431 1.5640156 7.0170584 1.5750172 102.24993442433761 
Car -1 -1 0 377.20122945232555 187.02370702987582 478.72446341433874 249.01072704092775 1.3917816 1.5863727 3.6783655 -4.383892 1.441963 18.100119 1.586972 84.86925175344608 
Car -1 -1 0 331.4411012877279 179.24532564433153 404.8733776203371 224.83808483788192 1.5537534 1.6531866 3.679984 -8.676287 1.3502893 26.381718 1.5141222 37.119000350303324 
Car -1 -1 0 578.7335261352841 179.37992945837732 608.7836310086365 207.1589266526085 1.4190731 1.5181916 2.8112397 -0.68342215 1.1209564 38.134285 1.57922 18.06156767413597 
Car -1 -1 0 133.23773135722823 196.7512072901735 303.8893489227395 288.752636391389 1.7186583 1.7027137 3.9294798 -8.363125 2.0056248 15.903933 1.5538334 46.34715573469235 
Car -1 -1 0 493.6063506740385 181.7168985912156 532.3908451951489 210.29166873248153 1.4174255 1.5431691 3.5955248 -4.8597264 1.2438707 37.45747 1.572755 13.036710602451093 
Car -1 -1 0 166.05729925857972 168.47327246104325 280.79695387532155 229.9589269216363 1.823781 1.6886604 4.2441974 -12.367771 1.327169 23.491018 1.5115261 15.265479465208616 
Car -1 -1 0 324.3422814882953 181.3010056939592 384.27176845486747 213.7069585029243 1.5337615 1.5937765 3.9396043 -12.581813 1.3484806 35.998005 1.5771445 2.778505881600888 
Car -1 -1 0 0.0 187.27555442410076 123.92079258171968 246.84557875503458 1.5618985 1.6393845 4.201924 -16.284342 1.6288245 21.17741 1.4600787 1.787804254901675 
Car -1 -1 0 384.1419331381943 175.16226424193312 417.7735383119684 194.96784925476007 1.5660028 1.6810026 4.3269486 -16.885445 0.7710904 59.035225 1.5297016 0.29719278216362 

