Car -1 -1 0 699.1404418149577 182.96278498229518 830.8466476320788 281.2065247009819 1.5307894 1.5485268 3.2818255 2.7136645 1.7403111 13.272064 1.5127919 106.90614740962718 
Car -1 -1 0 656.4646682762335 180.28890353692543 748.3912905723976 251.52877972711366 1.5438864 1.5969963 3.677941 2.19214 1.7479167 17.915503 1.5085121 70.2060766098168 
Car -1 -1 0 397.17558865219905 183.63635716321778 492.4463280767642 251.52172893889886 1.5229392 1.6375862 3.8502107 -4.150378 1.831847 18.736624 1.5585533 100.88319631941462 
Car -1 -1 0 796.292066096248 188.3221141346742 1169.869036490258 375.0 1.5219862 1.5801944 3.3348951 2.998426 1.700115 6.6065903 1.5240552 101.31971712583437 
Car -1 -1 0 638.7804167415271 178.73355142202024 709.6796161000785 229.74621402781364 1.4841286 1.6710438 4.3614273 2.0232644 1.6957266 23.73671 1.5054929 28.591045878366323 
Car -1 -1 0 440.3562235184214 184.30901874819992 510.0934608498206 233.26921427800966 1.4536691 1.6175362 3.9648225 -4.434675 1.8714824 24.33432 1.5697687 18.164870465320487 
Car -1 -1 0 623.8350718778071 177.48430851754233 667.0791542706287 210.96955184337025 1.542619 1.5565288 3.5505319 1.7215456 1.7830348 35.608597 1.4515194 10.514215316823359 
Car -1 -1 0 482.8069952626412 179.19983954654538 518.1041884802255 214.29460757480535 1.5502962 1.5831032 3.961685 -5.195244 1.8735098 34.68529 1.4442238 2.446603386300377 
Car -1 -1 0 604.1444096671797 177.03840456452033 629.0385924201444 197.42214677604764 1.5330065 1.5928007 3.8157098 0.52445567 1.8752755 57.046925 1.4798998 1.58534093739603 
Car -1 -1 0 633.6202029458844 176.00778585789718 682.2681043824219 216.41691605235562 1.5488579 1.5974021 3.7904358 1.9415021 1.687921 29.88639 1.525903 1.3124801798556192 

