Car -1 -1 0 750.9294092836957 190.46654248444042 1003.8934128953523 287.79004587927665 1.506917 1.6309314 3.7782683 4.5321836 1.8363205 12.511347 -0.0908076 136.8038420270917 
Car -1 -1 0 47.2133989446918 187.64765613202226 321.05141267569815 276.03546961270706 1.4957919 1.6503382 4.1192536 -7.7963552 1.7939837 13.544498 -0.086161464 129.4835343953451 
Car -1 -1 0 455.0586061116391 184.61986573810316 488.73011461972743 210.23145990277163 1.6844983 1.6119682 3.534504 -9.795668 2.550782 51.182545 1.1617095 14.183254488202264 
Car -1 -1 0 982.1577840040956 190.26488283569768 1045.8879594639893 215.79323089066597 1.5339897 1.598813 3.7873275 26.907162 2.7442036 48.133087 1.3565685 26.873387009021748 
Car -1 -1 0 713.0233028676356 191.37243550123904 919.0528641090624 270.48338375285897 1.4813797 1.5833505 3.7618551 4.1515045 1.8856187 14.843133 -0.062339514 18.81974931818869 
Car -1 -1 0 268.00340523298775 174.2668155732062 383.90955098483136 224.56113278859814 1.7971032 1.7112246 3.935791 -10.594301 1.853125 27.23501 -0.28592765 14.431654207694264 
Car -1 -1 0 181.44143686837634 179.07733528328052 355.8520017333218 249.03811468675275 1.6554111 1.6732881 3.7687116 -8.599629 1.8256465 18.513935 -0.2173363 10.572680443118228 
Car -1 -1 0 1052.5185754711933 193.80622870920922 1121.8398161177267 230.47424026365832 1.417068 1.62037 4.0713515 21.287348 2.4064453 32.102844 -0.7375963 7.186936470895088 
Car -1 -1 0 226.75563272237125 181.15815227863337 377.58404028010574 238.9000465986473 1.5675066 1.6294241 3.7904093 -8.855883 1.8232508 21.069954 -0.18613015 6.217411637641449 
Car -1 -1 0 114.90652574032971 181.57672615128737 329.27183446267145 256.804235478729 1.5505582 1.6195349 3.8710349 -8.466089 1.7555788 16.024029 -0.06572162 2.50953636193 
Car -1 -1 0 258.6213200201122 170.46279485232247 289.0611922990093 190.0623702562459 1.5154867 1.5908335 3.9261942 -26.89321 1.3305926 57.89528 1.3004107 0.250767320394516 

