Car -1 -1 0 657.098593526566 181.78145145824234 715.9018345920529 234.1239946718955 1.6265442 1.6438153 3.5164828 2.5707688 1.9548992 24.78002 1.570585 69.64560680199438 
Car -1 -1 0 243.7753765735486 190.6415066263675 488.67991677297937 354.53359715316196 1.5032693 1.6806874 4.3106966 -2.751104 1.7842543 9.24205 1.5714672 139.1414257861263 
Car -1 -1 0 495.38077105741627 186.8755755118014 554.4241003031174 237.28321834615656 1.5164034 1.582824 3.474854 -2.7932713 2.024607 24.41256 1.5729725 62.03735897296714 
Car -1 -1 0 729.4618804571139 181.6277481665948 918.4972580981643 317.24489156033945 1.6008408 1.5443256 3.5294619 2.9123225 1.7511777 10.55714 1.5131221 58.83482220257141 
Car -1 -1 0 640.1342581976857 179.9656398132308 683.2834413422877 220.00016512570807 1.76229 1.6556182 4.3088427 2.4449089 2.1258364 34.70967 1.5446963 12.71616126194655 
Car -1 -1 0 547.2091266404285 184.99599195972394 579.7859971757545 209.63948241530537 1.5347061 1.6086117 3.8323836 -3.078889 2.3906 48.87625 1.6680678 8.293416411179122 
Car -1 -1 0 636.5713844167256 178.93869388500534 664.2834993526423 208.6036585024442 1.8957376 1.6662874 4.082253 2.7357135 2.3261328 48.992912 1.5747635 2.576333971631991 
Car -1 -1 0 649.950418078749 184.66800374676592 695.6134895123471 225.85584966458956 1.5095202 1.5761497 3.7019324 2.514707 2.0208805 29.371187 1.582473 2.610241788979981 
Car -1 -1 0 528.442547987644 181.36891958499447 551.8637394033141 199.01887073238842 1.5044918 1.6055882 4.0035453 -6.3478146 2.3048947 65.69287 1.3418225 0.5587968936433045 

