Car -1 -1 0 625.4241330826636 179.95856152508162 680.0930351537982 217.17291449361826 1.4948459 1.6635456 4.2370644 1.8422303 1.8319848 32.032776 1.4434843 43.68040875399385 
Car -1 -1 0 934.1795095463013 191.4035927872546 1242.0 334.0226167542383 1.4775562 1.6096117 3.7933755 6.099027 1.7185818 8.534649 0.019007282 74.36002696557946 
Car -1 -1 0 43.46906513628564 176.62371332299662 342.96536116083075 280.5103054280426 1.6281111 1.6904589 4.125511 -6.935974 1.6980104 12.379739 -0.075933464 82.89119043892872 
Car -1 -1 0 756.8364888713681 185.97294566848052 965.3990617637352 254.92452566562858 1.4507667 1.6215463 4.2027626 5.654275 1.7679586 16.494392 -0.06769807 41.66146641881509 
Car -1 -1 0 799.4922076409506 187.38795170481706 1053.4929957715406 273.6174105426003 1.4561085 1.6055117 4.151754 5.882259 1.7515296 13.604189 -0.12841634 56.647257212483545 
Car -1 -1 0 382.4785579496054 179.46755785038502 494.2118029707783 217.87703466252228 1.4705894 1.6115186 4.0595927 -6.7662573 1.7420001 28.764053 0.020308658 16.402978877668378 
Car -1 -1 0 889.1936654381498 188.54987646959265 1194.1682946269943 297.3844753194645 1.4870179 1.5936025 3.7782824 6.481686 1.747735 11.055817 -0.07128184 32.26054027889532 
Car -1 -1 0 359.0610188224671 181.16408260341342 474.4668699838417 223.46256895522058 1.4655645 1.5873307 3.7482657 -6.933824 1.7766986 26.172789 0.025933776 23.992260288298603 
Car -1 -1 0 137.51858137370903 165.13710260634738 381.82621430367607 257.96713666667426 1.7962611 1.7150677 4.203166 -7.0647497 1.646939 14.894636 -0.036127113 71.86233465115738 
Car -1 -1 0 443.37644098202395 174.46464464318703 524.1895940190531 203.0335525933968 1.5357487 1.6601506 4.1409764 -6.890125 1.6265155 39.774437 0.027860695 7.726788206592581 
Car -1 -1 0 612.5378739229993 177.42250755414727 646.11767987015 202.1754866244727 1.5260425 1.5476636 3.671411 1.2518924 1.8367031 47.131096 1.4143828 4.098289687931229 
Car -1 -1 0 750.285148003582 176.07940961351161 922.4048356967045 242.48587325015504 1.6424462 1.67833 3.9525752 5.821431 1.730551 18.820862 -0.025144309 8.067283374651257 

