Car -1 -1 0 709.1066246663395 188.07205576236112 883.2364260865571 306.6386076909931 1.4739625 1.6609005 4.181139 2.7530382 1.7632773 11.613604 1.554585 103.52386313717074 
Car -1 -1 0 309.6170847975226 191.1933097031712 488.67765457922684 312.0943405567745 1.4740024 1.6432633 4.132021 -3.0945868 1.81859 11.490622 1.5717126 95.58797886933858 
Car -1 -1 0 0.5624642809693319 202.64907784118856 422.6097112302631 375.0 1.443102 1.586244 3.6718311 -2.8223867 1.7712018 6.0971484 1.5548356 65.5375730242474 
Car -1 -1 0 658.8544363765196 185.91462715506015 735.1208190833408 242.29124605230243 1.4934256 1.6108531 3.826915 2.5665624 1.9270326 21.98948 1.5005685 52.66574893380999 
Car -1 -1 0 686.243803970915 189.26140793190072 784.7276711555712 263.2743344422757 1.4457414 1.5861458 3.7636461 2.809312 1.871465 16.827858 1.5552698 45.65498509048082 
Car -1 -1 0 492.29291257267926 187.38014285469288 551.9528677654849 237.3567257372461 1.4752985 1.5930318 3.9963584 -2.883045 2.0085173 24.476732 1.5567912 56.76175263577077 
Car -1 -1 0 652.0606492712134 174.7884006104908 711.0051879521787 229.1303769771679 1.8472527 1.6300046 3.7702549 2.576502 1.9236758 26.585089 1.5242399 36.19183083180493 
Car -1 -1 0 530.132646466181 183.33853461027743 567.8531530302246 218.11022880784876 1.5470642 1.5861201 3.8778052 -2.9065013 2.0874233 35.233864 1.5522771 20.795570233783923 
Car -1 -1 0 634.9250000385624 181.4069546039281 661.2180686501029 208.28663347757347 1.5629774 1.572406 3.7538533 2.3972154 2.1200917 45.085835 1.6195716 16.13480412386638 
Car -1 -1 0 563.8040850043662 181.18027020913615 583.8460326128968 200.05354410520832 1.5203993 1.6075882 3.949743 -3.0367167 2.257401 61.875233 1.5490683 5.841676969574173 

